16 16 0 0 6847.5361338
1 32 8 1 1768.13492201
2 16 4 0 2956.63170219
16 32 0 1 6540.35798564
4 32 2 0 4606.76593537
16 16 0 1 6663.66973409
16 16 0 0 6846.91050264
8 16 8 0 3618.58598721
4 32 2 1 4258.71725368
16 32 0 0 4537.60857218
16 16 0 1 6379.45861558
1 16 15 1 1965.08693256
2 32 4 0 3120.39050985
1 32 15 1 1737.46027784
16 32 0 0 5022.75940904
2 32 4 1 2975.12084981
1 32 1 1 2002.58385696
4 16 2 0 4314.89010017
16 16 0 1 6323.36048233
2 32 2 0 3062.14395037
2 32 8 1 2474.4413785
16 16 0 1 6850.6924696
16 32 0 0 4943.45779493
8 16 1 0 5921.89579448
1 32 2 1 1565.41338315
4 32 12 0 2355.5372246
16 32 0 1 5664.99179438
16 32 0 1 6946.01782578
1 16 8 0 1493.75966256
16 16 0 0 6792.73850897
16 16 0 1 6725.30496203
8 16 8 1 3191.66823168
2 32 14 0 1875.241167
8 16 8 0 3180.62271482
1 32 4 1 1885.22707038
1 32 15 0 2061.37585254
16 16 0 1 6553.92728189
16 16 0 0 6372.30537083
1 16 2 0 1438.20205335
16 32 0 1 6661.54959721
4 32 12 1 2394.40933422
2 16 4 1 2671.27262925
16 32 0 0 4824.47287519
2 16 2 1 2886.55957187
2 16 14 1 1621.36727546
8 16 2 1 4235.47201589
1 16 15 0 1410.41211938
16 16 0 0 6760.90965306
16 16 0 0 6444.88920198
1 16 4 1 1952.34029645
16 16 0 0 6531.71443014
4 32 8 1 3034.0250793
8 32 2 0 5697.9052629
1 32 15 1 2146.95344317
8 32 4 1 4561.05753001
8 16 1 1 6049.14798394
1 16 15 0 2182.9086055
4 16 12 1 2253.08308375
8 16 2 0 4616.11477908
2 32 14 1 1799.14922666
2 16 14 1 1530.69357547
2 32 8 0 3255.33711833
8 16 8 0 3468.5122929
4 16 8 1 2711.32096837
16 32 0 0 5513.82280078
8 16 4 0 4112.16085968
2 16 2 0 2988.3338608
8 32 2 1 4112.40134652
4 16 2 1 2961.15672805
8 32 8 1 2660.90001599
4 32 8 0 3123.64755952
16 32 0 1 6557.0052833
4 32 1 0 4174.89263473
2 32 14 0 2201.67258571
4 16 1 1 4403.56035928
16 32 0 0 6958.0958441
16 32 0 0 6266.39362272
4 32 4 1 3382.72716878
2 16 1 1 3121.14210617
2 32 14 1 1969.06589899
1 16 15 1 2136.14480247
16 32 0 1 6675.99492482
4 16 12 0 2552.12934144
16 16 0 1 6648.13269498
8 16 4 1 3039.55945348
1 16 2 1 2328.67134613
8 32 4 0 3847.60804483
2 16 14 0 2312.89612108
16 32 0 0 5560.04934459
16 32 0 1 6663.44172455
4 32 12 0 2294.55348495
16 16 0 0 6571.59363899
16 32 0 1 6644.56298133
2 16 1 0 2804.11323519
8 32 1 1 5666.08327126
4 16 8 0 2480.11264385
8 32 8 0 3215.39769112
8 2 2 1 3119.65582752
2 2 14 1 1056.35484242
1 1 2 0 1614.49343515
16 1 0 0 3888.2567546
4 1 1 1 1678.38209977
8 2 1 0 3508.78723232
16 32 0 1 6433.06495458
1 1 1 0 1568.93146038
4 1 2 1 1690.87321952
2 1 14 1 1784.66636165
8 1 4 0 1942.80575627
8 2 8 0 2521.27529738
2 2 14 0 1815.71820731
16 1 0 1 3478.76740874
4 2 12 1 2112.02065198
2 1 8 1 1381.32911772
4 1 12 1 1823.8354659
16 1 0 0 3586.08414896
1 2 1 1 1666.22469872
4 1 1 0 1659.37327041
2 2 4 0 1915.83020384
1 2 15 0 1945.49829413
1 2 2 0 1679.63948932
8 1 1 0 2501.85038203
16 2 0 0 3328.52193779
4 2 8 0 2054.47494151
2 2 14 1 1928.41966358
1 1 15 1 1758.85332872
2 2 14 0 1808.92960773
8 2 4 1 2461.66021884
16 1 0 0 3683.27970069
4 2 4 1 2152.72072885
16 1 0 0 3483.42731807
16 1 0 1 2815.20982278
8 1 1 1 2247.33868497
2 1 8 0 1146.2258021
16 1 0 1 3529.75912041
8 1 4 1 2040.74049418
16 1 0 1 2907.25977544
2 2 2 1 1502.31587094
4 1 12 0 1613.88527239
16 2 0 0 3306.30117271
4 2 4 0 2108.90883977
8 2 8 0 2835.16690603
1 1 4 0 1660.57906513
16 2 0 0 3389.72549557
8 1 2 0 2285.1203602
16 1 0 1 2853.70268168
16 32 0 1 5607.64366311
16 1 0 0 3416.23269563
2 1 1 1 1201.04406699
2 1 14 1 1590.25481146
8 1 8 0 2143.9910542
16 1 0 1 3608.70076513
16 1 0 1 3270.02129985
16 2 0 1 4297.79606835
1 2 8 0 1895.24052097
2 1 2 1 1274.49437515
1 1 1 1 1773.01927543
4 2 8 1 2218.39784686
8 2 8 1 1593.09671975
2 1 14 0 1277.32213313
16 2 0 1 2922.03119106
16 2 0 1 3456.92952571
4 1 4 1 1635.4191886
16 2 0 1 2807.74163941
2 2 1 1 1702.28234241
8 2 2 0 3415.4206545
1 1 15 1 1853.93007633
4 1 8 0 1530.90893992
16 1 0 1 3197.9618297
16 2 0 0 4415.61329326
1 2 15 0 1912.89507005
8 1 8 0 2213.5238218
2 2 1 0 1896.34492707
16 1 0 0 3407.41569946
4 1 8 1 1366.44235695
1 1 15 0 1589.78679653
8 1 8 1 2048.08813854
4 2 1 1 2673.66314536
4 2 2 0 2634.5214389
16 1 0 0 3699.21236502
1 2 4 1 1803.02410907
16 32 0 0 6935.58442614
16 1 0 1 3262.30716152
2 1 4 1 1213.08849919
16 2 0 0 4195.09260406
8 1 8 1 2176.47462345
4 1 4 0 1574.58684966
16 1 0 0 3420.09034565
4 1 12 1 1643.48776565
16 1 0 1 3154.16769231
1 2 1 0 1953.87942967
16 2 0 1 3819.35226042
16 2 0 0 3226.30094673
1 2 15 1 1631.31244051
8 2 8 0 2658.39706894
8 2 4 0 1450.56293281
8 2 1 1 2466.38129823
1 1 4 1 1672.0217163
16 2 0 0 3355.63805927
2 2 8 1 1746.51199501
16 2 0 1 3287.85521675
2 2 2 0 1924.32708859
1 2 4 0 2166.48816256
16 1 0 0 3289.29779532
16 1 0 1 3187.91851248
4 2 12 0 1559.97389192
8 2 8 1 2350.3501933
16 2 0 1 3509.11207429
1 2 15 1 1839.11364586
8 2 8 1 2774.7301527
1 1 15 0 1226.32062375
2 2 4 1 1203.1983447
1 1 8 0 1636.21455043
4 2 1 0 2533.99836544
4 2 2 1 2251.2481719
16 1 0 0 3310.54784696
2 1 14 0 1533.0710524
4 2 12 1 2188.50679663
2 2 8 0 1914.19815408
1 1 8 1 1708.65202755
16 2 0 0 3761.93179798
2 1 1 0 1215.85301559
4 2 12 0 1311.40132256
16 32 0 0 5665.07824942
8 1 8 0 2129.52565388
2 1 2 0 1173.47764323
16 1 0 0 4003.74407715
4 1 2 0 1991.03029802
8 1 8 1 2149.5042826
1 2 8 1 1628.1814153
4 1 12 0 1423.04692845
1 2 2 1 1902.94472435
16 1 0 0 3763.40271125
16 1 0 1 3524.03690225
1 1 2 1 1614.96212152
2 1 4 0 1418.71599439
8 1 2 1 1652.30811651
16 2 0 1 4664.04209675
16 4 0 1 5553.15441073
1 8 15 1 2015.69448018
16 2 0 1 3652.17060126
8 4 1 0 3980.84203439
16 4 0 1 4832.19478586
2 8 1 0 2884.5400998
1 4 2 0 2310.9992845
4 4 12 0 2290.50189968
16 4 0 0 5205.79060754
2 4 4 1 2609.52532832
16 4 0 0 5946.56114991
16 4 0 0 3536.37608628
4 4 8 1 2442.44402341
2 8 4 1 2544.19031439
1 8 2 1 1343.86575261
1 4 1 0 1976.30305773
8 8 4 0 3731.39941236
8 4 8 0 2984.91952953
4 8 1 0 4231.40514367
16 4 0 1 5301.29966366
1 8 15 1 1307.32255503
16 2 0 1 3364.2422203
8 4 8 1 2942.7757257
1 4 4 0 2221.48067466
4 4 12 1 2345.14997137
2 4 2 1 2309.45602714
4 4 4 1 2409.79112932
1 4 15 0 2099.99370471
1 4 1 1 1876.88492161
16 2 0 0 3144.87046803
2 8 14 0 2382.1178247
4 8 4 1 2056.25886979
16 4 0 0 6103.53399023
16 4 0 1 5600.58426945
8 4 8 0 2567.41205072
4 8 1 1 3732.47016536
2 8 4 0 2875.41630824
8 8 8 1 3379.57720105
2 4 14 0 2031.91313188
8 8 8 1 3402.48526943
4 8 8 0 2773.0536779
1 8 8 1 1841.98499766
2 4 14 1 1042.7706452
2 4 1 0 2265.43131026
2 4 1 1 2339.78811917
4 8 12 1 2610.48562048
8 8 2 0 4268.96976054
1 4 8 0 2260.14788834
16 4 0 0 5770.04097981
4 4 12 1 2360.99744048
4 4 12 0 1152.80707156
8 4 8 1 3439.52758051
2 4 8 0 2446.36244239
16 4 0 1 5788.97335818
1 8 4 0 1381.99080839
16 4 0 0 5674.92608647
2 4 4 0 1884.70198766
8 4 1 1 4316.41720408
2 8 8 1 2127.70518712
8 8 1 0 4326.22982571
2 8 2 1 2448.0311101
1 8 8 0 2451.80315522
2 4 2 0 1764.65905835
2 8 14 1 2213.00306348
16 4 0 0 5697.29622935
2 8 8 0 2268.04124567
4 4 2 1 2472.29670269
16 4 0 1 5391.15217654
16 4 0 1 6026.90577837
1 8 4 1 2303.74567211
16 4 0 1 5349.65767777
16 4 0 0 4814.23556699
4 8 8 1 2759.53491555
1 4 15 0 2174.87851347
16 4 0 1 5334.485922
8 4 8 1 3065.03684717
16 4 0 0 5566.5749029
4 8 2 0 3445.85683499
4 8 12 0 2197.05476179
2 8 1 1 3180.9372652
1 8 15 0 2160.41807668
1 8 15 0 2168.52045171
8 4 4 0 3150.67128866
1 4 15 1 1134.03467941
2 4 8 1 1900.65960372
2 8 14 1 1948.94525184
16 4 0 0 5718.31571393
4 8 2 1 4031.76984855
2 4 14 1 1905.28039818
16 4 0 0 5837.67103751
8 8 4 1 3293.72434216
4 4 8 0 2173.79851752
1 4 8 1 2072.65779689
4 8 4 0 3918.19734111
8 4 2 0 2948.52066747
2 8 14 0 1560.79339209
1 8 1 0 2248.39097193
16 2 0 0 3925.83749319
16 2 0 1 3230.94128288
8 8 8 0 3177.27856963
1 4 4 1 1148.14714343
4 4 1 0 3320.03779494
4 4 1 1 3246.54621243
8 4 4 1 2489.80914795
16 2 0 0 3527.36665367
16 4 0 1 5881.20799679
8 8 1 1 5244.52656656
16 4 0 1 5634.74919539
16 4 0 1 5765.7483324
16 4 0 0 5579.30197014
1 4 2 1 1222.2488318
4 4 2 0 3023.26716977
16 2 0 0 3243.27954002
8 8 2 1 3934.86221131
8 4 8 0 1800.16257236
2 4 14 0 2150.51743965
4 8 12 0 2229.18976424
1 8 1 1 1969.28304494
4 8 12 1 2285.33442559
1 4 15 1 1947.98022098
1 8 2 0 2189.01535646
4 4 4 0 2462.2772013
8 4 2 1 3138.13943229
2 8 2 0 2788.58838561
16 2 0 1 3785.09426897
16 8 0 1 6318.32663328
16 16 0 0 6998.6824155
1 16 4 0 1995.52701498
1 16 1 0 2001.47892297
16 16 0 1 6694.06515727
4 16 4 0 3284.98721958
16 8 0 1 6306.65475671
4 16 4 1 3155.73267562
16 16 0 0 6336.83671944
4 16 12 0 2431.0877648
2 16 14 0 2115.08678091
1 16 8 1 2223.3855487
1 32 2 0 2213.68654887
2 16 8 1 2219.13339804
16 16 0 1 6891.01597797
16 8 0 1 5296.95573742
1 32 1 0 981.138063336
16 16 0 1 6622.55298964
1 32 8 0 1946.36432002
2 32 1 1 2990.56061419
16 8 0 0 6195.05059361
16 16 0 0 6674.31589378
16 16 0 1 6246.65110356
16 8 0 0 6253.15819417
2 32 1 0 2845.47178696
1 32 4 0 1953.89239468
8 16 8 1 3380.64368199
2 32 2 1 2943.0196075
1 32 15 0 2263.64687797
16 8 0 1 6663.07692559
4 16 1 0 4653.65913206
16 8 0 1 6028.0358251
4 16 12 1 2233.69349954
8 16 8 1 3136.26211823
2 16 8 0 3030.99369923
16 16 0 0 5988.4704858
16 16 0 1 6777.76598422
