1 4 7 0 684.158685246
8 4 0 1 2160.56905382
4 2 2 1 684.433164243
8 2 0 0 864.224954637
2 4 2 1 657.675384937
2 2 6 0 549.705321417
2 4 2 0 669.523279952
4 2 4 0 319.74066707
2 2 6 1 341.601433929
8 2 0 0 1051.61191998
8 4 0 0 2208.21864518
1 4 7 1 517.473794998
2 2 6 1 372.751261559
8 1 0 0 1112.39405993
4 4 2 0 2583.07619317
8 4 0 1 2174.77522666
8 4 0 1 2231.33598007
8 4 0 1 2232.26298913
4 2 4 1 430.445110368
8 2 0 0 1008.44515388
8 4 0 1 2035.49534498
8 2 0 0 719.289210506
8 2 0 1 1006.22408721
8 1 0 1 1442.2697587
2 4 6 1 1584.21364651
8 1 0 0 1005.93609175
8 2 0 1 1036.73469282
8 1 0 1 837.734863227
8 1 0 1 912.03493495
4 2 1 0 983.258026826
4 4 4 1 1841.14336137
8 1 0 0 1453.39602692
8 1 0 1 859.678045424
8 2 0 0 1094.52865873
8 2 0 0 822.646211968
1 2 7 0 430.911737854
2 2 4 1 379.628805962
4 2 4 1 382.06937196
8 1 0 1 717.581159963
1 4 7 1 435.029955196
8 2 0 1 822.679526505
2 4 6 1 1950.42946442
1 2 7 0 398.820963149
8 4 0 0 2267.52850121
2 4 6 0 1234.31783658
8 1 0 1 963.140965963
8 1 0 0 721.610243036
8 2 0 1 880.294044127
8 2 0 0 853.236794637
8 2 0 0 1129.12616684
8 4 0 0 2121.01540178
8 2 0 1 1428.57331768
8 2 0 0 1218.71964059
2 4 1 1 571.751161198
8 2 0 1 852.713152849
4 2 4 0 479.40516216
8 1 0 0 1379.90278447
1 4 2 0 446.777651062
2 2 1 1 432.925312449
8 1 0 1 997.658719473
2 2 2 1 450.958110919
8 2 0 1 907.177090723
8 4 0 1 2005.45337847
8 4 0 0 2046.60213094
1 2 7 1 400.018458063
1 2 7 1 452.398125711
8 4 0 0 2202.16689589
8 2 0 1 949.315230146
4 4 1 0 2497.50308978
4 2 4 0 341.912212973
4 4 1 1 2345.00458673
8 1 0 1 2234.10042952
4 4 4 0 1869.57272441
8 2 0 1 1540.59935311
1 4 1 1 418.215034328
8 1 0 0 1119.77751663
8 2 0 1 871.568459268
8 1 0 1 2050.03688984
4 4 4 0 2429.79052381
8 2 0 1 1010.55383821
8 1 0 0 1057.33074157
1 2 7 0 457.24747861
4 4 2 1 2423.25293054
2 2 6 0 357.981977664
8 2 0 0 940.482580857
8 2 0 0 862.368455821
4 4 4 1 2097.385698
8 1 0 1 1049.39680054
8 1 0 1 949.549402153
8 2 0 0 1211.16422136
2 2 2 0 467.480896809
2 4 6 0 1694.60723211
1 4 2 1 415.389255169
8 1 0 0 678.393978786
2 2 4 0 323.975046969
4 4 4 1 2246.31146855
8 1 0 1 1126.29297716
8 2 0 1 1101.56047884
4 4 4 1 2551.92515664
8 1 0 0 1190.25912106
1 4 7 0 465.511651323
2 2 6 1 302.138969956
8 1 0 1 951.022876881
8 2 0 0 796.133933734
8 1 0 0 774.021248029
8 4 0 0 2065.1191121
8 1 0 0 900.825097232
8 1 0 0 1229.10665117
1 2 7 1 396.095567153
1 4 4 0 482.616895706
8 1 0 0 1660.68269193
2 4 4 1 506.603307581
8 4 0 0 2245.18378134
8 1 0 0 587.435074485
2 2 1 0 466.623057236
8 1 0 0 1029.57308671
8 1 0 0 741.331572866
8 4 0 1 2239.98329449
8 2 0 0 927.289526051
8 4 0 0 2280.91972363
1 4 4 1 467.60073841
8 4 0 1 2049.02368428
8 4 0 1 2160.46487812
4 2 1 1 863.885898561
4 2 4 0 325.569460139
2 4 6 0 1805.80515525
4 2 2 0 588.971759341
8 2 0 1 1376.80095386
8 2 0 0 1381.21515678
8 4 0 1 2014.29326893
2 4 1 0 791.157674746
8 1 0 1 1186.94696057
8 4 0 0 2127.60405596
8 2 0 1 1135.1894383
8 2 0 1 1265.59548649
4 2 4 1 319.332835028
4 4 4 0 2363.56398821
8 1 0 1 798.236011395
2 4 6 1 836.26308865
8 4 0 0 2245.54557884
8 2 0 0 1024.73260091
8 1 0 1 1024.86494697
8 2 0 1 877.064822049
1 4 7 1 587.164954397
8 4 0 1 2152.89341998
1 4 7 0 540.497897985
1 4 1 0 383.13316992
8 2 0 1 982.168859521
8 1 0 1 541.391009187
8 8 0 0 2064.86059821
2 8 1 0 1868.46208012
8 8 0 0 2240.14186906
8 8 0 0 2458.45095359
8 4 0 1 2160.36674004
4 8 2 1 2401.45632564
8 16 0 0 2317.86287622
1 8 7 1 1704.7439802
8 16 0 1 2471.79181713
8 16 0 1 2490.67584908
4 8 2 0 2516.07797193
4 16 4 0 2237.81628768
8 16 0 1 2425.48867562
8 8 0 1 2362.97263929
8 16 0 0 2464.50028562
8 8 0 0 2279.35800994
8 8 0 0 2009.83290467
8 8 0 1 2350.01084293
1 16 2 1 1158.16863677
2 16 6 1 2176.22222798
8 8 0 1 2171.81541431
1 32 2 1 1099.92396751
1 16 7 1 1238.68977877
2 8 4 1 2712.49440539
8 16 0 0 2392.24431044
2 8 2 0 1721.72502421
8 4 0 0 2213.57813514
4 16 4 0 2225.09785955
1 8 7 1 1238.3242398
1 32 1 0 1824.92270423
1 16 1 1 1995.22064806
8 16 0 1 2464.0673054
8 8 0 0 2380.37155845
1 8 1 1 1140.1324979
4 8 4 1 2557.42593329
8 8 0 0 2294.09103105
2 8 6 0 2466.60098658
8 16 0 0 2460.39678468
8 8 0 0 2380.49344484
1 16 4 1 1228.51121112
2 16 2 0 1963.40370471
2 16 1 0 1917.98810197
8 16 0 1 2437.88524834
1 16 2 0 1825.37266356
1 16 4 0 2043.54683954
8 16 0 0 2309.81726716
4 16 4 1 2571.7300137
1 8 2 1 2077.12495165
8 4 0 0 2017.53404858
2 16 6 0 2191.64711118
4 8 4 1 1806.45024547
8 16 0 0 2372.05922116
2 8 6 1 1777.1464991
8 16 0 1 2515.85347275
2 16 4 0 2440.74912396
8 8 0 1 2367.56742154
4 8 1 1 2601.19359131
8 16 0 0 2439.46131647
8 8 0 0 2386.1749596
8 4 0 1 2092.44365398
8 8 0 0 2054.59450375
2 16 6 1 2169.24616057
4 16 4 1 2628.22832382
8 16 0 1 2082.92571382
8 4 0 0 2268.57160401
8 16 0 0 2542.9356861
1 16 7 0 1750.45451236
8 8 0 0 2390.32452789
8 16 0 0 2549.44742425
4 16 4 0 2581.61294303
2 8 6 0 2170.75975161
8 4 0 1 2177.74349703
8 16 0 0 2440.61856937
1 8 7 0 2336.07496871
1 8 4 1 2367.07620658
8 16 0 0 2446.32661108
8 16 0 1 2331.33665883
1 8 7 0 1641.32114245
8 16 0 0 2492.83477543
4 16 4 1 2551.06632996
4 16 4 1 2522.64534774
8 8 0 1 2316.75823115
8 8 0 1 2366.00654209
1 8 7 0 1338.01496449
8 8 0 1 2500.78809621
4 16 1 0 2510.65546792
1 8 1 0 2020.10123477
8 4 0 0 2153.80783837
4 8 4 1 2117.55669838
1 16 7 1 2105.15876367
8 16 0 1 2402.0746662
2 8 4 0 1882.44099372
4 8 4 0 2487.76614262
2 8 2 1 2343.4648616
8 16 0 1 2419.64106372
8 8 0 0 2432.15969281
4 16 1 1 2555.14871822
8 16 0 1 2446.93170448
8 16 0 1 2463.31802804
2 16 4 1 2461.2828049
2 8 6 0 1739.92887997
8 8 0 1 2313.28380477
2 16 6 0 2220.01993199
8 16 0 1 2409.40647641
8 8 0 1 2293.22883405
1 8 4 0 1775.95829213
8 4 0 0 2035.73422011
4 8 4 0 2573.00887361
4 8 1 0 2522.69960748
8 8 0 1 2147.11844801
1 16 7 0 2319.74249739
8 16 0 0 2430.92212091
8 16 0 1 2055.08119175
8 8 0 1 2279.7054825
1 32 1 1 2019.08399688
8 8 0 1 2275.13014854
2 16 1 1 3255.51885662
8 16 0 0 2291.40244799
4 8 4 0 2134.90816822
1 8 7 1 1629.90817928
8 4 0 1 2153.88980907
8 8 0 1 2102.76133862
8 8 0 0 2160.1842526
1 16 1 0 1972.58861182
2 16 6 0 2130.91209132
4 8 4 1 2371.67032681
2 8 6 1 1956.40058636
8 16 0 0 2313.85462607
8 4 0 0 2327.34279842
8 8 0 1 2385.3803164
8 8 0 0 2413.57541837
2 16 2 1 2997.84668453
8 16 0 1 2431.951059
8 8 0 0 2460.5306679
8 16 0 0 2441.69130365
8 16 0 0 2542.76417641
8 8 0 0 2327.2032086
2 16 6 1 2398.47814375
8 16 0 1 2461.97871474
4 8 4 0 2589.637999
8 16 0 1 1979.1842713
8 4 0 1 2072.83576985
8 8 0 1 2410.28767901
1 16 7 0 1199.53105455
8 8 0 0 2411.25761339
4 16 2 0 2577.73089884
8 16 0 0 2509.24734833
1 16 7 1 2206.06415588
8 8 0 0 2351.54832807
2 8 1 1 2816.67691164
8 16 0 1 2446.65369223
8 8 0 1 2401.62578762
8 8 0 1 2187.94563375
4 16 4 0 2346.40899365
8 4 0 1 2207.7485981
8 8 0 1 2282.76525351
4 16 2 1 2534.94478799
1 8 2 0 1372.3734461
2 8 6 1 2633.44954122
8 1 0 0 1546.82891556
8 32 0 0 2492.58077156
8 32 0 0 2543.44371727
8 32 0 1 2492.36198244
8 32 0 1 2434.17263306
4 32 4 1 2528.1277909
4 1 4 0 1398.18408726
8 32 0 0 2544.03161074
4 1 4 1 1104.12307984
8 32 0 0 2433.4644961
8 1 0 1 1734.79101696
2 2 6 0 1338.43301784
8 1 0 0 1550.81664908
2 32 4 1 2652.44416654
8 32 0 0 2524.12098472
4 32 2 0 2575.2811821
8 32 0 0 2485.73933248
2 32 6 0 2023.80958136
1 1 1 1 1067.85745216
1 1 7 1 1258.26538837
8 32 0 1 2495.92342
2 32 2 0 1753.99193944
