8 32 0 0 2356.64625597
1 16 7 1 1686.38615243
2 32 1 0 1079.70277642
2 32 4 0 1445.95645706
8 16 0 0 2392.55585993
4 16 4 0 2561.52935396
1 32 1 0 1305.56352939
1 16 1 1 1983.22823418
8 16 0 1 2323.35472379
8 8 0 0 2276.31895938
2 32 6 0 1969.41348401
8 32 0 1 2229.12583327
8 8 0 0 2350.68483877
8 32 0 0 2357.33871394
8 16 0 0 2430.09754326
8 8 0 0 2176.06193303
1 16 4 1 1097.10723604
8 32 0 1 2435.7095424
2 16 2 0 1650.12606969
2 16 1 0 1717.01484238
8 16 0 1 2232.26382302
1 16 2 0 1064.15675511
1 16 4 0 1827.42704594
8 16 0 0 2423.44729038
4 16 4 1 2063.33375389
4 32 1 1 2484.93492272
2 16 6 0 1652.88975385
8 16 0 0 2388.12322622
8 16 0 1 2398.23897237
2 16 4 0 2695.16259746
8 8 0 1 2282.14368411
8 16 0 0 2275.19270045
8 8 0 0 2248.67336555
8 8 0 0 2276.37673181
2 16 6 1 2168.85138896
4 16 4 1 2332.1919851
8 16 0 1 2391.54347329
1 32 4 1 1030.89002006
8 16 0 0 2321.15831973
1 16 7 0 1638.13207186
1 32 7 1 1682.16064617
8 16 0 0 2321.73909393
4 16 4 0 2530.98281623
4 32 4 1 2487.59984766
4 32 4 1 1851.52065475
8 16 0 0 2404.63520892
8 16 0 0 2446.55094373
8 16 0 1 2325.70121357
8 32 0 0 2413.97677889
8 16 0 0 2456.06952084
4 16 4 1 2554.11337911
4 16 4 1 2169.2198319
8 32 0 0 2384.90115384
8 8 0 1 2113.75120089
2 32 6 1 1587.8424077
2 32 6 1 1891.82138509
8 32 0 1 2337.08765007
8 8 0 1 2355.18922494
4 16 1 0 2251.76709399
1 32 7 0 1890.57732598
1 16 7 1 1535.0375699
8 32 0 1 2298.03879833
8 16 0 1 2430.84595516
8 16 0 1 2456.0698866
8 8 0 0 2149.55758469
4 16 1 1 2559.06734775
8 16 0 1 2351.01877443
8 16 0 1 2522.37676131
2 16 4 1 2047.70795287
8 8 0 1 2201.94134765
2 16 6 0 1712.40410124
8 32 0 1 2375.85824652
4 32 4 1 2346.18037387
8 16 0 1 2439.72776437
8 8 0 1 2279.38903953
8 32 0 0 2463.94804827
8 8 0 1 2346.48740462
1 16 7 0 1915.35308628
8 16 0 0 2479.02577139
8 16 0 1 2430.76300161
1 32 4 0 987.130177487
1 32 7 1 1780.15817354
8 8 0 1 2345.63147046
8 32 0 1 2383.77999956
1 32 1 1 960.115567629
8 8 0 1 2066.93506687
2 16 1 1 2132.76460886
8 16 0 0 2438.96786533
8 8 0 1 2179.70152754
8 32 0 1 2403.89226567
8 8 0 0 2380.82188835
8 32 0 1 2306.03386437
1 16 1 0 1523.56476489
2 16 6 0 1487.02442037
4 32 4 0 2487.25131503
8 16 0 0 2222.34731198
8 32 0 1 2324.00076847
2 32 1 1 2607.25396332
8 8 0 1 2190.82116479
8 8 0 0 2249.92595386
2 16 2 1 2629.27094723
8 16 0 1 2399.46448311
8 8 0 0 2306.7469273
2 32 2 1 2515.9669225
8 16 0 0 2468.75790848
1 32 7 1 1379.30389802
8 16 0 0 2429.51365848
8 8 0 0 2259.66840496
2 16 6 1 2041.36968071
8 32 0 1 2346.30779623
8 16 0 1 2478.7655506
1 32 2 0 1682.9219146
4 32 4 0 2423.04552291
4 32 1 0 2503.20700565
8 16 0 1 2369.00359279
2 32 6 1 1403.47131384
1 32 7 0 1518.49539934
1 32 7 0 1036.8734663
4 32 2 1 2378.70861508
8 32 0 0 2331.39316452
8 8 0 1 2330.34812405
1 16 7 0 1850.24339912
8 8 0 0 2215.27437943
4 16 2 0 2551.82526061
8 16 0 0 2332.08600201
1 16 7 1 1709.01861781
8 8 0 0 2417.79071162
8 16 0 1 2033.84209313
2 32 6 0 1965.5610699
8 8 0 1 2420.1054527
8 8 0 1 2403.79433855
4 16 4 0 2567.4972387
4 32 4 0 2431.51581696
8 32 0 0 2455.76359766
4 16 2 1 2184.28738884
4 32 4 0 2408.21099744
8 1 0 0 1741.90504284
8 2 0 1 1771.62201451
8 32 0 1 2356.37996333
4 1 4 0 861.712398885
8 32 0 0 2407.59388727
4 2 4 1 1763.938359
4 1 4 1 1413.70500966
8 2 0 0 2089.49173511
8 2 0 0 1847.59691159
8 1 0 1 1686.0786897
2 2 6 0 1874.39275959
8 1 0 0 1776.34615027
8 32 0 0 2468.40981041
4 2 2 1 2086.57892934
1 1 1 1 772.793546297
8 2 0 0 1798.78507963
1 1 7 1 748.764328439
8 32 0 1 2495.02796045
2 2 6 0 1596.16137497
4 2 4 0 2067.57702623
2 2 6 1 1058.32659415
2 1 6 0 1305.24529516
8 2 0 0 1845.20024784
2 2 6 1 1186.40807761
8 1 0 0 1458.10664742
4 2 4 1 2363.84413107
8 32 0 0 2392.5101153
8 2 0 0 1938.61185006
8 2 0 0 2018.36633537
2 1 1 1 1171.1687939
8 2 0 1 1904.81799452
2 1 4 1 1163.60946907
8 1 0 1 1383.72629878
8 32 0 1 2370.00209079
8 1 0 0 1551.69889161
8 2 0 1 1987.30799962
8 1 0 1 1766.34167429
4 1 1 0 1542.11558795
8 1 0 1 1495.14723868
4 2 1 0 1820.95606975
8 1 0 0 1502.73851171
2 1 6 0 1282.14974042
8 1 0 1 1674.02520405
2 1 1 0 1281.76739942
8 2 0 0 1922.71845706
8 2 0 0 1865.44472047
1 2 7 0 1827.87213944
2 2 4 1 1614.04650711
4 2 4 1 1836.13001254
8 1 0 1 1585.87680159
8 2 0 1 1848.79269904
1 1 7 0 1086.12576446
1 2 7 0 678.244493775
8 1 0 1 1297.47830967
4 1 1 1 1350.64187849
8 1 0 0 1553.75386107
8 2 0 1 1858.90109611
8 32 0 1 2350.91712538
8 2 0 0 1932.57164944
8 2 0 0 2108.96026032
2 1 4 0 1307.66149158
8 2 0 1 1913.24973229
2 1 2 1 915.974321164
8 2 0 0 1988.06599403
8 2 0 1 1840.46998591
4 2 4 0 2008.5024752
4 1 4 1 1762.65057201
8 1 0 0 1589.10800921
1 4 2 0 1826.99408563
4 1 4 1 975.119006821
2 2 1 1 1786.60942653
8 1 0 1 1623.97032235
2 2 2 1 1219.72950901
8 2 0 1 1855.38971162
1 2 7 1 1128.74717149
4 1 2 0 1433.05589195
1 1 4 0 609.682232
1 2 7 1 1447.77709642
8 2 0 1 1883.3036227
2 1 6 1 1422.73328159
4 2 4 0 1721.93479155
1 1 2 0 1565.69516998
8 1 0 1 1427.83033963
8 32 0 0 2144.03986846
1 2 1 1 1122.01974909
8 2 0 1 2128.48158201
8 32 0 0 2427.03650739
1 4 1 1 1648.56343421
8 1 0 0 1705.8910415
8 32 0 0 2514.89349735
8 2 0 1 1856.91115209
1 1 7 0 995.389167752
8 1 0 1 1435.57533287
8 32 0 0 2486.97605139
1 2 2 0 1814.85042429
8 2 0 1 1843.02011006
8 1 0 0 1683.34271828
1 2 7 0 807.974658722
8 32 0 1 2377.49259069
2 2 6 0 1306.65038397
8 2 0 0 1688.45636403
4 1 4 1 1460.20846817
8 2 0 0 1824.91672716
8 1 0 1 1512.46323253
8 1 0 1 1691.4940184
8 2 0 0 2016.34476427
1 2 2 1 1376.66869512
2 2 2 0 2007.16662918
1 4 2 1 1610.93263942
8 1 0 0 1377.7136665
8 32 0 1 2427.78707311
2 2 4 0 1051.1330775
8 1 0 1 1805.46107728
8 2 0 1 1919.54906067
8 1 0 0 1451.74943758
2 2 6 1 1407.40550421
8 1 0 1 1609.63968815
8 2 0 0 1895.05415881
8 1 0 0 1647.46597571
1 2 1 0 1926.06513179
8 1 0 0 1546.47714451
8 1 0 0 1315.53393991
1 2 4 0 801.757832058
1 2 7 1 1488.30440355
1 1 4 1 1432.13451975
1 2 4 1 1469.08832254
1 4 4 0 1900.24431494
8 1 0 0 1503.67107956
8 1 0 0 1450.41438596
2 2 1 0 2098.48921189
8 1 0 0 1669.37884092
8 32 0 1 2354.68499861
1 1 7 0 751.232917841
8 1 0 0 1493.08298477
1 1 7 1 757.991446327
8 2 0 0 1889.02931974
2 1 2 0 1375.7928142
1 4 4 1 1167.68802451
4 1 4 0 1761.92743732
4 2 1 1 1986.63223858
1 1 2 1 1161.55205892
2 1 6 1 996.250073313
4 1 4 0 998.04630097
4 2 4 0 1431.62676633
4 1 4 0 1256.74624032
4 2 2 0 1782.78728249
8 2 0 1 2148.52779337
8 2 0 0 1807.6457979
8 1 0 1 1510.68105377
2 1 6 0 1267.93427465
1 1 1 0 1006.44454556
8 2 0 1 1936.05742782
8 2 0 1 1939.08543318
4 1 2 1 1417.15224176
1 1 7 1 1380.70012112
4 2 4 1 2107.269231
2 1 6 1 868.516501915
8 1 0 1 1665.73082112
8 2 0 0 1980.4424183
8 1 0 1 1675.54435783
8 2 0 1 1853.17473229
1 4 1 0 1941.88623776
8 2 0 1 1882.67383408
8 1 0 1 1412.26465521
8 8 0 0 2343.2129383
2 8 1 0 2279.87356357
8 8 0 0 2238.9755626
2 4 4 0 1928.35257606
8 4 0 0 2140.88500679
8 8 0 0 2044.4234176
8 4 0 1 2001.18487778
8 4 0 1 1915.22378808
4 8 2 1 2294.84022185
8 4 0 0 2080.77117104
1 8 7 1 949.281888527
4 4 4 0 1674.06876471
4 8 2 0 2391.43003009
1 4 7 0 1073.64540433
8 4 0 1 2044.19673323
8 8 0 1 2361.86800493
8 8 0 0 2278.92542886
8 8 0 0 2388.93995496
8 8 0 1 1778.03911037
1 16 2 1 1859.1724993
2 16 6 1 2096.59152325
2 4 2 1 1955.1872778
2 4 2 0 2352.99522328
8 8 0 1 2261.78041813
