32 1 4 1 1375.62841274
1 2 16 0 604.896900107
8 1 16 0 1248.65477001
1 1 16 0 476.617124118
8 1 32 1 716.425300059
8 1 8 1 1404.34330408
2 1 1 0 931.555328304
32 1 8 0 1967.04726104
1 2 1 0 1586.30575656
8 1 2 0 1473.55884693
8 1 16 1 709.486318337
4 1 32 1 620.506609277
4 1 2 0 1410.13910098
16 1 16 1 1361.91717343
4 1 2 1 1193.45814671
1 1 1 0 496.096173668
2 1 32 1 599.707843393
2 1 32 0 866.180481993
1 2 2 0 838.88560036
2 1 4 1 749.626128103
8 1 4 0 1646.12430347
2 1 16 1 761.790832319
2 1 8 1 725.906856341
8 1 4 1 1452.87441713
16 1 32 0 837.268389266
32 1 1 0 2097.21552061
4 1 32 0 777.436112114
16 1 2 1 1588.01665492
32 1 2 1 1985.50308971
4 1 4 0 874.109725208
1 1 32 1 823.214641736
32 1 1 1 2193.81923263
32 1 16 0 1115.95648511
8 1 32 0 948.305459988
16 1 1 1 1585.09881145
4 1 4 1 1255.58513979
1 2 4 1 1069.39958881
2 1 4 0 808.199124347
1 1 8 0 313.994907597
2 1 16 0 779.48681761
1 2 1 1 503.562652452
4 1 8 0 1297.33249337
16 1 8 1 1583.37088871
1 2 4 0 752.907022852
4 1 8 1 995.329675923
32 1 4 0 1737.65713363
16 1 2 0 1666.58245772
8 1 1 1 1749.47950785
1 1 8 1 892.5973681
32 1 16 1 1575.77898159
1 2 8 1 1455.00863534
1 1 1 1 1117.53360356
2 1 2 0 824.573767719
8 1 1 0 1697.50492198
32 1 2 0 3341.6302697
8 1 8 0 1338.55237076
1 1 32 0 307.319228215
32 1 32 0 1191.95269535
4 1 1 1 1306.24970911
1 1 4 1 1372.23493282
16 1 4 1 1772.06566972
16 1 16 0 1289.44097087
16 1 8 0 1346.65874426
1 2 2 1 858.639386029
2 1 8 0 797.870624515
32 1 32 1 1731.1822347
4 1 16 0 1151.72333407
1 1 2 1 756.260775967
32 1 8 1 1843.26686781
4 1 1 0 958.073302709
1 1 4 0 484.119232312
1 2 8 0 852.393508451
16 1 4 0 1652.31731584
2 1 1 1 943.994748302
4 1 16 1 1026.882921
16 1 32 1 1144.62493516
8 1 2 1 1524.0203172
1 2 16 1 1093.95399598
1 1 16 1 1352.64602388
16 1 1 0 1923.3444373
2 1 2 1 947.714776111
16 4 16 0 1243.54846229
32 4 4 1 2619.94862586
4 4 1 0 1235.90194118
2 2 16 0 611.997268891
1 8 2 0 1572.33399018
32 2 16 0 1484.48258532
32 4 16 1 1034.3862795
8 2 4 1 1579.52777527
8 4 16 1 1121.89876666
4 4 8 0 1263.29534049
8 2 16 1 1382.05217008
16 2 2 1 1933.42588578
4 2 1 0 1690.93060182
1 4 2 1 544.959090623
32 4 16 0 1041.2084077
16 4 8 0 1591.06985229
4 4 16 1 1223.14189901
1 8 1 1 617.199177168
1 4 16 1 361.170266851
32 4 1 1 2704.88076603
4 2 2 0 1361.638889
1 2 32 1 1789.74461296
4 4 4 1 1746.95434271
32 2 8 1 1903.10945247
4 2 8 1 1178.63309278
2 2 16 1 1010.83514543
8 4 16 0 1391.57383004
16 2 4 1 1904.94839578
2 2 32 0 1078.00015416
32 4 2 1 2705.55217049
8 2 1 0 2112.61759957
1 4 8 0 722.811850596
8 4 4 0 1704.65161822
32 2 32 0 2137.32448148
8 4 8 1 1548.47554397
4 2 32 1 1023.93120584
1 4 8 1 514.201836699
32 2 4 1 2019.31900368
16 2 32 1 625.680053783
1 8 8 1 1003.79958155
8 2 2 0 1747.5298472
1 8 4 0 1129.85153359
32 2 8 0 1234.82832217
8 4 2 0 1976.32110419
1 4 32 1 979.548310585
16 2 16 1 1085.01459837
2 4 32 1 799.255858264
16 2 32 0 1466.53077019
16 2 8 0 2171.29356174
4 4 2 1 1365.50618497
32 4 8 0 1963.72522713
2 4 2 0 834.243688457
2 2 1 1 1382.87491523
16 2 8 1 1262.52641254
2 2 2 0 1046.04600036
16 4 32 0 920.435485796
32 4 8 1 1977.52945282
16 4 1 1 2309.48168052
8 4 8 0 1621.1660673
4 2 16 0 676.414916591
16 4 1 0 2397.72766703
2 4 4 0 644.384833903
2 2 1 0 1178.42721876
8 2 32 1 1197.40755891
2 4 8 1 1277.41762435
16 2 1 1 2415.15268378
4 2 2 1 1482.52349283
32 2 4 0 1634.88973901
16 4 2 0 1621.27202211
1 8 16 0 430.046331207
8 4 1 1 1796.08300676
32 4 32 1 1468.91824766
16 4 4 1 1805.74883379
4 4 16 0 1010.66675695
32 4 1 0 3090.3973217
1 8 16 1 516.583471221
32 4 4 0 2973.00865616
8 2 32 0 723.227915092
2 4 2 1 877.934816103
4 2 8 0 1442.31806195
8 4 1 0 2060.97725222
16 2 16 0 1310.93615551
2 2 32 1 1310.08789737
8 4 2 1 1679.37842553
16 2 1 0 2122.58401295
16 2 2 0 1773.36674893
32 2 1 0 2526.86637713
1 2 32 0 907.215307599
2 2 4 1 1175.42560391
4 4 4 0 1369.43326181
16 2 4 0 1984.09605712
4 2 16 1 1173.35522828
2 2 8 1 1383.21350523
8 2 16 0 1506.38844962
2 4 16 1 806.038943383
1 4 32 0 526.510861687
8 2 1 1 2067.9180482
16 4 8 1 1371.62664027
32 2 1 1 2721.81176457
32 2 16 1 1776.22595413
4 4 8 1 1453.95046879
1 4 1 1 701.440340242
1 8 8 0 1205.62189594
4 4 32 0 756.083987714
2 4 4 1 928.688910073
4 4 2 0 1497.81073548
16 4 32 1 1437.22665897
8 2 8 1 1455.12413422
4 4 32 1 1181.98548959
1 4 4 0 1108.28829659
16 4 4 0 2011.07176859
2 4 16 0 865.431094587
1 8 2 1 651.534978229
8 4 4 1 1837.49502737
2 2 8 0 886.226873911
4 4 1 1 1520.44773589
8 2 2 1 1790.75030647
1 4 1 0 1173.43140927
32 2 2 0 2561.4084335
4 2 32 0 868.311121592
8 2 4 0 1672.9778888
2 2 2 1 1260.44972006
4 2 4 1 1422.56861644
2 4 8 0 1248.0700597
16 4 2 1 1774.16327021
32 2 2 1 2569.76900974
1 4 4 1 780.858070352
4 2 1 1 1574.17524567
2 4 32 0 804.705411631
8 4 32 1 934.509371994
1 8 4 1 595.329416791
16 4 16 1 1378.09996291
1 4 2 0 1413.66948559
2 4 1 1 1026.84189673
4 2 4 0 1339.28818316
32 2 32 1 1902.66518587
1 8 1 0 1244.90291798
2 4 1 0 748.022267945
8 2 8 0 1069.77367252
1 4 16 0 478.201504106
2 2 4 0 1078.00939145
8 4 32 0 805.134972261
32 4 32 0 580.244453072
32 4 2 0 3386.75190636
2 8 32 1 838.336680251
32 8 16 0 2603.25131786
8 16 32 1 746.341636605
32 8 2 1 3663.79336027
16 8 4 0 2657.12975232
2 8 1 0 1100.79757391
8 16 2 1 751.67857432
2 16 32 1 652.363792957
2 16 8 1 764.553905757
8 8 8 0 2330.80774252
16 8 4 1 3081.48659692
16 8 16 0 2117.30646041
32 8 1 0 4609.73002811
2 8 8 0 979.510851578
1 16 16 1 701.739885544
32 8 4 0 3087.82180249
2 8 16 0 607.333659668
1 16 8 1 580.440965487
4 16 4 1 768.325432747
4 8 2 0 1519.39191997
8 8 2 0 2554.35923723
8 8 8 1 1650.53797979
1 8 32 0 516.562499769
8 16 4 0 750.117917344
2 16 8 0 1509.53443651
32 8 4 1 4118.32049039
4 8 4 1 1290.31722572
16 8 16 1 2167.76030264
32 8 16 1 2665.72445057
4 8 32 1 1339.68929978
4 8 1 1 1985.58263548
32 8 2 0 3797.98913808
2 8 2 1 1016.88919589
16 8 8 1 2894.51011535
8 16 1 1 756.526848988
1 16 4 1 1206.75688266
32 8 8 1 2230.57837513
1 16 1 0 662.298181633
1 16 2 1 1393.38565786
32 8 32 1 2265.51316519
4 16 8 1 766.636023164
8 8 32 0 864.168221826
2 16 1 0 1155.60608225
4 16 8 0 722.766475397
2 8 4 0 1140.33917069
4 8 8 1 1638.03418192
1 16 8 0 587.233847273
8 8 4 1 2479.14234018
2 16 16 0 961.762947845
2 8 4 1 1107.13942309
8 16 2 0 772.421375728
32 8 32 0 2611.3346638
2 8 1 1 1101.13696673
8 8 2 1 2847.30580101
4 16 1 1 756.816537016
16 8 1 0 3286.01438264
4 8 4 0 1386.55631597
16 8 2 1 3095.00729918
4 8 16 1 1247.58052427
4 16 32 1 764.035998611
8 8 16 1 1547.77998846
2 8 2 0 893.675666537
8 8 4 0 2669.80336723
4 8 2 1 1562.80188939
32 8 8 0 2922.20458417
2 16 2 1 590.285920428
16 8 32 0 1208.27974032
16 8 32 1 1139.96180622
2 16 32 0 881.562331807
16 8 8 0 2328.01172186
8 8 1 1 2893.70341455
2 8 8 1 910.404048549
1 16 2 0 981.893612639
32 8 1 1 4071.17290189
16 16 1 1 735.54564546
4 16 2 0 756.670038926
1 16 4 0 666.429181003
2 16 1 1 650.43218522
4 16 4 0 751.398387112
8 16 16 0 772.096407477
2 8 32 0 1593.51923744
2 16 2 0 1092.73799746
8 16 32 0 744.042492743
8 16 1 0 752.779589738
8 8 1 0 2579.63684047
8 16 16 1 748.552531076
4 8 16 0 1096.52442455
1 8 32 1 809.113099476
2 16 4 0 1559.9941891
8 16 8 0 777.191494768
16 8 1 1 3533.48839774
2 8 16 1 925.573977644
2 16 4 1 700.499627142
4 16 16 1 731.287919258
4 8 8 0 1613.14381413
8 8 16 0 1595.7738283
4 8 32 0 1245.40868462
8 8 32 1 1291.02594858
8 16 4 1 723.422783012
4 16 16 0 776.94123799
16 8 2 0 3060.65950188
2 16 16 1 728.351278261
1 16 16 0 534.226980402
4 16 1 0 770.741512227
4 16 2 1 773.049714551
8 16 8 1 754.306886703
4 8 1 0 1632.91476667
1 16 1 1 1048.52359945
1 16 32 0 999.663146641
4 16 32 0 771.881438842
32 16 2 0 699.363616896
