32 2 8 1 753.933101241
8 32 8 1 762.113537493
2 1 32 1 1426.22292946
32 32 8 0 732.083334432
2 1 32 0 992.360576276
1 2 2 0 1872.26588088
1 32 8 1 1556.3827113
4 32 16 1 768.982094734
16 32 4 0 735.240197438
16 32 1 0 738.319117111
32 16 16 0 734.407597998
4 2 8 1 779.23563489
2 2 16 1 1166.90188099
1 32 4 0 536.912590003
8 32 32 0 747.385899439
32 16 16 1 737.935395532
2 1 4 1 771.15342386
16 2 4 1 755.065045633
8 1 4 0 764.023616952
32 32 8 1 726.002504146
2 2 32 0 510.381810007
8 2 1 0 767.249449274
2 1 16 1 1041.55369972
2 1 8 1 779.933231263
32 16 2 1 739.474182317
1 32 32 0 537.576272305
1 4 8 0 833.612839971
8 1 4 1 754.555819013
32 2 32 0 763.245427702
4 32 32 0 764.650665595
2 32 32 1 751.952796124
16 1 32 0 707.793781942
4 2 32 1 780.27076785
1 4 8 1 2226.08976899
32 1 1 0 722.616951753
32 2 4 1 736.367062312
1 1 1 1 485.801396971
1 32 16 1 1034.23712906
2 32 16 0 1767.57180645
4 1 32 0 535.523838941
16 1 2 1 759.018785781
32 16 32 1 746.974148698
2 32 1 1 1848.62676777
32 1 2 1 729.903258206
8 32 2 0 771.424910286
32 16 1 0 735.152355503
4 1 4 0 755.88352219
1 1 32 1 1486.21535721
16 2 32 1 765.310413332
32 16 8 0 739.077530729
32 1 1 1 743.987829902
8 2 2 0 763.095996528
32 2 8 0 744.388609861
16 32 8 1 739.754895189
32 32 16 0 747.735996655
1 32 1 0 1700.39947016
1 32 16 0 557.659693053
1 4 32 1 1792.78421524
16 2 16 1 764.535481069
2 4 32 1 599.659251183
16 2 32 0 733.644950786
32 1 16 0 740.673587978
16 2 8 0 742.495595871
8 1 32 0 755.543796568
16 1 1 1 722.530181994
4 4 2 1 769.614162399
1 32 32 1 1222.26119753
2 4 2 0 1014.09802035
2 2 1 1 1323.39360227
16 2 8 1 763.464316791
16 32 16 0 740.031483389
2 2 2 0 665.258915881
1 32 4 1 881.165572015
4 1 4 1 776.936026607
32 32 32 1 737.64570596
1 1 1 0 1401.53979149
16 32 4 1 741.803339942
1 1 2 0 409.031297302
4 2 16 0 775.998820633
32 32 16 1 731.859561781
4 32 32 1 763.220303703
2 4 4 0 1407.47390112
16 16 32 0 754.325166134
8 32 2 1 740.137335959
8 32 1 0 753.836862108
2 2 1 0 463.104531098
8 2 32 1 771.910890357
2 32 2 0 771.815557713
2 4 8 1 580.6921257
16 2 1 1 749.428799941
4 2 2 1 768.85022222
1 2 4 1 667.490485325
2 1 4 0 973.56206651
1 1 8 0 1362.9988263
32 16 32 0 765.062065394
32 2 4 0 752.532822004
2 1 16 0 394.706158904
2 32 4 1 769.735696868
32 16 4 1 751.757165031
1 2 1 1 1469.86854719
4 1 8 0 770.545168641
8 2 32 0 761.835756107
4 32 16 0 770.284269534
2 4 2 1 780.356154689
32 16 8 1 745.33409906
16 1 8 1 758.30009627
4 2 8 0 761.02301854
2 32 16 1 767.591582
16 32 8 0 737.517925235
1 2 4 0 482.93240796
1 32 2 0 729.59100076
4 1 8 1 772.402183739
32 1 4 0 745.412998685
16 1 2 0 756.932854277
16 2 16 0 767.408195697
2 2 32 1 1312.83787929
8 1 1 1 745.920539368
8 32 16 0 767.786148562
1 1 8 1 1566.3636636
32 1 16 1 746.47354173
8 32 16 1 758.496876167
16 32 1 1 725.871784024
16 2 1 0 765.146748468
16 2 2 0 761.074433091
1 2 8 1 1611.41711521
2 32 2 1 1700.31216107
2 1 2 0 970.859134035
32 2 1 0 732.671114574
1 2 32 0 538.825792525
8 1 1 0 767.564483828
1 1 2 1 1617.42780896
2 2 4 1 1432.03904131
16 2 4 0 760.493176398
4 2 16 1 769.674564842
2 2 8 1 1292.3144063
8 2 16 0 770.648254732
32 1 2 0 697.606464343
2 4 16 1 566.769751054
8 1 8 0 767.255003015
1 4 32 0 529.965347358
1 1 32 0 405.706323441
4 32 8 0 766.796591206
8 2 1 1 749.892946565
16 16 32 1 746.087266438
8 32 32 1 766.241514737
32 2 1 1 746.814572269
16 32 32 1 740.479583425
32 1 32 0 713.041929971
32 2 16 1 742.830932121
4 1 1 1 761.756922057
32 32 2 0 744.251004965
1 32 8 0 1655.90655961
1 1 4 1 531.486515933
16 1 4 1 757.486590011
1 32 1 1 523.860101457
16 1 16 0 719.753666535
1 4 1 1 534.713263941
32 32 1 0 731.132270592
32 32 4 1 723.678206641
16 1 8 0 756.703028514
16 16 16 0 743.821034941
2 4 4 1 774.787055085
1 2 2 1 1698.91640709
2 1 8 0 448.195509397
8 2 8 1 773.876967634
2 32 32 0 745.572483994
1 4 4 0 1858.91313865
2 32 1 0 770.792649274
32 1 32 1 752.890773284
8 32 1 1 765.60313731
16 16 16 1 749.361408306
2 4 16 0 1579.3877001
2 2 8 0 770.773131467
4 1 16 0 770.247234064
4 4 1 1 757.402167465
8 2 2 1 771.381918572
16 32 2 0 745.291014917
16 16 8 0 748.323248916
4 32 2 1 757.854426964
1 4 1 0 1717.95408892
32 32 1 1 722.465980586
32 1 8 1 708.387158755
32 2 2 0 744.875468443
8 32 4 0 746.572438884
4 2 32 0 767.279749115
8 2 4 0 761.481709154
4 1 1 0 770.133599811
2 2 2 1 1355.65411449
1 1 4 0 508.502840018
4 2 4 1 767.568064068
4 32 2 0 760.193861773
2 4 8 0 1411.51078559
32 2 2 1 759.005147091
1 4 4 1 608.739712094
1 2 8 0 447.268474642
4 2 1 1 769.913636137
2 4 32 0 625.268769906
2 32 8 0 1625.08069933
16 1 4 0 747.791659557
4 32 4 1 764.630202508
2 1 1 1 776.35464331
1 4 2 0 1128.11334606
4 32 4 0 769.423558852
32 32 32 0 745.894110269
4 1 16 1 777.845030039
32 32 2 1 739.882567745
2 4 1 1 772.810655432
1 32 2 1 1573.79216796
4 2 4 0 774.747483483
16 32 32 0 764.581194654
32 16 4 0 755.39002123
32 2 32 1 761.534171395
16 1 32 1 751.258772615
2 4 1 0 1441.4840818
8 2 8 0 772.981488672
1 4 16 0 2319.49624911
4 32 1 1 769.458364671
8 1 2 1 768.382575809
2 2 4 0 777.059741343
16 32 2 1 745.544790569
1 2 16 1 515.09494664
1 1 16 1 386.952665265
32 32 4 0 738.724321494
16 32 16 1 737.967813993
16 1 1 0 749.702863782
2 1 2 1 766.270540162
2 32 8 1 755.15407031
4 32 1 0 773.395422656
16 4 16 0 769.267287146
32 4 4 1 751.004564807
32 16 2 0 4613.91024665
2 8 32 1 1770.33673938
1 8 2 0 1824.37225032
32 8 16 0 2303.5187788
32 4 16 1 2057.18774719
8 16 32 1 1813.17659029
32 8 2 1 4158.83253078
8 4 16 1 778.680471617
16 8 4 0 4286.35545742
4 4 8 0 772.557413917
2 8 1 0 1739.74289516
8 32 8 0 2713.79936103
8 16 2 1 3286.25861835
2 16 32 1 1739.93444215
32 4 16 0 2314.74161387
16 4 8 0 765.795834056
8 32 4 1 3125.21082037
4 4 16 1 758.995586351
2 16 8 1 1866.55650188
1 8 1 1 771.338324907
4 32 8 1 2321.61193659
32 4 1 1 733.532936548
8 8 8 0 3181.03265697
16 8 4 1 3295.92465956
4 4 4 1 770.700330882
16 8 16 0 2348.35490023
2 32 4 0 1797.04959521
32 8 1 0 5239.02057348
2 8 8 0 1596.46162949
32 16 1 1 4972.67915385
