8 8 8 0 779.437977517
16 8 4 1 769.140481916
4 4 4 1 776.77274952
16 8 16 0 753.325122758
32 8 1 0 741.426476458
2 8 8 0 1758.49319777
32 2 8 1 763.067973004
1 16 16 1 1108.21575803
32 8 4 0 739.889687591
1 2 2 0 586.212486757
2 8 16 0 1681.97590744
4 2 8 1 772.031721965
1 16 8 1 1143.19025871
2 2 16 1 678.755001921
8 4 16 0 774.806446842
4 16 4 1 776.989754435
4 8 2 0 779.064326967
16 2 4 1 748.825387659
2 2 32 0 1372.40574751
32 4 2 1 755.561745223
8 2 1 0 773.162824799
8 8 2 0 770.358837532
16 16 2 1 767.883541598
8 8 8 1 747.396678618
1 8 32 0 587.552791398
8 16 4 0 775.210279732
2 16 8 0 1596.6158961
1 4 8 0 1849.58094595
8 4 4 0 772.141422264
32 2 32 0 760.416022791
8 4 8 1 772.604186375
32 8 4 1 745.598043804
4 2 32 1 772.684800718
1 4 8 1 2232.40446367
16 16 1 0 768.326136468
4 8 4 1 776.430391291
32 2 4 1 763.98228061
16 8 16 1 747.088515208
32 8 16 1 743.340681336
4 8 32 1 767.909088882
4 8 1 1 777.521361022
32 8 2 0 751.86127625
2 8 2 1 1575.37946332
16 8 8 1 752.460736839
16 2 32 1 767.202267648
1 8 8 1 595.686656583
8 2 2 0 758.482991012
1 8 4 0 568.824074566
32 2 8 0 742.387386709
8 4 2 0 751.838246437
8 16 1 1 751.80097898
1 4 32 1 587.162866553
16 2 16 1 744.883268628
1 16 4 1 1733.65177427
2 4 32 1 777.759459447
16 2 32 0 768.380755765
32 8 8 1 737.147758117
1 16 1 0 1969.58649053
1 16 2 1 797.399793332
32 8 32 1 762.723087578
16 2 8 0 770.36039061
4 16 8 1 774.647897328
8 8 32 0 771.012326644
4 4 2 1 771.808634023
32 4 8 0 743.595818385
2 4 2 0 779.804239158
2 2 1 1 775.747249134
16 2 8 1 730.326860924
2 2 2 0 1122.50829768
16 4 32 0 769.663111427
2 16 1 0 777.069352067
32 4 8 1 740.933244621
16 4 1 1 758.137686712
4 16 8 0 765.537758597
2 8 4 0 771.086307507
8 4 8 0 765.366001305
4 8 8 1 777.125741834
1 16 8 0 574.151525491
8 8 4 1 774.061143213
4 2 16 0 771.116094329
16 4 1 0 757.803344918
2 16 16 0 1411.75551692
2 4 4 0 1589.05901542
2 2 1 0 1446.02015984
8 2 32 1 766.483483286
2 8 4 1 1599.5633476
2 4 8 1 776.056558343
16 2 1 1 754.960390359
4 2 2 1 775.898368691
8 16 2 0 778.353799405
1 2 4 1 2050.90475685
16 16 2 0 753.941163747
32 2 4 0 744.385970229
32 8 32 0 748.642425054
16 4 2 0 768.101679047
2 8 1 1 1643.32529637
1 8 16 0 2277.77530034
8 4 1 1 749.46482557
32 4 32 1 762.236664411
16 4 4 1 746.529172534
8 8 2 1 772.76282075
4 4 16 0 782.607919425
32 4 1 0 733.904329386
1 8 16 1 1872.36364554
32 4 4 0 739.326684609
8 2 32 0 713.350612734
4 16 1 1 777.862450715
16 8 1 0 751.24509338
4 8 4 0 774.73295786
2 4 2 1 1530.38728977
16 8 2 1 762.236404682
4 8 16 1 775.5417653
4 16 32 1 774.365599098
4 2 8 0 776.203000898
8 8 16 1 770.099519939
8 4 1 0 779.00725425
2 8 2 0 607.986554499
8 8 4 0 769.720420538
4 8 2 1 773.8511751
1 2 4 0 1631.97269204
32 8 8 0 741.761490575
2 16 2 1 1648.44613057
16 16 4 0 752.044072284
16 8 32 0 765.375213105
16 2 16 0 739.621338954
2 2 32 1 776.741580111
8 4 2 1 772.03130009
16 2 1 0 748.285189676
16 8 32 1 746.787895396
16 2 2 0 742.004499554
1 2 8 1 582.683086215
16 16 4 1 748.715970562
32 2 1 0 750.360340137
1 2 32 0 2288.53691773
2 2 4 1 777.819614664
4 4 4 0 762.566184007
16 2 4 0 768.947711952
4 2 16 1 774.352657007
2 2 8 1 756.145714155
2 16 32 0 2180.03636795
8 2 16 0 767.748996095
2 4 16 1 782.347835457
1 4 32 0 1072.00568543
16 8 8 0 773.08391689
8 2 1 1 773.968810154
16 4 8 1 759.773666428
8 8 1 1 752.519539344
32 2 1 1 741.324804903
2 8 8 1 774.466732632
1 16 2 0 506.53002173
32 2 16 1 728.618031178
32 8 1 1 743.101604954
16 16 1 1 759.206813036
4 16 2 0 779.10629396
1 16 4 0 1411.98187659
2 16 1 1 1767.83638494
4 16 4 0 777.303209418
8 16 16 0 769.902346738
4 4 8 1 781.080747744
2 8 32 0 1690.31101722
2 16 2 0 778.800729112
8 16 32 0 754.598679095
8 16 1 0 770.83693111
1 4 1 1 655.166823076
1 8 8 0 558.626491723
4 4 32 0 776.899234092
2 4 4 1 781.026583338
4 4 2 0 777.522270302
8 8 1 0 766.8769429
8 16 16 1 761.795834399
16 4 32 1 764.980164226
4 8 16 0 776.348861628
8 2 8 1 773.806602046
4 4 32 1 782.069969222
1 4 4 0 512.928837181
1 8 32 1 704.340687309
16 4 4 0 763.006032999
2 16 4 0 772.79666955
2 4 16 0 1357.90951488
1 8 2 1 551.506641749
8 4 4 1 768.602856518
2 2 8 0 866.745381039
8 16 8 0 755.888167627
4 4 1 1 777.221285389
8 2 2 1 778.390236077
1 16 32 1 1002.76196841
16 8 1 1 761.833826407
2 8 16 1 775.913173541
2 16 4 1 1409.48362933
1 4 1 0 588.003687547
32 2 2 0 757.113096058
4 2 32 0 776.063771603
4 16 16 1 749.023900346
8 2 4 0 772.338660837
2 2 2 1 782.245602084
4 2 4 1 762.563243291
4 8 8 0 779.81340818
2 4 8 0 1338.96253882
16 4 2 1 766.537693153
32 2 2 1 754.243860061
1 4 4 1 786.692525478
1 2 8 0 2237.21700332
4 2 1 1 779.840217054
2 4 32 0 1941.58787461
8 4 32 1 770.29463071
8 8 16 0 769.274336169
1 8 4 1 2145.08767309
4 8 32 0 773.539093191
16 4 16 1 756.831561496
8 8 32 1 767.101805717
1 4 2 0 2303.14160982
2 4 1 1 1424.45017478
4 2 4 0 776.041271273
16 16 8 1 769.247672914
8 16 4 1 766.789146711
32 2 32 1 754.497230677
4 16 16 0 769.523347636
1 8 1 0 738.874914296
2 4 1 0 782.743141741
8 2 8 0 763.632774914
1 4 16 0 569.78670815
16 8 2 0 768.344917505
2 2 4 0 1274.47031068
2 16 16 1 781.194822375
1 16 16 0 2293.09781662
1 2 16 1 744.763377245
8 4 32 0 771.422734954
4 16 1 0 775.624758731
4 16 2 1 774.176500515
8 16 8 1 767.132113081
4 8 1 0 763.741342472
1 16 1 1 1800.29289333
1 16 32 0 1639.62760587
4 16 32 0 779.278570497
32 4 32 0 766.643357946
32 4 2 0 734.594701893
32 16 2 0 737.966568832
4 4 1 0 776.347026102
2 2 16 0 775.339094435
32 1 4 1 711.635210724
32 2 16 0 731.144759178
8 2 4 1 773.442597492
1 2 16 0 1004.37968205
8 1 16 0 759.885909354
8 2 16 1 776.599351921
16 2 2 1 744.21336139
8 32 8 0 771.050274564
4 2 1 0 773.070658602
1 4 2 1 1603.84262826
8 32 4 1 737.707000177
1 1 16 0 1332.43960624
8 1 32 1 760.873833497
8 1 8 1 770.118760611
2 1 1 0 1158.41834235
4 32 8 1 764.868694319
32 1 8 0 736.867798804
1 4 16 1 587.172825105
1 2 1 0 533.966497974
8 1 2 0 756.709505189
4 2 2 0 762.615502601
1 2 32 1 2011.33254859
8 1 16 1 759.827348015
4 1 32 1 769.858564114
4 1 2 0 779.173496354
16 1 16 1 747.168592605
2 32 4 0 1745.09362675
4 1 2 1 770.221696722
32 16 1 1 765.686624322
