2 2 6 1 1726.93845314
8 1 0 0 1599.43188848
2 32 6 0 2064.13957528
8 32 0 1 2437.55270398
8 32 0 0 2500.98310108
8 32 0 0 2488.98039631
2 1 1 1 1131.32024697
2 1 4 1 1289.41377907
8 1 0 1 1604.52608129
8 32 0 1 2459.80252845
8 32 0 1 2292.27669756
8 1 0 0 1515.95351192
8 1 0 1 1676.40218767
4 1 1 0 1510.97256711
8 1 0 1 1592.31338946
8 1 0 0 1548.64128298
2 1 6 0 1161.4313746
8 1 0 1 1759.17614593
2 1 1 0 1202.35042467
1 2 7 0 1597.80149506
2 2 4 1 1531.34223568
4 32 1 1 2509.63779404
8 1 0 1 1616.05777788
1 1 7 0 1140.84146166
1 2 7 0 1689.83467256
8 1 0 1 1611.53042179
4 1 1 1 1341.58918115
8 1 0 0 1697.21666803
8 32 0 1 2448.20299169
2 1 4 0 1252.54854633
2 1 2 1 1200.51843424
4 1 4 1 1593.20528873
8 1 0 0 1596.68955348
4 1 4 1 1161.45405191
2 2 1 1 2006.31820722
8 1 0 1 1670.28220233
2 2 2 1 1707.05531945
1 2 7 1 1161.08239991
4 32 4 1 2495.82986197
4 32 4 1 2571.48055904
4 1 2 0 1452.36979683
1 1 4 0 1236.76641618
1 2 7 1 1386.29785769
2 1 6 1 1326.03258688
1 1 2 0 1195.89834713
8 32 0 0 1735.41125191
8 32 0 0 2327.1426371
2 32 6 1 2254.21667572
8 1 0 1 1626.49290925
2 32 6 1 2114.26793707
8 32 0 1 2221.47742212
8 32 0 0 2532.92064835
1 2 1 1 1667.43204487
8 32 0 0 2502.31638167
8 1 0 0 1591.06148773
8 32 0 0 2411.61626729
1 1 7 0 1009.76487148
8 1 0 1 1660.79373857
8 32 0 1 2496.40330127
8 32 0 0 2535.14692553
1 2 2 0 1113.31472301
8 1 0 0 1533.76427805
1 2 7 0 1029.60133898
8 32 0 1 2447.72406716
2 2 6 0 1848.95954265
8 32 0 1 2287.6035936
4 32 4 1 2288.88999808
4 1 4 1 1394.2038318
8 1 0 1 1711.08263083
8 1 0 1 1569.90740859
1 2 2 1 1842.88926478
2 2 2 0 2047.25484897
8 1 0 0 1656.14523776
8 32 0 1 2256.0484112
2 2 4 0 2111.159354
8 1 0 1 1651.8069705
8 32 0 0 2405.48162869
8 1 0 0 1714.23688401
8 1 0 1 1541.42468488
8 1 0 0 1702.92883042
1 2 1 0 1131.14633841
8 1 0 0 1642.54924377
8 1 0 0 1601.21650314
8 32 0 1 2221.55583885
1 2 4 0 1749.27823312
1 2 7 1 1601.01296491
1 1 4 1 1386.85431202
1 2 4 1 1685.97775176
8 1 0 0 1587.84847057
8 1 0 0 1640.06396986
2 2 1 0 1509.26120578
8 1 0 0 1614.34667
8 32 0 1 2467.50972592
1 1 7 0 1213.13234127
8 1 0 0 1571.84874591
8 32 0 1 2535.45858816
8 32 0 1 2436.37140553
4 32 4 0 2625.35793796
1 1 7 1 1351.42582995
2 1 2 0 1396.3674197
8 32 0 1 2403.2735214
2 32 1 1 1568.46923758
4 1 4 0 1376.15013819
1 1 2 1 1406.07520325
2 1 6 1 1124.61245681
4 1 4 0 1761.2029548
4 1 4 0 1865.42898454
2 32 2 1 1809.63079705
8 32 0 1 2351.23248325
4 32 4 0 2503.20308479
4 32 1 0 2386.74769505
2 32 6 1 2215.56917435
8 1 0 1 1625.44046308
2 1 6 0 1189.68071287
1 1 1 0 1301.23694884
4 32 2 1 2358.85990169
8 32 0 0 2215.18282624
4 1 2 1 1302.71516386
1 1 7 1 1297.55802917
2 1 6 1 1308.2200008
8 1 0 1 1575.0295401
2 32 6 0 1940.45612411
8 1 0 1 1602.31743474
4 32 4 0 2525.0386511
8 32 0 0 2239.39204459
4 32 4 0 2575.37998734
8 1 0 1 1418.51569344
8 2 0 1 2063.15674488
4 2 4 1 2072.2889763
8 2 0 0 1842.12257812
8 2 0 0 1995.93756464
1 4 7 0 977.667783317
4 2 2 1 2356.6525598
8 2 0 0 2069.1983122
2 2 6 0 1761.45849728
4 2 4 0 1648.23426093
8 2 0 0 1884.40788902
1 4 7 1 1047.57767821
4 2 4 1 2034.8854874
8 2 0 0 2164.31865729
8 2 0 0 1970.24221092
8 2 0 1 2164.3203955
8 2 0 1 2221.56012999
4 2 1 0 2495.27390861
8 2 0 0 1950.99723393
8 2 0 0 2212.14724826
4 2 4 1 1858.65926415
8 2 0 1 1853.21448826
8 2 0 1 2224.67255499
8 2 0 0 2067.38207561
8 2 0 0 1958.9457923
8 2 0 1 1847.84130578
8 2 0 0 1890.47683421
8 2 0 1 2163.08532107
4 2 4 0 2082.87017787
1 4 2 0 2079.92826591
8 2 0 1 1739.47393086
8 2 0 1 2186.96342324
4 2 4 0 1817.84987288
8 2 0 1 1981.87711922
1 4 1 1 1125.02251457
8 2 0 1 2055.45911494
8 2 0 1 2045.77482057
8 2 0 0 2117.8832398
8 2 0 0 2107.52312266
8 2 0 0 1992.96464966
1 4 2 1 1697.96000088
8 2 0 1 1809.23396535
2 2 6 1 1747.65961543
8 2 0 0 2125.7558472
1 4 4 0 2002.40136954
8 2 0 0 2188.37126153
1 4 4 1 1233.54103237
4 2 1 1 2518.87894788
4 2 4 0 1977.10781017
4 2 2 0 2194.12916991
8 2 0 1 1865.06742254
8 2 0 0 2085.66502465
8 2 0 1 2301.6180132
8 2 0 1 1957.19667419
4 2 4 1 2332.66866199
8 2 0 0 2164.71446821
8 2 0 1 2048.05626578
1 4 7 1 2022.06627143
1 4 7 0 1478.69884825
1 4 1 0 1478.71166326
8 2 0 1 1860.5264526
