1 4 7 1 1047.57767821
2 2 6 1 1726.93845314
4 2 4 1 2034.8854874
8 2 0 0 2164.31865729
8 2 0 0 1970.24221092
8 2 0 1 2164.3203955
8 1 0 0 1515.95351192
8 2 0 1 2221.56012999
8 1 0 1 1676.40218767
8 1 0 1 1592.31338946
4 2 1 0 2495.27390861
8 1 0 0 1548.64128298
8 1 0 1 1759.17614593
8 2 0 0 1950.99723393
8 2 0 0 2212.14724826
1 2 7 0 1597.80149506
2 2 4 1 1531.34223568
4 2 4 1 1858.65926415
8 1 0 1 1616.05777788
8 2 0 1 1853.21448826
1 2 7 0 1689.83467256
8 1 0 1 1611.53042179
8 1 0 0 1697.21666803
8 2 0 1 2224.67255499
8 2 0 0 2067.38207561
8 2 0 0 1958.9457923
8 2 0 1 1847.84130578
8 2 0 0 1890.47683421
8 2 0 1 2163.08532107
4 2 4 0 2082.87017787
8 1 0 0 1596.68955348
1 4 2 0 2079.92826591
2 2 1 1 2006.31820722
8 1 0 1 1670.28220233
2 2 2 1 1707.05531945
8 2 0 1 1739.47393086
1 2 7 1 1161.08239991
1 2 7 1 1386.29785769
8 2 0 1 2186.96342324
4 2 4 0 1817.84987288
8 1 0 1 1626.49290925
1 2 1 1 1667.43204487
8 2 0 1 1981.87711922
1 4 1 1 1125.02251457
8 1 0 0 1591.06148773
8 2 0 1 2055.45911494
1 2 2 0 1113.31472301
8 2 0 1 2045.77482057
1 2 7 0 1029.60133898
2 2 6 0 1848.95954265
8 2 0 0 2117.8832398
8 2 0 0 2107.52312266
8 1 0 1 1569.90740859
8 2 0 0 1992.96464966
1 2 2 1 1842.88926478
2 2 2 0 2047.25484897
1 4 2 1 1697.96000088
8 1 0 0 1656.14523776
2 2 4 0 2111.159354
8 1 0 1 1651.8069705
8 2 0 1 1809.23396535
8 1 0 0 1714.23688401
2 2 6 1 1747.65961543
8 1 0 1 1541.42468488
8 2 0 0 2125.7558472
8 1 0 0 1702.92883042
1 2 1 0 1131.14633841
8 1 0 0 1642.54924377
1 2 4 0 1749.27823312
1 2 7 1 1601.01296491
1 2 4 1 1685.97775176
1 4 4 0 2002.40136954
8 1 0 0 1587.84847057
8 1 0 0 1640.06396986
2 2 1 0 1509.26120578
8 1 0 0 1614.34667
8 1 0 0 1571.84874591
8 2 0 0 2188.37126153
1 4 4 1 1233.54103237
4 2 1 1 2518.87894788
4 2 4 0 1977.10781017
4 2 2 0 2194.12916991
8 2 0 1 1865.06742254
8 2 0 0 2085.66502465
8 2 0 1 2301.6180132
8 2 0 1 1957.19667419
4 2 4 1 2332.66866199
8 1 0 1 1575.0295401
8 2 0 0 2164.71446821
8 1 0 1 1602.31743474
8 2 0 1 2048.05626578
1 4 7 1 2022.06627143
1 4 7 0 1478.69884825
1 4 1 0 1478.71166326
8 2 0 1 1860.5264526
8 1 0 1 1418.51569344
