16 1 8 0 105.478834417
32 1 2 1 148.922911615
2 1 2 0 115.630014355
8 1 8 0 170.396194536
2 1 16 0 144.923889664
8 1 8 1 184.253468223
1 1 8 0 110.213278074
16 1 1 1 130.614876495
32 1 16 1 146.449162011
4 1 8 0 136.759039866
32 1 8 1 153.13116363
4 1 4 0 139.951566174
8 1 2 0 111.127139798
2 1 8 0 137.591688227
32 1 2 0 169.199613144
1 1 16 0 128.749426313
8 1 4 0 144.5901939
1 1 1 1 43.85696233
2 1 1 1 94.294287853
2 1 1 0 101.155797126
4 1 16 0 150.719569543
1 1 1 0 59.4612890736
16 1 8 1 166.725693088
2 1 2 1 115.633360521
4 1 8 1 146.983771586
4 1 2 0 147.830147435
2 1 16 1 150.144089294
32 1 4 0 150.397285316
2 1 32 1 138.708810511
8 1 16 0 162.05795734
8 1 1 1 138.045846748
2 1 4 0 117.374068524
1 1 2 1 65.94540332
2 1 32 0 113.271306289
16 1 2 1 161.484339007
16 1 4 1 152.187582544
1 1 4 1 93.3163213357
4 1 4 1 150.624975857
1 1 8 1 138.605185327
32 1 8 0 172.180606629
8 1 1 0 144.392871678
2 1 4 1 111.012220139
1 1 4 0 107.694070035
16 1 16 1 136.890116474
32 1 4 1 150.511611408
8 1 32 1 147.694116968
16 1 32 1 147.994832263
4 1 32 0 153.473895556
4 1 1 0 102.876297008
8 1 16 1 173.092414094
4 1 32 1 135.228643773
2 1 8 1 127.910590457
32 1 1 1 145.674389924
16 1 16 0 175.408787667
8 1 4 1 142.203162447
4 1 16 1 185.037878033
1 1 32 1 121.800207486
4 1 2 1 93.1792255562
32 1 16 0 139.768621049
16 1 32 0 124.632542929
1 1 16 1 120.970875231
4 1 1 1 125.505627422
16 1 4 0 169.06360865
1 1 2 0 78.9434009637
8 1 32 0 174.358499199
32 1 1 0 152.88345953
1 1 32 0 119.536418222
8 1 2 1 132.543267536
16 1 2 0 160.974480746
16 1 1 0 153.895224262
1 4 4 1 108.177749166
4 2 8 0 167.847805508
32 2 32 0 146.110408042
1 4 16 1 107.95115014
8 2 32 1 125.814834415
2 8 4 0 96.9877346407
16 4 8 1 146.580582843
1 2 2 0 62.5973469178
4 2 4 1 135.348557767
1 8 16 1 116.532481468
32 4 1 0 128.340068543
8 2 1 1 121.068790471
4 2 1 1 104.407488586
1 2 32 0 130.488661466
8 4 32 0 146.715502658
16 2 2 0 163.618608841
2 2 1 0 87.7645692104
1 4 2 0 77.2006405518
8 2 16 0 143.036403039
2 8 4 1 87.7543445841
32 4 8 1 112.532355889
1 2 16 0 126.820666969
8 2 2 1 141.464987606
1 4 1 1 59.9301238576
4 8 8 1 114.219950657
4 8 32 0 146.545327915
32 2 1 1 154.685411915
4 4 2 1 118.191630453
2 2 32 1 142.608138574
4 4 8 0 157.545950678
8 8 1 1 113.292582062
4 4 1 0 112.620280566
1 4 16 0 114.757348249
4 2 4 0 157.65286386
16 2 32 0 145.845487197
4 4 32 0 147.879573805
2 4 4 1 101.7865352
16 4 1 1 132.574117348
2 8 1 1 85.1438767367
4 2 8 1 167.958552542
1 8 1 1 60.2472529626
32 4 32 0 155.172608765
1 2 2 1 84.9005057224
4 8 4 0 140.233032818
32 2 8 0 102.094957029
4 2 1 0 113.953110127
16 4 16 1 149.326893132
8 2 2 0 165.065784913
1 4 32 0 126.67840814
4 2 2 0 127.155368368
32 4 2 0 114.379178897
16 4 32 1 140.459278402
4 8 1 1 78.1769721738
4 8 2 0 128.84555208
8 4 16 0 153.170419419
4 4 1 1 113.77354469
16 4 8 0 150.648469801
1 2 8 0 114.861582369
1 8 2 0 60.9627270522
16 4 32 0 140.084795811
8 2 1 0 125.416060852
4 2 32 0 168.79812184
1 8 1 0 60.5215276782
2 8 16 1 89.3489872823
1 8 2 1 76.0594070541
16 2 4 0 163.188545819
8 2 4 1 157.742472369
2 2 16 1 125.856371974
16 2 1 1 138.58352125
4 2 32 1 104.551360215
16 4 4 1 133.005604818
4 4 16 0 148.923535366
1 2 8 1 111.278404989
2 4 1 1 83.2596883111
1 2 4 0 104.570705809
4 4 16 1 148.178638194
32 4 4 1 111.081136336
8 4 4 0 155.425097783
2 2 8 1 147.52869971
8 2 4 0 134.930254977
2 8 2 1 98.3649088053
2 4 8 0 111.215428534
2 4 16 0 133.913800618
32 4 4 0 128.831372497
8 8 1 0 124.144849273
16 4 1 0 138.972663197
2 2 8 0 152.167712051
16 4 4 0 157.747893162
32 1 32 0 141.597999842
8 4 2 0 112.788992418
4 4 4 0 113.834609387
4 4 8 1 143.365102987
32 4 16 0 146.361393045
2 2 16 0 136.509433876
1 8 32 0 114.324979795
32 2 4 1 140.532841213
32 4 2 1 134.688666295
32 2 8 1 135.880822741
32 2 32 1 135.723706374
32 2 16 0 128.198417062
32 2 4 0 134.806471973
8 2 8 1 146.46206546
2 4 8 1 126.765895972
2 8 8 0 98.6246224547
16 2 2 1 145.476641677
1 8 4 1 91.9039453369
1 2 1 1 58.9180837608
8 4 1 0 133.205383465
16 2 32 1 174.845386396
2 2 4 1 101.557868417
2 4 32 0 121.253938658
2 8 32 0 109.910295428
32 4 8 0 144.941021965
2 4 4 0 134.441814962
4 2 16 0 159.586357993
16 4 16 0 139.342890778
8 4 8 1 147.833772788
1 8 16 0 118.222049851
16 2 8 1 145.772974502
16 2 8 0 171.633942363
8 4 1 1 131.071770696
32 4 16 1 116.559397356
2 8 1 0 87.8622140363
1 4 8 0 116.049091614
2 8 16 0 110.17780644
32 1 32 1 136.984894559
8 2 16 1 171.794878388
8 4 16 1 137.644709007
1 2 16 1 125.744706294
16 4 2 0 104.535626352
2 8 8 1 91.6740582204
2 2 2 0 103.464875504
1 4 32 1 118.380347193
2 4 32 1 117.989317893
16 2 1 0 140.485550056
2 4 2 1 109.656431266
2 4 2 0 118.694086726
1 8 4 0 106.334459072
4 8 1 0 97.1397478034
16 2 16 1 164.948623771
32 4 1 1 141.991179359
8 8 2 1 152.102826893
1 8 8 0 113.373243155
2 2 2 1 91.837407121
32 2 2 1 141.098586322
2 8 2 0 98.1421298714
4 4 2 0 138.824587761
16 2 16 0 179.215634916
16 4 2 1 129.183960874
1 8 8 1 119.157453316
4 8 16 1 128.954939388
4 4 4 1 124.998934015
4 2 16 1 141.516864146
8 4 2 1 137.13896617
8 4 8 0 161.964968346
8 4 32 1 159.778038937
32 4 32 1 120.482447289
2 2 32 0 159.37206805
4 8 8 0 147.10508475
4 8 4 1 81.1267521971
32 2 2 0 155.657559616
2 2 4 0 125.608136323
2 2 1 1 96.3432301644
4 8 2 1 95.3368440025
1 2 4 1 100.017486073
8 2 32 0 143.341641489
1 4 8 1 119.147430371
4 2 2 1 117.112288396
2 8 32 1 91.5049107056
32 2 1 0 133.749147335
1 4 4 0 94.3637093327
32 2 16 1 148.33328643
1 2 1 0 62.6062709967
8 2 8 0 163.080638265
4 4 32 1 154.078041745
2 4 1 0 88.2138412405
16 2 4 1 156.407772376
1 2 32 1 107.997471453
1 4 2 1 78.9159726527
1 8 32 1 101.322586937
4 8 32 1 135.809498617
1 4 1 0 59.2260031563
2 4 16 1 105.237208793
4 8 16 0 166.005198387
8 4 4 1 132.222655161
16 16 4 1 132.595376307
16 16 1 1 123.4395996
8 16 2 1 118.114456662
1 32 1 0 58.2301176337
16 8 8 0 137.160476868
16 8 32 1 136.592798424
1 32 4 1 79.9773054041
16 8 1 1 154.245426126
4 32 4 1 106.451262867
32 16 8 0 110.172760765
1 16 4 0 96.7369341961
16 16 16 0 164.812204074
8 16 1 1 114.659093443
16 16 16 1 127.518244595
16 8 4 0 140.228702064
4 16 2 1 107.961611337
32 16 4 0 111.87696116
16 16 1 0 145.562847396
1 32 2 0 76.2463519785
16 8 32 0 147.614135274
4 16 2 0 132.488145548
4 16 8 1 124.779429132
8 8 4 1 104.647721329
2 32 16 1 97.8922424753
1 16 4 1 93.9601315366
4 16 32 0 134.451224237
1 32 32 0 108.004277115
4 16 16 1 133.262983328
16 8 2 0 131.260135427
8 8 8 0 135.22491296
32 8 2 1 94.8200518078
32 16 1 0 130.285395312
32 8 16 1 117.619978349
16 8 1 0 145.204935649
1 16 2 0 76.7715232152
4 32 2 1 92.8756119761
2 16 4 1 104.9470079
4 16 4 1 134.32649471
2 16 16 0 130.105665673
16 16 8 0 135.042728726
2 32 8 0 132.610455278
8 8 32 1 155.680974602
8 16 8 0 124.309213729
2 32 1 1 78.3246396698
16 8 4 1 138.282939031
4 32 4 0 127.283446584
1 16 2 1 75.2918530682
32 8 8 0 124.017529578
32 8 32 1 136.65957053
2 32 4 0 95.3428797984
2 32 8 1 81.9245332343
1 32 1 1 57.2363064295
1 16 8 1 104.778339
2 16 32 1 105.611802221
4 16 32 1 121.134036495
16 8 16 0 150.307392514
32 16 16 1 110.161380763
32 16 32 1 135.092141236
16 8 2 1 148.955374751
2 16 8 0 123.45388121
2 16 8 1 125.619012489
1 32 16 0 104.006592779
32 16 16 0 125.849025612
32 16 8 1 93.0847957005
2 32 2 0 101.004896491
4 32 8 1 124.051396292
1 16 1 0 56.7933741765
4 32 1 0 110.81449424
2 32 32 0 129.471080584
8 16 4 1 79.2016944225
16 8 8 1 120.238713532
32 8 1 1 156.310064193
16 16 2 1 127.277229984
16 16 32 0 139.385090525
1 16 32 0 99.7109950308
1 32 32 1 99.8185809129
2 16 4 0 123.762971084
8 16 32 1 133.693691099
4 32 2 0 114.634050193
8 16 16 0 142.055658292
1 32 8 1 96.150221521
8 8 4 0 139.370801966
8 16 32 0 137.20601321
1 16 32 1 69.56961175
8 8 8 1 141.700818597
8 8 16 0 167.054973221
32 16 4 1 93.4854014355
2 32 32 1 106.301574553
16 16 32 1 103.067515914
4 16 16 0 149.707576698
2 32 16 0 107.124109213
8 16 16 1 116.327418001
1 32 4 0 83.8050206214
4 16 8 0 139.374302068
2 16 2 1 94.4359750374
32 8 4 1 146.384781005
16 8 16 1 140.234842066
8 8 16 1 141.306149766
32 16 2 0 132.359747459
2 16 32 0 146.536524509
8 8 2 0 135.169698331
2 16 1 0 84.9366920607
32 16 2 1 125.079589644
1 32 16 1 93.9040832555
4 16 4 0 146.142694904
4 16 1 0 106.095431742
2 16 2 0 101.293080975
32 16 32 0 134.043999606
32 8 1 0 161.445614267
2 32 4 1 81.4534461874
16 16 8 1 132.263461991
2 16 16 1 131.930931777
4 16 1 1 100.263416852
2 32 1 0 79.9905466743
1 16 16 1 104.949717065
32 16 1 1 121.117167718
32 8 4 0 132.286723562
16 16 2 0 138.578449574
1 32 2 1 70.5826744535
1 32 8 0 104.094647694
8 8 32 0 140.2955023
16 16 4 0 134.174718049
32 8 16 0 139.213423689
8 16 8 1 125.065607943
32 8 2 0 133.963228634
32 8 32 0 118.424072304
2 32 2 1 82.0356886451
4 32 1 1 88.6151874696
8 16 4 0 133.653325464
1 16 8 0 105.348819726
8 16 2 0 119.835790469
4 32 8 0 140.760528251
1 16 16 0 105.601164156
1 16 1 1 59.0559797658
2 16 1 1 80.3566877517
32 8 8 1 140.348524479
8 16 1 0 126.519045549
