1 1 8 0 77.9677725665
1 1 1 1 47.8936165462
1 1 1 0 57.7233016908
1 1 2 1 50.8368694011
1 1 4 1 121.966572393
1 1 8 1 57.5277948797
1 1 4 0 121.737745968
1 1 2 0 70.285638183
1 4 4 1 67.728468489
4 2 8 0 144.31100405
16 1 8 0 170.518938078
32 2 32 0 115.87373839
1 4 16 1 48.1714347792
8 2 32 1 149.370156862
1 2 2 0 83.3742834837
4 2 4 1 130.268729076
8 2 1 1 131.05360091
32 1 2 1 178.546704038
4 2 1 1 119.357614995
1 2 32 0 105.12932696
16 2 2 0 162.454329531
2 2 1 0 76.9825387349
1 4 2 0 57.5326841983
8 2 16 0 188.53919396
2 1 2 0 79.1628465891
8 1 8 0 150.882347928
1 2 16 0 115.330087924
8 2 2 1 156.921072448
1 4 1 1 55.2506460547
2 1 16 0 115.569899243
32 2 1 1 143.893006206
4 4 2 1 118.790333815
2 2 32 1 141.986624011
4 4 8 0 85.7987620777
4 4 1 0 62.8832784273
1 4 16 0 126.055987698
4 2 4 0 127.834477053
16 2 32 0 85.5577792561
4 4 32 0 91.9733219553
2 4 4 1 118.839337235
4 2 8 1 174.949906608
8 1 8 1 74.2982916128
16 1 1 1 141.873084698
32 1 16 1 134.125391136
1 2 2 1 72.2451977844
4 1 8 0 153.199032581
32 1 8 1 110.135279858
32 2 8 0 115.789800907
4 2 1 0 121.444757996
4 1 4 0 96.6483067164
8 1 2 0 128.495396343
2 1 8 0 110.363138063
8 2 2 0 160.712852233
1 4 32 0 129.915472254
4 2 2 0 119.343172255
32 1 2 0 145.9285879
1 1 16 0 142.459832213
8 1 4 0 157.159470529
4 4 1 1 105.812796343
1 2 8 0 123.952832384
8 2 1 0 136.814668558
4 2 32 0 132.54263109
2 1 1 1 97.8878984515
2 1 1 0 94.0415217549
4 1 16 0 166.062032952
16 1 8 1 170.935728457
2 1 2 1 97.9002554927
4 1 8 1 105.41893326
4 1 2 0 112.839425994
16 2 4 0 170.458444501
2 1 16 1 130.033382225
8 2 4 1 154.143943839
2 2 16 1 100.013623698
16 2 1 1 159.286742922
4 2 32 1 142.716255391
32 1 4 0 98.7065878159
4 4 16 0 146.263642882
1 2 8 1 104.469710265
2 4 1 1 76.1108224544
1 2 4 0 119.365900608
4 4 16 1 135.742351077
2 2 8 1 155.513044095
2 1 32 1 93.2650932939
8 2 4 0 140.535336059
8 1 16 0 131.835857204
8 1 1 1 119.250582807
2 1 4 0 134.401073872
2 4 8 0 148.420307744
2 4 16 0 70.2937964116
2 1 32 0 96.1056221729
16 1 2 1 161.770203063
2 2 8 0 142.806102152
16 1 4 1 131.510879042
32 1 32 0 60.511041034
4 4 4 0 72.7773231957
4 1 4 1 145.752718298
4 4 8 1 47.3450508425
2 2 16 0 76.0512783498
32 2 4 1 149.72563434
32 2 8 1 151.040040734
32 2 32 1 154.1299798
32 2 16 0 143.431865761
32 1 8 0 162.682961272
32 2 4 0 149.068810669
8 2 8 1 174.316323938
8 1 1 0 121.59911374
2 4 8 1 90.6469650571
2 1 4 1 60.3124067056
16 2 2 1 173.710239122
16 1 16 1 171.060199312
1 2 1 1 52.9625005201
8 4 1 0 123.421341969
16 2 32 1 154.693499187
2 2 4 1 151.581371554
32 1 4 1 129.690001306
2 4 32 0 94.6671959732
2 4 4 0 131.375711423
4 2 16 0 159.981502061
8 1 32 1 80.0730816031
16 1 32 1 173.103569091
16 2 8 1 158.591913171
16 2 8 0 163.454024334
8 4 1 1 99.4812963442
4 1 32 0 69.9922334184
1 4 8 0 113.853106562
4 1 1 0 126.437910362
32 1 32 1 164.172332293
8 1 16 1 61.6847735061
8 2 16 1 159.153993808
4 1 32 1 156.517758451
2 1 8 1 112.648056659
1 2 16 1 125.536097336
2 2 2 0 96.1163706846
32 1 1 1 97.4923510506
1 4 32 1 114.566881582
2 4 32 1 84.5212599353
16 2 1 0 136.556174462
2 4 2 1 95.2872217413
2 4 2 0 116.053232498
16 2 16 1 134.036565568
2 2 2 1 87.1514669151
32 2 2 1 78.2917485608
4 4 2 0 125.633118206
16 2 16 0 130.699361869
16 1 16 0 148.718286529
4 4 4 1 140.735503784
8 1 4 1 118.038466181
4 2 16 1 123.610155748
4 1 16 1 169.861403686
1 1 32 1 108.917245509
2 2 32 0 127.219571975
4 1 2 1 92.9483459258
32 1 16 0 119.077452124
32 2 2 0 107.228123377
2 2 4 0 131.726277548
16 1 32 0 129.791407663
2 2 1 1 86.7673784589
1 1 16 1 131.304040205
4 1 1 1 99.9812391663
1 2 4 1 107.78973953
8 2 32 0 141.75538747
16 1 4 0 162.820767934
1 4 8 1 128.167103216
4 2 2 1 130.295915034
32 2 1 0 99.2402860597
1 4 4 0 37.3690466493
8 1 32 0 143.722646
32 1 1 0 125.154958214
1 1 32 0 138.375786103
32 2 16 1 129.073112728
1 2 1 0 62.6141024444
8 2 8 0 155.981801543
8 1 2 1 126.581202631
4 4 32 1 170.382078318
2 4 1 0 92.6984991672
16 2 4 1 147.500381441
1 2 32 1 81.1949086659
16 1 2 0 121.971117982
1 4 2 1 80.3961618306
16 1 1 0 120.480966509
1 4 1 0 62.1114821693
2 4 16 1 76.6194778097
2 8 4 0 139.915666725
16 4 8 1 92.7445877923
16 8 8 0 94.3566764311
16 8 32 1 105.07669525
1 8 16 1 123.970185328
32 4 1 0 107.154516137
8 4 32 0 141.90656874
16 8 1 1 129.986617832
2 8 4 1 88.8645636872
1 16 4 0 92.0676586515
32 4 8 1 109.491633455
4 8 8 1 152.119944756
4 8 32 0 53.6251271669
16 8 4 0 113.901255809
8 8 1 1 80.290871012
16 8 32 0 147.642497243
8 8 4 1 151.190337575
16 4 1 1 133.33130119
2 8 1 1 75.0455326386
1 16 4 1 60.2015675024
1 8 1 1 56.5978075913
16 8 2 0 161.402797587
32 4 32 0 90.6974308783
8 8 8 0 138.512441811
32 8 2 1 99.4701169877
32 8 16 1 137.00272424
16 8 1 0 87.7660342623
1 16 2 0 78.4470338913
4 8 4 0 135.312720093
16 4 16 1 152.563735935
32 4 2 0 112.703492539
8 8 32 1 120.152196066
16 4 32 1 130.678421579
4 8 1 1 77.9485621554
4 8 2 0 136.463399926
16 8 4 1 100.359526769
8 4 16 0 162.093206435
1 16 2 1 75.9754381954
32 8 8 0 120.133274281
32 8 32 1 149.536288726
16 4 8 0 129.117966371
1 8 2 0 78.5994936724
16 4 32 0 145.566443201
1 16 8 1 102.424038131
1 8 1 0 30.5859455201
2 8 16 1 92.4192171735
16 8 16 0 91.8142230753
1 8 2 1 63.1755057456
16 8 2 1 152.488802165
16 4 4 1 167.716324558
32 4 4 1 47.8737025959
8 4 4 0 86.4108716671
1 16 1 0 56.9210142704
2 8 2 1 98.273859306
32 4 4 0 112.01303614
8 8 1 0 133.074038842
16 4 1 0 154.946627507
16 4 4 0 119.176901691
16 8 8 1 130.560363262
32 8 1 1 108.870154606
8 4 2 0 80.5982429506
32 4 16 0 108.798829968
1 8 32 0 127.854546917
32 4 2 1 127.996024803
8 8 4 0 124.325436126
8 8 8 1 82.981038041
8 8 16 0 170.668943763
2 8 8 0 111.471624864
1 8 4 1 94.6664270156
2 8 32 0 109.432123969
32 4 8 0 82.5390720489
16 4 16 0 155.213940409
8 4 8 1 157.623652572
1 8 16 0 54.9366331022
32 8 4 1 109.917447979
16 8 16 1 82.9497685121
8 8 16 1 81.3507827785
32 4 16 1 148.884735316
2 8 1 0 87.1608815625
8 8 2 0 114.09813297
2 8 16 0 77.8500199282
32 8 1 0 102.110675454
8 4 16 1 67.9610899018
16 4 2 0 145.333507639
2 8 8 1 126.931710459
1 8 4 0 40.2033826377
4 8 1 0 68.7835550632
32 4 1 1 162.453637607
8 8 2 1 120.617031746
1 8 8 0 120.495921287
2 8 2 0 100.072220806
16 4 2 1 154.103621503
1 8 8 1 115.064516368
4 8 16 1 153.706285303
32 8 4 0 118.884816952
8 4 2 1 143.400785058
8 4 8 0 78.2374679702
8 4 32 1 157.830520349
32 4 32 1 162.987371359
4 8 8 0 158.198405654
4 8 4 1 113.845228774
4 8 2 1 108.976428281
8 8 32 0 56.8003078437
32 8 16 0 118.107793449
2 8 32 1 50.145787765
32 8 2 0 88.00346643
32 8 32 0 109.093063733
1 8 32 1 114.616024824
4 8 32 1 111.115732472
1 16 1 1 30.0780191946
4 8 16 0 139.610947488
32 8 8 1 120.775122784
8 4 4 1 140.996914183
16 16 4 1 136.675962094
16 16 1 1 83.5394877404
8 16 2 1 132.456424117
1 32 1 0 60.1669571275
16 32 2 1 121.88777695
16 32 32 1 124.394572412
1 32 4 1 84.8102380613
4 32 16 0 147.081981686
16 32 4 0 117.343447201
4 32 4 1 104.973486006
32 16 8 0 117.194776499
16 16 16 0 138.856887093
16 32 8 0 100.526685529
16 32 1 1 99.0357226991
8 16 1 1 114.276054637
16 16 16 1 132.564759535
4 16 2 1 89.7953018448
32 32 8 1 119.338990149
32 16 4 0 127.173668196
16 16 1 0 97.6663949634
1 32 2 0 58.0286579461
4 16 2 0 107.932727143
4 16 8 1 140.131031206
2 32 16 1 115.026944987
4 16 32 0 95.685704625
1 32 32 0 97.5340250888
4 16 16 1 129.143465649
4 32 32 0 94.2064858095
32 16 1 0 122.188374578
4 32 2 1 103.202582643
2 16 4 1 111.467253647
4 32 32 1 90.7081410725
8 32 2 1 121.693199052
4 16 4 1 85.2064647183
2 16 16 0 36.5725691944
16 16 8 0 136.042626108
2 32 8 0 120.648337899
8 16 8 0 160.500427836
2 32 1 1 75.7600959417
4 32 4 0 117.263627251
2 32 4 0 115.656247111
2 32 8 1 101.784860999
8 32 16 1 68.9899321357
1 32 1 1 58.160975697
16 32 4 1 119.438843234
2 16 32 1 51.6747140141
4 16 32 1 151.664395589
32 16 16 1 120.726379151
4 32 16 1 99.8332403359
32 16 32 1 121.215502124
16 32 32 0 131.454363414
16 32 1 0 118.125477219
2 16 8 0 130.524961365
8 32 16 0 83.7128234842
2 16 8 1 121.983026056
32 32 4 1 95.5102186879
1 32 16 0 114.994730751
8 32 4 1 118.588951322
32 16 16 0 119.475820896
32 32 32 0 127.525461538
32 16 8 1 125.727478466
32 32 32 1 88.0514633772
2 32 2 0 58.3836881368
32 32 4 0 85.9386944394
4 32 8 1 64.9461726969
8 32 1 1 104.094647694
4 32 1 0 93.8581958771
2 32 32 0 123.035581779
8 16 4 1 144.64425863
16 16 2 1 111.150032148
16 16 32 0 120.905512138
1 16 32 0 56.8781365662
32 32 16 1 105.441229889
1 32 32 1 105.822980637
8 32 8 0 63.690901833
2 16 4 0 115.771659442
8 16 32 1 94.0824870626
8 32 32 0 140.359314034
4 32 2 0 118.56649105
8 16 16 0 83.3502337676
1 32 8 1 98.511534351
8 32 8 1 86.6490956895
32 32 1 0 93.5879981509
8 16 32 0 159.426982918
1 16 32 1 126.384108986
16 32 2 0 113.009739177
16 32 16 0 115.517587516
32 32 2 0 124.782071417
32 16 4 1 135.933484191
2 32 32 1 96.8232441064
16 16 32 1 97.6569744935
4 16 16 0 158.290415186
2 32 16 0 82.826482287
8 16 16 1 122.742971047
1 32 4 0 67.5866368369
4 16 8 0 123.076394514
2 16 2 1 60.2838526712
8 32 4 0 122.574038772
32 16 2 0 149.225185549
2 16 32 0 70.4867625095
32 32 1 1 98.9476138889
2 16 1 0 77.3766736594
32 16 2 1 117.340224488
1 32 16 1 51.323717155
4 16 4 0 81.8381522603
4 16 1 0 109.611224802
2 16 2 0 72.434815369
32 16 32 0 131.168468856
2 32 4 1 94.2099972902
16 16 8 1 123.640163946
2 16 16 1 140.694530095
4 16 1 1 93.5164277938
8 32 1 0 120.070634116
2 32 1 0 61.570998864
1 16 16 1 37.2956161449
32 32 2 1 101.109787116
32 16 1 1 94.8529440889
32 32 16 0 127.231191996
16 16 2 0 131.602859871
1 32 2 1 64.8417676945
16 32 16 1 112.13795625
1 32 8 0 31.6700868368
16 16 4 0 142.913214828
32 32 8 0 133.29754853
16 32 8 1 89.0251134983
8 16 8 1 95.5686714621
2 32 2 1 65.8830064743
8 32 32 1 117.23650311
4 32 1 1 75.3062292406
8 16 4 0 94.4295944498
1 16 8 0 77.3385914641
8 32 2 0 125.191727731
8 16 2 0 145.256262709
4 32 8 0 124.496633119
1 16 16 0 63.5510106856
2 16 1 1 78.0617300976
8 16 1 0 117.741334231
1 2 2 1 151.822615035
32 1 8 0 274.412219685
8 1 1 1 32.1153337345
1 1 32 0 237.956807613
1 1 1 1 69.9807039893
4 1 1 1 224.387082218
32 1 2 1 29.8780786658
32 1 32 1 26.4845495217
2 1 8 1 183.321968718
1 2 8 0 227.343009731
1 1 2 1 152.689109114
1 2 1 0 86.089503907
4 1 2 1 241.642758107
16 1 2 1 241.850599913
2 2 1 0 175.402038748
16 1 8 0 286.728880488
16 1 4 1 295.156464345
2 1 16 0 269.47190126
2 1 8 0 294.224355714
8 1 4 1 294.100961807
8 1 2 1 257.1975144
2 1 4 1 164.410659871
1 1 16 1 91.2398987264
1 2 16 0 37.5413581802
32 1 4 1 228.411158225
2 2 1 1 102.742724875
1 2 4 1 215.12566871
32 1 8 1 79.092853685
1 1 16 0 223.919676378
1 2 1 1 113.670137284
1 2 32 0 222.642013013
8 1 32 0 310.530273146
16 1 4 0 329.869657367
1 1 4 1 97.6080164158
4 1 1 0 218.080893459
8 1 8 0 292.732573747
2 1 2 0 243.367496195
32 1 4 0 304.215419382
4 1 2 0 88.5709019367
32 1 32 0 325.63136108
2 1 32 1 119.599103343
1 1 2 0 173.369484906
2 1 2 1 176.541017483
4 1 4 0 229.914101725
16 1 16 0 301.902975864
8 1 1 0 53.2411273531
1 1 32 1 258.735881334
16 1 16 1 285.824660169
1 2 2 0 162.78677516
1 1 8 1 239.64729974
1 2 32 1 248.927294546
32 1 1 0 107.341037961
2 1 1 1 161.936181008
1 1 8 0 153.371423925
2 1 1 0 195.268651072
2 1 4 0 247.052151065
1 2 16 1 230.193716337
32 1 16 0 29.4486613144
16 1 1 1 46.0080184144
8 1 32 1 291.348387289
4 1 16 1 300.59563369
8 1 16 1 260.043920883
32 1 2 0 31.3651391487
32 1 1 1 316.694161069
8 1 16 0 307.397999116
4 1 16 0 295.161593919
2 1 16 1 201.633994273
4 1 8 0 306.005681184
8 1 2 0 31.4878149458
4 1 32 1 50.7177723639
4 1 8 1 284.847169356
1 2 8 1 218.235881614
1 1 1 0 123.017633304
16 1 8 1 297.508391662
32 1 16 1 269.648805222
2 1 32 0 280.529296704
8 1 8 1 227.300905371
4 1 32 0 339.08512089
16 1 32 0 198.249534641
1 1 4 0 224.195291971
1 2 4 0 46.0904216034
16 1 32 1 102.131659575
16 1 2 0 235.326618279
2 2 16 0 300.462642462
16 2 16 0 308.315467032
4 2 4 0 292.139074868
32 4 16 1 230.926172655
16 2 16 1 318.900932827
32 2 8 0 303.662264643
2 4 32 0 241.616202853
4 4 8 0 268.668329801
16 2 8 0 102.099131258
1 8 8 0 100.854799225
8 4 1 1 217.859373554
4 2 8 1 197.164635099
8 4 4 1 292.748753189
8 4 2 0 302.268938377
2 4 2 1 185.24948335
16 8 2 1 284.005896277
2 2 32 0 278.972811492
32 4 32 0 201.070624452
16 8 2 0 280.577686628
16 8 1 1 292.726486491
4 4 32 1 201.505177076
8 8 4 0 270.617485413
32 2 32 0 236.800668354
32 4 16 0 249.327973473
4 4 4 0 266.501806226
16 4 32 1 196.818535259
8 4 8 0 281.901162546
2 8 4 1 235.478424663
4 8 1 0 214.128807867
4 2 16 0 238.672632763
16 4 4 1 291.306669244
16 4 1 1 198.238498488
1 4 16 1 198.138432894
8 4 32 1 301.855422157
1 4 32 1 191.520904378
32 4 2 1 304.066599276
1 8 8 1 192.157293652
2 4 4 1 188.15466167
32 4 32 1 251.464298288
16 2 2 1 258.64507879
2 2 4 0 255.300821225
4 2 8 0 136.678981361
2 4 8 0 215.291221791
16 8 4 0 148.109685835
1 4 1 0 100.26720477
2 4 1 1 159.894147905
2 2 32 1 87.2443048467
16 4 16 1 289.521628338
4 8 1 1 192.942768619
32 8 1 0 282.129847435
32 2 2 0 306.381194045
16 8 1 0 272.928109779
16 2 4 0 359.087721743
1 4 1 1 112.573124534
32 2 4 0 260.070231422
8 4 32 0 269.765765807
2 2 8 0 237.414254705
4 8 4 0 244.624669812
8 8 16 1 80.0550631501
16 8 16 0 259.320072872
4 4 4 1 243.07755976
8 8 8 0 234.277789692
4 4 1 1 187.810995749
16 4 8 0 195.662005839
4 4 32 0 228.833830772
2 8 8 1 171.408911135
2 2 16 1 128.805810571
4 8 16 0 150.189147431
1 8 1 0 116.74588144
2 4 4 0 229.699091275
1 8 2 0 108.094569828
1 4 32 0 227.086622016
8 8 1 0 221.41861085
8 2 2 1 66.1573290461
2 4 8 1 232.8153734
2 8 1 0 159.604794156
16 4 32 0 299.65577183
32 4 8 1 244.949315729
1 4 4 0 89.5007777469
4 8 2 1 232.30128689
1 8 16 0 208.906825558
16 4 1 0 260.328492438
16 4 16 0 284.287611039
4 2 2 0 251.432692345
2 4 1 0 172.301763566
4 2 1 1 72.002850345
16 8 16 1 212.862519165
2 4 32 1 206.210681522
32 4 1 0 293.009157061
32 4 8 0 159.591271951
2 4 2 0 187.39804342
16 4 8 1 282.159052211
16 4 2 0 241.641714158
8 8 32 1 275.450229896
2 8 2 1 200.956897514
4 2 4 1 183.40388848
4 4 8 1 266.395067649
32 2 8 1 222.427126043
1 8 32 1 210.206775819
1 4 16 0 113.024381225
8 2 16 1 243.535215824
8 8 32 0 232.328922013
16 4 4 0 192.412231996
4 8 16 1 106.240513225
16 4 2 1 198.422554265
32 2 16 1 342.729610025
8 2 32 1 307.508391139
8 2 16 0 279.69170275
4 2 1 0 100.346810068
2 8 1 1 161.296195707
4 4 16 1 225.333352098
4 8 32 0 269.112918886
32 2 32 1 231.714605265
32 2 16 0 277.236071677
8 8 2 0 260.976654401
4 8 32 1 239.522986636
2 2 2 1 40.6571499649
2 8 2 0 191.367720401
1 8 2 1 152.26355156
4 4 1 0 179.79800709
16 8 4 1 218.384257357
4 4 16 0 210.943341729
4 8 8 0 246.53183703
16 8 32 1 295.675620051
1 8 32 0 97.6152278066
16 2 8 1 278.300249007
2 8 32 0 160.207230346
4 8 8 1 227.802364682
4 2 2 1 82.424423047
32 4 2 0 212.602981549
8 2 8 0 49.5407569851
1 4 2 0 113.209320205
32 4 1 1 249.255219378
4 2 32 0 317.45459939
2 2 4 1 192.691742773
1 8 4 1 183.17074469
32 4 4 1 292.188154557
2 8 32 1 265.93027209
1 4 2 1 141.483444169
4 4 2 0 197.735888473
1 8 16 1 164.594754764
8 8 2 1 260.314728831
2 4 16 0 239.752543259
2 2 2 0 220.394070517
2 4 16 1 210.572992987
8 4 8 1 244.165073952
2 8 4 0 225.967789017
8 8 8 1 222.811293896
16 8 32 0 275.99927575
4 4 2 1 233.379510471
4 2 16 1 242.521863312
1 4 8 1 152.331106469
16 8 8 1 226.057472072
16 2 4 1 98.107568753
1 8 4 0 181.708690728
32 4 4 0 255.397748862
2 8 16 1 187.268316715
32 8 1 1 283.895533823
8 4 16 0 270.577443659
8 4 2 1 290.436699868
8 8 4 1 264.249208757
8 2 32 0 63.8092407993
8 2 1 0 255.406363376
8 2 2 0 247.381190273
1 8 1 1 120.076263335
8 4 16 1 178.729453476
32 2 4 1 250.399067157
8 8 1 1 185.160594495
8 2 1 1 295.583180696
8 2 8 1 214.985608637
1 4 4 1 195.481648848
1 4 8 0 201.02577137
16 2 1 0 251.973528047
8 4 4 0 253.468495283
8 8 16 0 157.105450649
4 2 32 1 53.1324156219
16 2 2 0 296.704088523
8 4 1 0 250.654792545
16 8 8 0 287.045131527
8 16 2 0 87.428652162
16 32 1 1 228.951017052
4 32 4 0 242.750899518
2 16 32 1 157.905404976
4 32 32 1 212.741852174
2 32 16 1 203.617236271
16 32 16 1 227.807820221
32 16 2 1 249.767250391
4 32 16 0 218.795695102
8 32 1 0 208.177528767
1 32 1 1 60.3401563632
4 16 2 1 100.383520451
1 16 4 1 80.7266663468
2 16 4 0 237.070697823
16 16 32 0 238.787800062
16 16 4 0 179.720461928
32 8 16 0 201.733965192
32 32 2 1 171.693186256
32 8 32 1 151.639779053
4 32 1 0 179.556041567
16 32 4 1 227.443566475
2 16 1 1 141.860234832
2 16 16 1 197.497866579
4 16 2 0 158.546387286
32 16 16 1 227.240744644
16 16 32 1 217.489146175
1 32 8 0 197.940369685
1 16 16 1 63.8802685476
4 32 2 0 203.422593316
2 16 2 1 176.466203744
1 32 1 0 106.80717246
32 32 32 0 175.242039381
8 32 16 0 210.785835296
8 16 16 0 177.883568712
4 16 16 1 202.1707011
8 16 8 1 264.51470634
8 32 16 1 203.139986743
4 16 8 1 172.333644454
32 16 4 0 277.127831223
4 16 32 0 248.455274922
2 32 2 1 165.600818419
1 16 32 0 192.387982674
4 32 4 1 227.680036273
1 32 2 1 132.38391404
32 16 16 0 256.321556338
16 32 1 0 274.878001474
32 8 2 1 231.754289236
16 16 4 1 129.431897074
32 16 1 1 219.659774868
32 8 8 1 239.336424065
4 16 32 1 253.517834865
8 16 32 0 253.664619109
2 16 4 1 116.373814512
16 16 16 1 275.364091964
2 32 32 0 246.53075041
1 16 8 1 169.725334007
2 32 1 1 136.163732258
16 16 16 0 203.588055113
8 32 32 0 247.163257715
4 16 16 0 227.41372791
4 32 2 1 140.535908981
2 32 4 0 206.906469725
32 32 1 1 232.972766858
8 16 1 0 248.368161558
32 16 1 0 206.285415726
1 32 16 0 143.214627001
4 16 1 1 120.932557897
1 32 16 1 93.623937411
16 32 2 1 242.003990134
8 32 8 1 180.001867403
1 32 4 0 147.645439294
32 8 8 0 298.178941368
8 16 32 1 258.678667664
32 8 4 1 289.631989821
16 16 8 1 169.882045643
4 32 1 1 173.444951099
2 32 8 0 210.371952248
32 32 2 0 281.723279379
32 32 32 1 75.2278234387
1 16 32 1 183.198358143
16 32 8 0 226.938011782
32 8 4 0 284.129237724
16 32 32 1 219.262938011
8 32 32 1 221.668630879
16 16 2 1 252.457610482
8 32 2 1 208.526368402
8 32 4 0 259.468471059
32 16 2 0 199.663836141
2 16 8 1 183.402613558
32 32 4 1 192.493478216
1 32 2 0 140.297274578
4 16 4 1 209.932414619
8 16 4 0 227.702887138
32 16 8 1 191.980578242
2 32 16 0 206.685020014
2 32 32 1 166.370311539
32 16 32 1 251.846685059
2 32 8 1 180.590246104
16 32 4 0 283.016972615
2 32 1 0 167.110094711
4 32 32 0 233.491132567
8 16 4 1 195.059799311
32 8 2 0 162.615606861
4 32 8 1 221.705932427
8 16 1 1 216.33625054
32 32 16 0 218.768892337
32 32 8 1 230.422563372
1 16 1 1 87.0915379755
16 16 1 1 241.83007707
2 16 32 0 196.631607466
1 16 8 0 186.270276127
1 16 2 0 143.994830827
32 32 4 0 248.9571656
1 32 4 1 76.1550861525
8 32 2 0 249.534081154
8 16 8 0 154.897780875
16 32 32 0 253.619469651
16 32 8 1 227.99595484
32 16 32 0 240.121212302
1 16 1 0 112.166701173
1 16 4 0 176.957257343
8 16 2 1 238.424850714
2 16 2 0 126.60199048
8 32 8 0 211.264434675
8 32 1 1 173.523942648
2 16 16 0 231.086393105
1 32 32 1 168.866978147
1 16 16 0 167.907211855
16 16 2 0 298.750552551
32 16 4 1 251.365015739
2 32 4 1 165.72501525
4 32 8 0 222.167685956
16 32 2 0 235.537379667
4 16 1 0 199.428178015
16 16 8 0 279.177202575
1 32 32 0 196.532383697
1 32 8 1 184.639514374
32 16 8 0 207.503229192
16 16 1 0 275.140699266
8 32 4 1 202.127878369
32 8 16 1 254.327927848
32 8 32 0 256.212032994
2 32 2 0 170.600862057
1 16 2 1 137.678634343
32 32 16 1 210.866806187
4 16 4 0 237.002844853
4 32 16 1 209.378101584
32 32 1 0 206.443387409
4 16 8 0 188.107666966
8 16 16 1 199.32778891
32 32 8 0 241.051050223
16 32 16 0 241.875337915
2 16 8 0 218.90060736
2 16 1 0 165.199554134
1 1 2 1 151.87919478
1 1 8 1 193.205098159
1 4 4 0 164.394160271
1 4 1 1 218.976694348
1 2 1 1 221.460028024
4 4 1 0 380.830780575
2 1 32 1 275.936417052
8 2 8 1 333.588158752
4 1 4 1 386.883729653
4 2 1 1 373.076008995
16 2 4 1 95.3021153254
2 2 16 1 517.51866852
4 1 1 0 442.510293685
4 2 8 1 355.96652371
2 1 16 1 404.369905366
8 2 1 0 406.013672883
1 2 16 0 163.60957027
4 2 32 0 455.380419404
32 2 32 0 472.252167758
8 1 4 0 364.440868672
2 4 16 0 244.483899962
4 2 2 1 477.615756435
4 4 16 0 412.358517796
4 4 32 0 197.712732449
8 1 8 1 527.963647129
1 1 32 0 415.317358363
2 4 32 1 269.796521189
2 1 2 1 93.6794931875
4 1 1 1 449.345687347
16 2 2 1 473.780789128
2 1 8 1 111.182556663
16 2 32 0 465.324037314
2 2 2 1 399.488241506
8 2 2 0 444.332846273
4 1 4 0 76.8157069697
1 2 32 1 349.434213825
2 4 2 1 274.501365351
32 1 2 1 495.428812461
1 4 8 1 350.004302516
1 2 1 0 163.752362966
4 4 1 1 335.397688047
8 1 8 0 345.978939666
1 1 32 1 413.97526699
2 4 8 1 229.794362935
2 1 4 1 326.966262596
4 4 4 0 437.003391809
4 1 8 0 82.9998362146
1 2 2 0 301.69547012
2 4 32 0 273.288496483
2 1 32 0 457.217029212
2 4 4 0 415.010039365
16 1 16 1 528.748425912
2 2 4 1 487.257500513
1 1 8 0 426.884902938
32 2 16 0 76.8404162779
2 1 2 0 252.169031707
1 4 16 0 230.244568926
16 1 4 0 57.7275882016
2 2 32 0 229.543781721
1 4 2 1 212.434701266
8 1 2 0 530.400869822
4 4 16 1 284.887310167
16 1 2 0 506.700847377
4 2 2 0 286.300901179
32 2 32 1 413.801801489
4 2 16 0 431.973712861
32 1 1 1 607.159763296
32 1 16 1 542.695959454
32 2 2 0 547.885714679
8 2 32 0 82.6869606382
4 1 2 1 191.838409102
16 2 4 0 71.7669870755
2 1 1 0 368.396020052
1 4 16 1 336.621757799
8 1 1 0 344.101224343
4 1 32 1 51.9350097154
2 2 8 1 432.930164039
2 2 1 0 277.31608974
32 1 4 0 566.005435783
2 2 4 0 331.384264896
4 2 16 1 484.939756837
16 2 1 0 50.606365192
4 2 4 1 250.135343394
2 2 2 0 308.028811302
4 2 1 0 466.187549512
4 4 2 1 401.567452365
1 1 1 0 208.26209296
1 1 2 0 260.561073884
1 4 32 1 355.839865329
4 4 4 1 400.289229972
32 1 2 0 384.296854704
8 2 8 0 375.836137597
32 1 4 1 377.436321529
1 2 4 1 358.514961567
2 2 32 1 454.546125432
1 4 1 0 128.117994804
2 4 16 1 307.689897963
32 1 8 1 612.602511312
8 1 16 0 89.702604412
2 1 1 1 76.9797296003
2 1 4 0 557.570847655
8 1 2 1 480.393729833
1 2 2 1 311.312250546
32 1 1 0 569.223072612
4 2 8 0 379.059790303
16 1 32 1 532.612986147
8 1 4 1 415.201576285
8 1 16 1 76.7747416828
32 2 1 0 293.012458587
1 1 1 1 105.547604764
2 1 16 0 525.547305675
16 2 1 1 84.5702760757
32 2 16 1 91.3075568863
2 2 16 0 378.025856249
32 1 8 0 344.826144777
1 4 32 0 347.721341087
1 2 4 0 165.045225376
16 1 32 0 272.812946311
2 2 8 0 461.333754359
16 1 2 1 567.533009093
8 2 4 1 281.808923446
8 2 2 1 380.096536651
1 4 2 0 269.527975098
32 1 16 0 578.256215609
1 2 32 0 379.378404102
4 1 2 0 506.557341449
1 2 8 0 427.098729247
4 2 32 1 313.551386302
4 1 8 1 94.5379446443
1 1 16 1 424.945251964
2 2 1 1 333.436098294
4 4 32 1 165.085464429
8 1 1 1 515.324138638
8 2 1 1 250.851521165
4 1 32 0 451.155809219
1 4 8 0 354.572894149
2 4 4 1 325.643084891
1 2 8 1 400.312527645
8 2 16 1 86.8702364592
1 4 4 1 320.803018702
32 2 2 1 527.650419917
2 1 8 0 469.986653733
16 1 1 0 397.326061394
2 4 1 1 235.312932984
4 2 4 0 423.551700673
1 1 16 0 425.987898113
1 2 16 1 391.120078321
2 4 8 0 356.108874946
16 1 16 0 594.859063884
4 1 16 0 453.020251146
2 4 1 0 308.859386266
32 1 32 1 314.668414721
2 4 2 0 355.877455324
4 4 2 0 405.971652743
4 4 8 0 242.673725774
16 2 16 1 519.50790269
8 2 4 0 551.99506824
4 4 8 1 440.730893627
16 2 8 0 484.357098561
32 1 32 0 475.49590025
2 8 16 1 411.469780339
16 4 32 1 287.231716817
16 16 32 0 304.305426002
32 8 2 0 486.604370404
2 8 8 0 211.965584285
32 8 16 1 447.287574705
32 16 32 1 247.152651796
2 16 2 0 390.426187136
16 8 4 1 383.149978197
8 16 1 0 422.531114746
2 16 1 0 329.069247005
4 16 2 1 344.94750661
4 8 2 0 103.1249696
8 4 16 0 217.788198916
32 4 1 0 51.9998142663
16 4 32 0 61.5960182709
4 8 16 0 379.999355594
8 16 8 1 415.310290755
1 16 8 1 340.093374438
16 16 4 1 270.251265831
4 16 4 1 263.135129877
2 8 1 0 248.813249603
16 8 32 0 312.866562361
2 16 2 1 310.740514764
32 8 1 1 455.380419404
8 16 2 0 429.952441817
16 16 1 0 402.164891356
2 16 32 1 196.16006512
1 8 16 1 348.875726776
1 16 4 1 313.255735067
1 16 1 0 131.447469938
16 4 16 1 78.2206495235
1 16 8 0 347.157368479
2 8 1 1 308.948692181
2 16 4 0 408.387481858
16 8 32 1 317.169293859
1 8 4 0 81.076548938
32 16 2 0 482.853224443
8 4 32 0 399.54466905
32 16 4 1 295.156594799
16 8 16 1 440.9189409
8 4 16 1 262.178329876
2 8 8 1 418.0631744
16 16 2 0 325.48906591
16 8 8 1 254.32385857
32 8 2 1 445.210709199
2 8 32 1 349.680255934
16 16 16 0 53.9260445611
8 16 2 1 320.469067048
8 16 32 0 304.337023836
8 8 1 1 281.005868858
16 8 2 0 362.683990991
16 4 1 0 359.644298621
32 4 8 0 406.453525468
4 8 2 1 386.492199782
16 16 8 0 287.230458728
1 8 8 0 342.045223555
2 8 16 0 381.37125167
4 8 1 1 346.455036511
32 16 32 0 426.981294583
16 4 16 0 400.773124199
16 4 4 0 473.241306358
32 16 8 1 405.075686047
8 8 4 0 343.329968558
1 8 8 1 358.703582789
32 8 4 0 253.273854289
32 16 8 0 220.758592952
4 16 32 0 325.991537325
16 4 4 1 325.768364338
1 16 2 0 269.309242334
1 16 32 1 311.780495764
32 16 2 1 228.927375206
4 8 32 1 286.667950922
1 8 16 0 101.886545369
8 16 4 0 403.410825094
32 4 32 1 370.426025009
32 8 8 0 356.089552652
4 16 16 1 257.522141396
2 8 2 1 339.403120279
8 8 8 0 230.209504454
16 16 8 1 264.03327144
1 8 1 1 186.427652419
8 16 32 1 348.828071041
32 16 4 0 397.651598172
2 16 8 1 292.823539678
8 16 8 0 333.06012978
1 8 4 1 323.925592124
32 16 1 0 394.326800566
16 8 1 1 433.793273374
32 16 16 1 369.632238254
4 8 16 1 237.82543898
32 8 1 0 260.826135765
32 16 1 1 384.486311079
16 4 2 1 443.694098938
1 16 4 0 120.083974618
8 8 8 1 253.425626398
2 16 16 0 398.880164058
2 16 32 0 273.187709331
1 8 32 0 107.159270139
2 16 1 1 230.277786059
2 8 4 1 304.579211305
8 16 16 1 285.563738302
32 8 16 0 389.340240604
8 4 32 1 433.342084594
8 4 2 1 427.794640604
4 16 32 1 241.376373264
1 32 1 1 198.993144196
4 16 8 0 323.656539977
16 4 1 1 417.967777433
4 16 16 0 324.913751611
16 16 1 1 427.569242273
16 8 16 0 403.941329177
1 8 32 1 314.957340033
8 8 32 0 456.905128278
2 8 32 0 364.297155654
32 8 32 1 416.200570286
4 8 32 0 280.681125206
2 16 8 0 374.798530262
32 4 32 0 317.492915183
4 8 4 1 348.072959024
16 8 4 0 413.38020066
4 16 1 0 334.437952044
16 8 8 0 396.797695387
2 16 16 1 92.9395457548
2 16 4 1 330.879865925
32 4 2 0 54.9613558121
2 8 4 0 309.572002746
8 16 16 0 259.133604575
4 8 8 1 374.925988931
4 16 8 1 270.866324635
8 16 1 1 401.144399545
8 16 4 1 225.589781626
16 16 2 1 412.088352583
32 8 8 1 344.945955299
1 32 2 1 238.804306722
4 8 1 0 368.204424716
4 16 4 0 367.28109923
32 4 2 1 197.212985384
16 4 2 0 346.458906907
1 8 1 0 111.556341368
32 8 32 0 453.173603791
1 32 8 1 298.130028933
16 8 2 1 272.15675761
1 8 2 1 192.021969202
4 8 4 0 299.165394645
8 8 16 0 310.368181288
16 8 1 0 415.102807091
1 16 32 0 315.937525162
1 16 1 1 172.383470897
4 16 1 1 324.85073404
16 16 4 0 493.799956923
4 16 2 0 377.067411117
32 8 4 1 413.08048799
1 16 2 1 224.527742692
1 32 2 0 158.400529888
16 16 32 1 350.485916044
1 16 16 0 181.9261315
32 4 4 1 423.203285605
1 32 8 0 124.023036671
16 16 16 1 120.743362484
4 8 8 0 310.191113061
1 32 1 0 201.866257021
32 4 16 0 411.549970017
1 32 4 1 276.479420626
1 32 4 0 315.518613512
16 4 8 0 73.8703859127
8 8 32 1 269.38294163
32 4 16 1 42.9800353485
8 8 16 1 395.514936224
1 8 2 0 262.712386451
32 16 16 0 385.765708825
1 16 16 1 258.731590042
2 8 2 0 305.184174243
4 32 2 0 322.853271912
8 32 32 0 217.811893629
1 32 32 1 290.773708632
4 32 4 1 313.066652342
8 32 2 0 248.034797094
4 32 1 1 290.809548094
2 32 4 0 370.439762093
2 32 4 1 299.587798707
16 32 32 1 270.261825518
2 32 8 0 303.679170531
4 32 16 1 222.46030708
2 32 1 1 280.303168399
4 32 2 1 212.363422851
16 32 2 0 372.211689071
2 32 16 0 321.704313298
32 32 16 1 230.859481131
2 32 2 1 299.181554408
16 32 1 0 320.189265898
4 32 32 0 415.436560085
32 32 16 0 319.844609831
32 32 2 1 312.421682263
16 32 8 0 288.062766142
2 32 8 1 345.371898259
32 32 32 1 319.667034463
16 32 16 1 283.836457066
32 32 4 1 303.660836048
4 32 8 0 365.652337797
2 32 1 0 233.791775558
16 32 4 1 377.275832716
1 32 16 1 319.534826142
16 32 8 1 378.995456249
1 32 16 0 333.45666444
32 32 8 0 344.023490986
32 32 1 1 355.46747578
2 32 2 0 298.765520681
4 32 8 1 400.249337374
8 32 1 1 352.835889103
16 32 16 0 379.296628006
16 32 2 1 298.375585092
16 32 32 0 281.773641358
32 32 4 0 360.490168841
2 32 32 0 326.131372336
4 32 1 0 320.065866895
16 32 1 1 321.291151363
32 32 2 0 357.329321537
1 32 32 0 199.613514176
2 32 32 1 360.427310391
2 32 16 1 295.218366586
8 32 2 1 378.93164547
32 32 1 0 376.605717517
4 32 32 1 219.699760155
16 32 4 0 422.890830476
32 32 32 0 307.998562437
8 32 1 0 385.897547599
4 32 4 0 392.881384541
4 32 16 0 247.900785318
32 32 8 1 396.098926452
1 1 1 0 488.465067917
2 1 2 0 1001.34612495
8 1 8 1 1748.65685994
4 1 32 1 1235.82156808
2 1 8 1 759.982344217
8 1 16 0 1902.90730499
2 1 1 1 990.573395557
2 1 8 0 964.961570279
2 1 32 0 968.768683807
4 1 16 1 1311.39691486
1 1 16 0 1794.47099797
2 1 4 0 893.954490528
8 1 1 1 2143.99588204
4 1 4 0 1489.41559119
4 1 8 1 1424.80667455
2 1 1 0 882.324300906
2 1 2 1 830.815458471
1 1 1 1 810.816070626
1 1 32 0 902.56430134
1 1 4 0 1491.60872586
8 1 2 1 1959.29831043
8 1 8 0 1747.85348654
4 1 8 0 1402.18166365
8 1 2 0 1915.42690852
4 1 32 0 1208.83744511
4 1 16 0 1416.36325574
4 1 4 1 1332.51026019
1 1 8 0 751.541416863
8 1 4 0 2042.0113024
8 1 32 0 1252.18113854
1 1 32 1 687.392932318
16 1 1 1 2267.87163271
4 1 1 1 1287.42578482
1 1 2 1 711.674411193
1 1 16 1 1018.76084313
16 1 2 1 2100.45704829
1 1 8 1 627.655329277
1 1 2 0 1477.00095471
8 1 32 1 1410.63796387
2 1 16 0 963.279503665
8 1 1 0 1510.39913574
2 1 4 1 878.476302068
8 1 4 1 1830.60525309
2 1 16 1 839.316059701
4 1 2 1 1399.9690656
16 1 1 0 2380.7537277
4 1 1 0 1414.06405523
8 1 16 1 1655.69827137
4 1 2 0 1302.85113349
2 1 32 1 844.818448907
1 1 4 1 1301.31466861
32 1 16 1 2046.93895249
32 1 8 1 2231.15999399
32 2 8 0 2718.76664763
1 2 16 0 1986.71357076
4 4 16 1 1571.33333341
4 4 1 0 1356.88483471
16 2 4 0 2802.09422526
16 2 1 0 2488.87331258
16 2 8 0 2585.43877853
2 2 32 0 1021.61374186
4 4 8 1 1320.33429074
2 2 8 1 1091.5525755
4 4 8 0 1657.45808497
2 2 16 0 1037.15704438
4 2 32 0 1396.60597046
16 1 8 0 2189.07282696
16 1 16 1 2012.6705166
4 4 4 1 1359.85239294
1 2 2 1 1253.36118583
8 2 8 0 1955.81108381
32 2 4 1 3018.66810473
1 4 16 0 1697.94659894
1 4 16 1 1175.98492945
32 1 2 1 2991.26347938
2 4 32 0 883.57070137
32 2 1 0 3307.14492131
4 2 32 1 1584.5440429
1 2 8 0 1390.04260627
1 4 8 1 1920.39297549
4 2 16 0 1348.51284788
4 2 1 0 1491.81276693
2 2 1 0 1080.09932009
1 2 2 0 1458.35990958
8 2 8 1 1736.3759356
16 2 2 0 1280.9730924
1 2 32 0 683.478462303
2 4 8 0 1101.52894721
16 2 1 1 2946.24549541
8 2 4 0 1909.06102238
4 4 2 0 1582.90902811
32 2 4 0 2943.37229149
32 2 32 0 1745.18118273
1 4 2 1 1951.61650488
32 2 1 1 1734.26334981
8 2 2 0 1942.27315847
32 2 32 1 1950.18117004
32 2 16 0 2461.23479542
32 2 2 0 3199.47249299
2 2 32 1 961.71211165
32 1 32 1 1509.16584784
4 2 4 0 1362.6771283
1 2 4 1 1908.45232237
4 4 32 0 769.774803879
16 2 32 0 1943.40023835
4 2 4 1 1505.44364531
2 4 8 1 1147.69996694
4 4 16 0 1263.50067213
4 2 2 0 1465.17591935
16 2 16 0 2487.84402207
8 2 16 0 1661.13532516
2 4 2 0 854.072668663
16 2 16 1 2109.80294217
8 2 32 1 1756.95924628
16 1 4 1 2480.1294895
16 1 4 0 1858.26815805
2 4 2 1 922.999922374
2 4 4 1 1086.98352161
32 1 4 0 3114.61767533
8 2 32 0 1719.88821333
8 2 1 0 1972.296309
8 2 2 1 2050.58650643
16 1 16 0 2081.58264396
16 2 32 1 1215.30236317
32 1 1 1 2342.82995973
1 4 4 0 1589.19044521
8 2 16 1 1808.64325151
4 2 16 1 1391.43659089
4 2 8 0 1561.88530937
32 1 16 0 1992.46193203
1 4 32 1 1941.75089675
1 4 4 1 1383.44688661
1 2 16 1 1835.44266048
2 4 32 1 620.066807702
2 2 4 1 934.799520876
16 1 8 1 2341.21689481
8 2 1 1 2227.66565432
4 2 8 1 1528.69899587
32 1 8 0 2774.00318606
2 4 16 1 1073.66609523
4 2 1 1 1480.15877852
1 4 1 0 1455.51850803
16 1 32 0 1710.44515058
1 2 4 0 1893.3042972
32 1 32 0 1664.99379084
16 2 8 1 2426.54523455
16 1 2 0 2370.51696019
32 1 2 0 2669.20527474
1 2 1 0 2025.90096418
16 1 32 1 1676.08971888
2 2 16 1 806.83580604
1 4 32 0 1831.29675991
32 1 4 1 2968.9822125
4 4 2 1 1337.28675856
2 2 2 0 957.648816635
4 2 2 1 1511.19498779
4 4 32 1 1450.06431773
1 2 32 1 2153.20583195
2 2 2 1 1068.83536615
2 4 1 1 1184.96392456
32 2 2 1 3330.50326352
2 4 16 0 977.756715429
1 2 1 1 2065.75361282
8 2 4 1 2037.3909185
2 2 8 0 1074.69420519
32 2 16 1 2639.43517318
1 4 1 1 640.170944661
2 2 1 1 1045.74087894
4 4 4 0 1274.90289237
1 4 8 0 1631.86379524
2 2 4 0 961.204246647
32 1 1 0 2447.63985015
16 2 4 1 2616.36834537
2 4 1 0 1163.11672614
16 2 2 1 2709.62316681
1 2 8 1 1095.31504394
1 4 2 0 2104.14171884
2 4 4 0 792.206878772
4 4 1 1 1666.93749608
32 2 8 1 2737.99363454
16 8 1 0 2860.53380557
32 8 1 1 3248.12917356
8 4 2 1 1597.64372055
16 8 32 0 1398.40474275
32 4 32 1 1956.83332683
2 8 16 1 1333.49851827
4 8 32 1 1579.26734158
2 8 8 1 1157.53960691
1 8 2 0 1508.40642793
16 4 32 0 1739.46993077
32 4 16 1 2311.74645599
4 8 8 1 1503.61521974
16 8 16 0 2667.96138374
16 8 8 0 2633.6806606
16 8 4 0 2891.11438668
32 8 8 0 1848.32964877
4 8 4 0 1657.23868129
32 4 4 0 2867.23071626
8 4 4 1 1815.6531684
32 8 2 1 3654.73958979
16 4 4 1 2790.75975022
8 8 32 1 1718.79947701
32 8 8 1 3464.7810524
8 8 8 1 2185.19492231
2 8 1 1 1159.04817994
4 8 16 0 1542.17882419
1 8 32 0 1459.20239956
32 8 4 0 3416.12610996
1 8 4 1 1789.83501642
8 8 32 0 1640.14343315
16 8 4 1 1953.16018087
2 8 16 0 1145.90189669
32 4 8 1 2788.13404058
2 8 4 0 1094.66366089
8 4 8 1 2025.77168376
4 8 2 0 1566.19467904
8 8 4 1 2087.80864759
1 8 16 0 1784.81458579
1 8 32 1 1847.98458375
1 8 2 1 1895.40701996
32 8 4 1 3706.83090723
16 4 8 1 2628.20720704
8 4 16 1 1793.30270812
8 4 16 0 1984.00989717
16 4 16 1 2300.2398278
16 4 1 0 3059.39784621
2 8 1 0 1147.32550859
8 4 8 0 2183.11951093
8 4 32 0 1807.43054357
1 8 8 1 1717.17558051
16 4 8 0 2753.89407723
16 8 1 1 2626.09174132
4 8 16 1 1514.42567768
2 8 2 0 1279.30721468
32 4 4 1 2834.71724774
8 4 32 1 1276.39714301
8 8 8 0 2243.67521722
2 8 4 1 1246.67539623
32 8 2 0 3733.14548881
8 8 16 1 1964.66190882
4 8 8 0 1645.49050481
1 8 16 1 1801.15518472
16 4 2 1 3035.90862693
2 8 32 0 1186.11611602
8 8 2 0 2162.71502543
8 8 4 0 1372.14515601
32 4 2 0 3183.64586966
2 8 2 1 1360.71680676
1 8 1 0 1557.33034752
32 4 1 0 3629.03948844
8 4 4 0 2157.94406864
32 4 1 1 3427.36870721
32 4 32 0 1315.43850798
16 8 32 1 1677.97304996
8 4 1 0 2437.06517985
4 8 32 0 1554.85626543
16 8 8 1 2586.29464161
16 4 32 1 1737.25984618
32 4 16 0 2588.12791967
8 4 1 1 2088.01558298
2 8 8 0 1094.48337509
32 4 8 0 3362.97316091
1 8 1 1 1576.56248375
16 4 16 0 1735.18832367
4 8 1 0 1676.32909973
8 8 1 0 2349.58347612
4 8 1 1 1131.63046539
16 4 2 0 2899.90158108
32 4 2 1 3740.78565372
8 8 16 0 2149.21999651
1 8 4 0 1913.82649892
4 8 4 1 1518.99858055
2 8 32 1 1197.08883454
1 8 8 0 1681.77359484
16 8 16 1 2566.90816915
16 8 2 1 3064.00040441
4 8 2 1 1811.92102356
16 4 4 0 2636.51680361
8 8 2 1 2298.91605251
16 4 1 1 2801.94601794
16 8 2 0 2989.18838251
8 8 1 1 2163.44425214
8 4 2 0 1767.40373928
32 8 1 0 3569.65848835
32 16 32 1 1437.8645115
32 16 1 0 3632.52959704
1 16 4 0 1827.12346116
32 16 16 1 1974.5591304
32 16 2 1 3508.72229985
2 16 8 1 1180.22820805
32 16 4 1 3192.70460718
32 16 4 0 2786.03291003
1 16 32 1 1693.10244091
8 16 1 1 1990.57701753
8 32 8 0 2186.5737606
1 32 8 0 833.826238803
8 16 32 1 1959.42450879
2 16 4 0 1100.30272598
4 16 16 0 1534.55414692
4 32 2 1 1529.32489146
8 32 1 1 1565.28760508
1 32 4 1 979.14513425
32 32 4 0 3185.44845827
4 32 16 0 1823.42196128
16 16 8 1 1583.42177643
4 16 8 0 1609.75195302
32 8 32 1 1669.68847001
1 16 32 0 1373.39354073
32 32 16 0 2067.26682105
8 32 4 1 1512.31260552
1 16 2 1 1353.82007251
16 32 1 0 2571.60234286
2 16 16 1 1088.18842796
8 16 2 0 1276.36545777
8 32 2 1 1987.59661461
16 32 32 0 1914.54845612
2 32 1 0 1047.06235712
16 32 4 0 2989.1059945
32 32 32 1 1743.31437076
16 16 8 0 2666.64625638
4 16 4 1 1257.84049008
2 32 2 0 1143.99580899
4 16 32 1 1485.019576
16 32 8 1 1722.57681594
16 32 16 1 2272.56421608
1 32 1 0 1313.90882872
16 32 8 0 1613.78462572
16 16 32 1 1866.36343885
4 16 32 0 1441.26112059
32 32 8 0 2909.58780726
1 32 32 1 1850.08781653
16 32 2 1 2827.34488458
4 32 16 1 1349.20199673
2 16 32 1 1094.58745029
1 16 4 1 1563.47491541
32 8 16 0 2684.48554044
4 16 2 0 1466.25007296
4 16 8 1 1295.02475161
8 32 16 0 1842.72243863
32 32 2 1 3331.38123525
8 32 32 1 1357.55381035
32 16 8 1 3102.07500488
16 16 1 0 2969.22286754
2 32 4 0 1140.77428841
4 32 1 1 1462.05308184
32 32 16 1 2354.86203698
16 32 32 1 1506.73879471
8 32 16 1 1831.6328609
1 16 1 1 1492.520154
2 32 32 0 1229.15665865
32 32 4 1 3095.29510157
8 16 32 0 1488.44542041
8 16 2 1 1378.21338467
8 32 1 0 2094.30177976
1 16 8 0 1032.10690228
32 16 32 0 1919.09662902
32 8 32 0 1883.45242224
2 32 1 1 1043.71544163
4 16 4 0 1610.58412911
1 32 32 0 1521.53126433
1 32 16 1 1339.88146782
2 32 4 1 1056.36763719
1 16 8 1 1845.20584352
2 16 1 0 1211.48640618
4 16 1 1 1266.84299568
32 32 1 0 3066.53400579
32 32 1 1 2961.99750272
1 32 16 0 1738.94631983
32 16 8 0 3402.93859602
1 16 1 0 1825.42505433
16 16 32 0 1536.6582179
8 32 2 0 2125.67774463
1 16 2 0 1651.41718481
8 16 8 1 1873.97334269
8 16 16 1 1605.54551994
2 16 32 0 1136.81624454
2 16 2 0 988.875932275
8 32 4 0 1957.18492119
1 16 16 0 1263.75985996
2 16 2 1 1303.9317979
1 32 2 1 1300.86238269
1 16 16 1 1371.59649617
8 16 16 0 1650.76252188
32 16 1 1 3369.66444373
1 32 2 0 1826.56152838
2 32 8 0 1178.2742404
32 32 8 1 3004.44456937
32 16 2 0 3468.42537881
32 32 2 0 3207.74352101
8 16 8 0 1964.19852473
16 32 1 1 2821.30486813
2 16 8 0 1088.58464405
2 16 4 1 1115.46355566
8 16 1 0 2314.25654017
1 32 4 0 855.147790124
16 16 4 0 1967.3827194
4 32 4 0 1461.05363098
2 32 16 0 1006.07508638
2 16 16 0 1151.37718328
8 32 32 0 1495.78516512
4 32 32 1 1349.92068736
16 32 16 0 2270.39448503
4 32 32 0 1677.1889994
2 16 1 1 1044.13413329
32 32 32 0 1752.17081978
4 32 8 1 1280.0202073
4 32 2 0 1465.60227563
16 16 2 1 2146.03956537
32 16 16 0 2618.74449987
4 16 1 0 1422.20017738
8 16 4 1 1876.92301514
16 16 4 1 2619.79109098
1 32 1 1 1318.32122669
4 32 4 1 1508.77642905
16 16 16 0 2059.81608009
16 16 2 0 3084.99566441
32 8 16 1 2452.74406915
8 16 4 0 2386.78341629
4 16 16 1 1552.56536646
16 32 4 1 2472.88404178
16 16 16 1 2239.85960239
2 32 16 1 1092.99214562
2 32 8 1 1032.22082198
16 16 1 1 2489.85597205
4 32 8 0 1180.72673709
4 16 2 1 1393.3681917
4 32 1 0 1438.90421145
16 32 2 0 2821.58547845
2 32 2 1 1125.94355205
2 32 32 1 1151.401576
1 32 8 1 861.779707587
8 32 8 1 1891.00311242
