8 2 8 0 2562.50385023
2 2 14 0 1952.15402291
16 1 0 1 4041.84282896
4 2 12 1 2217.04523601
2 1 8 1 1432.36831451
4 1 12 1 1844.74187713
16 1 0 0 3931.57937964
1 2 1 1 1799.71752895
4 1 1 0 2097.95287754
2 2 4 0 2179.97820838
1 2 15 0 1943.62151103
1 2 2 0 1977.66752748
8 1 1 0 2662.93587271
16 2 0 0 5005.22340249
4 2 8 0 2372.21027403
2 2 14 1 1939.84489059
1 4 1 0 1487.97990476
1 1 15 1 1818.2943182
2 2 14 0 1929.38559804
8 2 4 1 2971.51607094
16 1 0 0 3529.63830732
4 2 4 1 2361.62290552
16 1 0 0 3745.33231697
16 2 0 1 5326.27687797
16 1 0 1 3664.7574956
8 1 1 1 2190.71700159
2 1 8 0 1484.99059979
16 1 0 1 4162.96779873
16 32 0 0 6943.26120448
8 1 4 1 2019.92031389
1 4 1 1 1976.60725784
16 32 0 1 6590.46005361
16 2 0 0 5244.31694338
16 1 0 1 3531.18591138
2 2 2 1 1831.00021453
4 1 12 0 1804.82131407
16 2 0 0 5004.28994281
4 2 4 0 2187.49678304
8 2 8 0 2854.79331678
1 1 4 0 1547.06468681
16 2 0 0 4965.83869584
8 1 2 0 2373.75526903
16 1 0 1 3378.07653548
16 32 0 1 6497.58555948
16 1 0 0 3538.37115878
2 1 1 1 1226.5007479
2 1 14 1 1731.07361158
8 1 8 0 2284.33065533
16 1 0 1 4021.2734142
16 1 0 1 4053.68518699
16 32 0 0 6881.77666112
16 2 0 1 5201.17201465
1 2 8 0 1997.42427508
2 1 2 1 1287.89187581
1 1 1 1 1383.45456453
16 32 0 0 6829.57869117
4 2 8 1 2227.57070432
8 2 8 1 2888.51740113
2 1 14 0 1659.45098282
16 2 0 1 4962.06361704
16 32 0 0 6528.45102581
16 2 0 1 4674.42129789
4 1 4 1 1580.69334726
16 2 0 1 5227.51362343
2 2 1 1 2100.45552689
8 2 2 0 3482.06734731
1 1 15 1 1573.01899824
4 1 8 0 1497.91245701
16 32 0 1 6594.95652162
16 32 0 1 6520.09282851
16 1 0 1 3559.09629828
16 2 0 0 5111.18304306
1 2 15 0 2004.62982241
8 1 8 0 2056.26365363
2 2 1 0 2123.47795964
16 1 0 0 4284.40278191
4 1 8 1 1363.06910324
1 1 15 0 1485.51207819
8 1 8 1 2191.84731228
4 2 1 1 3045.07357488
16 32 0 1 6377.87702324
4 2 2 0 2930.58873145
16 1 0 0 3899.95000144
1 2 4 1 1819.76986587
16 32 0 0 6707.13177696
16 32 0 0 6445.42545767
16 1 0 1 3788.4569007
2 1 4 1 1551.83169051
16 2 0 0 5071.3787803
8 1 8 1 2253.53011094
4 1 4 0 1957.10529731
16 1 0 0 3178.95453293
4 1 12 1 1624.19719315
16 1 0 1 4210.49174389
1 2 1 0 1752.72726422
16 2 0 1 4866.68257828
16 2 0 0 4587.13984956
1 2 15 1 1884.31122868
8 2 8 0 2517.14155992
8 2 4 0 2965.05450685
8 2 1 1 3805.98468479
1 1 4 1 1297.22511096
16 2 0 0 4954.30111018
2 2 8 1 2127.44668703
16 2 0 1 5116.92148483
2 2 2 0 2162.79916051
1 2 4 0 1817.88229495
16 1 0 0 2932.55720506
16 1 0 1 3368.2482155
4 2 12 0 2178.31639919
8 2 8 1 2741.93489562
16 2 0 1 5021.36782371
1 2 15 1 1818.12305759
8 2 8 1 2865.30376361
1 1 15 0 1565.36152224
2 2 4 1 2028.91983104
1 1 8 0 1811.27332086
16 2 0 0 4738.64559708
16 2 0 1 5119.84059834
4 2 1 0 3171.98285413
4 2 2 1 2659.17318055
16 1 0 0 4032.51308779
2 1 14 0 1701.0738642
4 2 12 1 1846.61443359
2 2 8 0 1838.45146375
16 32 0 1 6284.25490542
1 1 8 1 1388.24598023
16 2 0 0 5057.9371577
16 2 0 0 5196.56774982
2 1 1 0 1226.17617581
4 2 12 0 2156.78654042
16 32 0 0 6769.37433655
8 1 8 0 2378.52051446
16 32 0 0 6725.33844706
2 1 2 0 1247.86990788
16 1 0 0 3817.72363605
4 1 2 0 2018.39738198
8 1 8 1 2067.96311823
1 2 8 1 2098.23814999
4 1 12 0 1716.37610675
16 2 0 0 5149.78446275
16 32 0 1 6495.97640748
1 2 2 1 2016.51779617
16 1 0 0 4182.22656809
16 1 0 1 3970.97974348
1 1 2 1 1722.20033052
2 1 4 0 1485.7023724
8 1 2 1 1923.54826286
16 2 0 1 4985.58065017
16 2 0 1 4866.35444462
16 4 0 1 5719.43634631
16 8 0 1 6269.73041968
1 8 15 1 1320.8265231
1 16 4 0 1857.81492663
1 16 1 0 1932.03053701
8 4 1 0 4425.62215975
16 4 0 1 5152.41677421
2 8 1 0 2748.17415088
16 8 0 1 6299.18114808
1 4 2 0 2109.43191984
4 4 12 0 2612.23562191
16 4 0 0 4454.43305618
2 4 4 1 2191.32949606
1 16 8 1 1817.4287064
16 4 0 0 5779.32664818
16 4 0 0 4773.56323387
4 4 8 1 2651.77089187
2 16 8 1 2355.84306488
16 8 0 1 6158.05665729
2 8 4 1 2704.86169689
1 8 2 1 1895.36365642
8 8 4 0 3801.57350014
8 4 8 0 2522.79208421
16 8 0 0 5998.21923236
4 8 1 0 3985.11501128
16 8 0 0 6038.85585729
16 4 0 1 5708.18212267
1 8 15 1 1700.91119484
8 4 8 1 2685.29792576
1 4 4 0 2110.16186718
4 4 12 1 2097.00436643
2 4 2 1 2526.92328917
4 4 4 1 2606.84060372
1 4 15 0 1909.43519497
16 8 0 1 6081.41836501
16 8 0 1 5758.89710608
2 8 14 0 1998.82580828
4 8 4 1 2991.51502308
2 16 8 0 2895.57392891
16 4 0 0 5366.6938543
16 4 0 1 5695.9441727
8 4 8 0 2813.04118936
4 8 1 1 4031.29764422
2 8 4 0 3014.53087947
16 8 0 0 6288.94666184
16 8 0 0 6332.57909121
8 8 8 1 2736.66963327
2 16 4 0 2606.90126131
2 4 14 0 2072.08118243
8 8 8 1 3199.67954172
4 8 8 0 2294.5503916
1 8 8 1 1807.95652148
2 4 14 1 1939.01551919
2 4 1 0 2240.37601298
2 4 1 1 2200.0740776
1 16 15 1 2402.51584351
4 8 12 1 2405.70888241
8 8 2 0 3616.19834215
16 8 0 0 6343.63424497
1 4 8 0 1611.70659997
16 4 0 0 5797.24617766
4 4 12 1 2386.50378467
4 4 12 0 2095.16500888
8 4 8 1 2928.40440515
2 4 8 0 1898.2968791
16 8 0 0 6218.4770028
16 4 0 1 4810.32808016
1 8 4 0 1348.54574182
16 4 0 0 5643.48565416
16 8 0 1 5781.9263235
2 4 4 0 2295.06634853
8 4 1 1 4217.8835651
2 8 8 1 2719.19976669
8 8 1 0 4790.48263222
2 8 2 1 2921.4928456
1 8 8 0 1841.62148437
2 4 2 0 2315.9247115
2 8 14 1 2167.87815192
16 4 0 0 5719.11915511
16 8 0 0 6279.86603691
1 16 8 0 2010.86089783
2 8 8 0 2000.80417432
16 8 0 0 6028.40870132
4 4 2 1 3094.13868162
16 8 0 1 6122.10549019
1 16 2 0 1954.35016903
16 4 0 1 5474.95658409
16 4 0 1 5743.63827984
8 8 8 0 3299.60386372
1 8 4 1 1806.693055
16 4 0 1 5592.05522911
16 4 0 0 5649.49725475
4 8 8 1 2651.47140053
1 4 15 0 2085.73157132
1 16 1 1 1529.55705503
2 16 4 1 3101.92207605
16 4 0 1 4314.80045757
2 16 2 1 3078.78024811
8 4 8 1 2712.09635697
16 4 0 0 5533.66094292
1 16 15 0 1888.32328179
16 8 0 0 6464.3001986
1 16 4 1 2165.35111489
16 8 0 0 6092.50100707
4 8 2 0 4127.52364999
4 8 12 0 2279.88625666
16 8 0 1 6246.19801203
2 8 1 1 2986.70619069
1 8 15 0 2179.98465712
1 8 15 0 1736.08551494
8 8 8 0 3050.15496845
8 4 4 0 2887.75016003
1 16 15 0 1949.01242565
16 8 0 1 5888.70521021
1 4 15 1 2059.78843408
2 4 8 1 1801.27508504
2 8 14 1 2049.95076185
16 8 0 1 6068.0498907
16 4 0 0 5020.2317944
2 16 14 1 2008.97307837
16 8 0 0 5894.09923967
4 8 2 1 3426.39691295
2 4 14 1 2052.53739605
16 4 0 0 5851.64787019
8 8 4 1 3694.80736588
8 8 8 1 2184.17327993
4 4 8 0 2403.36566775
1 4 8 1 2000.88129892
4 8 4 0 3570.50081696
8 4 2 0 4335.02763301
2 8 14 0 2089.97139642
1 8 1 0 1624.08090927
8 8 8 0 3481.35576022
2 16 2 0 2976.12563466
1 4 4 1 2167.07327496
4 4 1 0 3530.41266523
4 4 1 1 3488.8473305
16 8 0 0 6554.07050241
8 4 4 1 3501.22753691
16 4 0 1 5337.43630702
8 8 1 1 4836.77854694
16 4 0 1 5105.54356163
16 4 0 1 5626.56724005
16 4 0 0 5400.92974131
1 4 2 1 1981.24464706
2 16 1 1 3117.25032497
1 16 15 1 1797.13713368
1 16 2 1 1963.20077336
4 4 2 0 3222.29280004
16 8 0 1 6174.56187715
8 8 2 1 4820.72033559
8 4 8 0 2858.8460704
2 4 14 0 2156.67389913
4 8 12 0 2437.83493881
1 8 1 1 1895.15746177
16 8 0 1 5987.87980144
4 8 12 1 2300.22872817
1 4 15 1 1968.20032354
2 16 1 0 3158.79956894
1 8 2 0 1804.32618541
4 4 4 0 2915.18486092
8 4 2 1 3532.43067824
2 8 2 0 2544.24112083
16 16 0 0 6859.4465131
1 1 2 0 1791.55275589
4 1 1 1 1877.79780294
4 32 12 1 2117.1563746
16 32 0 1 6795.73640245
1 1 1 0 1458.3723294
16 16 0 1 6656.58458728
4 16 4 0 2409.15162258
4 1 2 1 1697.39575857
16 32 0 0 6740.6235135
2 1 14 1 1569.09390389
4 16 4 1 3913.4566795
16 16 0 0 6840.55390579
4 16 12 0 2291.69869071
2 16 14 0 1393.37649118
