2 1 2 1 715.766191068
32 4 32 0 1281.78014606
32 4 2 0 5048.44248692
16 4 16 0 2247.79508465
32 4 4 1 3654.95032359
32 16 2 0 727.905817825
4 4 1 0 2001.33704111
2 2 16 0 1036.74252277
2 8 32 1 2034.88963166
32 1 4 1 736.680050869
1 8 2 0 1630.48898849
32 2 16 0 2072.53232461
32 8 16 0 2511.8060198
32 4 16 1 2394.49289617
8 16 32 1 772.34314685
8 2 4 1 762.052355368
1 2 16 0 438.735584714
32 8 2 1 3435.69931893
8 4 16 1 1912.68385093
16 8 4 0 4381.2806199
4 4 8 0 1942.29237429
8 2 16 1 763.468176452
2 8 1 0 1564.45294312
4 2 1 0 770.615777426
8 16 2 1 770.282888065
1 4 2 1 981.139734584
2 16 32 1 1340.66075611
32 4 16 0 2251.12108053
16 4 8 0 2761.06851814
4 4 16 1 1990.1429994
2 16 8 1 1752.60152461
1 8 1 1 1828.56876109
32 1 8 0 458.55360208
1 4 16 1 943.950403325
1 2 1 0 362.578558909
32 4 1 1 4274.08579395
4 2 2 0 775.499867774
1 2 32 1 743.844970109
8 8 8 0 2952.59535255
16 8 4 1 2952.24221407
4 4 4 1 2002.47906194
16 8 16 0 2375.13121513
32 8 1 0 4921.5486106
2 8 8 0 1593.12980842
32 16 1 1 723.971205008
32 2 8 1 2393.86282924
1 16 16 1 1586.04394356
32 8 4 0 4143.26189712
1 2 2 0 310.378077099
1 32 8 1 581.113383135
32 16 16 0 738.08024829
2 8 16 0 1544.19204324
4 2 8 1 768.054441997
1 16 8 1 1609.12638341
2 2 16 1 773.605165786
1 32 4 0 565.831170726
8 4 16 0 2185.12500429
4 16 4 1 757.468108948
4 8 2 0 1406.50678812
32 16 16 1 738.813064921
16 2 4 1 3075.33772202
2 2 32 0 1074.24459202
32 4 2 1 3963.77568848
8 2 1 0 761.561245149
8 8 2 0 2965.44969198
16 16 2 1 746.017571802
32 16 2 1 727.442900861
8 8 8 1 2043.59239959
1 8 32 0 1511.75488553
8 16 4 0 773.790731542
2 16 8 0 1556.16990123
1 4 8 0 1757.2570817
8 4 4 0 2081.56455687
32 2 32 0 2724.56616321
8 4 8 1 1330.63846149
32 8 4 1 4141.62101524
16 1 32 0 732.020887574
4 2 32 1 765.956670468
1 4 8 1 2256.8528371
16 16 1 0 752.640205409
32 1 1 0 727.09094375
4 8 4 1 2181.20268785
32 2 4 1 2924.69542093
1 32 16 1 1758.67658175
16 8 16 1 2289.70445569
32 8 16 1 2325.33872352
32 16 32 1 749.427976105
4 8 32 1 1700.06561683
4 8 1 1 2371.26542676
32 8 2 0 5185.05752948
32 1 2 1 707.943408714
2 8 2 1 1624.09288197
32 16 1 0 733.780353766
16 8 8 1 2970.74594842
16 2 32 1 1749.8785659
1 8 8 1 1721.31002647
32 16 8 0 746.273756482
32 1 1 1 738.762862973
8 2 2 0 753.233979241
1 8 4 0 1688.06923555
32 2 8 0 2536.41003272
8 4 2 0 2614.43725706
1 32 1 0 581.786949151
8 16 1 1 742.908415982
1 32 16 0 897.171947874
1 4 32 1 1750.35350152
16 2 16 1 1810.07774287
1 16 4 1 1941.36436366
2 4 32 1 2216.25085679
16 2 32 0 2330.30353995
32 8 8 1 3589.85678188
1 16 1 0 895.839997242
1 16 2 1 1426.78460726
32 1 16 0 732.078799789
32 8 32 1 2803.02049433
16 2 8 0 2454.81694438
4 16 8 1 755.976814347
8 8 32 0 1800.11510819
4 4 2 1 2008.03139519
32 4 8 0 3347.00603377
1 32 32 1 553.745071636
2 4 2 0 1552.32678226
2 2 1 1 761.331000091
16 2 8 1 2120.97395087
2 2 2 0 779.688733051
16 4 32 0 1862.56231906
1 32 4 1 940.121172211
2 16 1 0 1584.99861975
32 4 8 1 2952.27249137
16 4 1 1 3532.29442531
4 16 8 0 770.440689392
2 8 4 0 1651.10809021
8 4 8 0 2302.22717862
4 8 8 1 1744.82147879
1 16 8 0 1958.42208305
8 8 4 1 3357.97868551
4 2 16 0 777.082385129
16 4 1 0 4455.50506189
2 16 16 0 1326.52275948
2 4 4 0 1459.35574631
16 16 32 0 745.564646072
2 2 1 0 531.76250556
8 2 32 1 726.998097672
2 8 4 1 1312.51929751
2 4 8 1 1641.92969823
16 2 1 1 729.544478009
4 2 2 1 740.065432898
8 16 2 0 766.23785664
1 2 4 1 523.505389317
16 16 2 0 739.161214672
32 16 32 0 742.327185486
32 2 4 0 3034.81418896
32 8 32 0 1283.85262625
16 4 2 0 3447.8792267
2 8 1 1 1596.53788667
1 8 16 0 1692.30791195
8 4 1 1 3008.12885275
32 4 32 1 2542.73007448
16 4 4 1 3475.00682137
8 8 2 1 3108.6373645
32 16 4 1 717.90126666
4 4 16 0 1485.09822551
1 2 1 1 1519.1279667
32 4 1 0 4553.35583132
1 8 16 1 1418.52907929
32 4 4 0 3704.29196628
8 2 32 0 742.347013678
4 16 1 1 2131.28709157
16 8 1 0 4010.5108779
4 8 4 0 1913.00914903
2 4 2 1 1296.19876154
16 8 2 1 4300.37953687
4 8 16 1 1707.57021768
32 16 8 1 712.987485108
4 16 32 1 753.324425107
4 2 8 0 759.440321741
8 8 16 1 2243.8672471
8 4 1 0 3379.83051392
2 8 2 0 1492.65644289
8 8 4 0 2905.82283171
4 8 2 1 2448.21566775
1 2 4 0 1893.82097202
32 8 8 0 3290.54798101
2 16 2 1 1624.30426909
1 32 2 0 1559.94457812
16 16 4 0 762.362824396
16 8 32 0 1835.12472703
32 1 4 0 703.971678918
16 2 16 0 1783.12403287
2 2 32 1 775.156268888
8 4 2 1 2928.44605748
32 1 16 1 688.775725407
16 2 1 0 739.040289125
16 8 32 1 1967.40205759
16 2 2 0 2977.71931908
1 2 8 1 858.740672165
16 16 4 1 747.586913086
32 2 1 0 4269.07244328
1 2 32 0 2083.94548182
2 2 4 1 1547.26992718
4 4 4 0 1883.94914679
16 2 4 0 2579.42177393
4 2 16 1 763.693097578
2 2 8 1 1311.63656794
2 16 32 0 1275.04369376
8 2 16 0 764.021156977
32 1 2 0 717.653112889
2 4 16 1 1544.56569951
1 4 32 0 1780.10728873
16 8 8 0 3355.48991796
8 2 1 1 749.000087896
16 4 8 1 2817.04134592
16 16 32 1 734.275194655
8 8 1 1 2719.10383018
32 2 1 1 4228.15925098
2 8 8 1 1357.01375384
1 16 2 0 1695.21400099
32 1 32 0 730.088617305
32 2 16 1 2099.2770965
32 8 1 1 4539.40306341
16 16 1 1 765.061138689
4 16 2 0 756.767562897
1 16 4 0 612.525140046
1 32 8 0 1821.28772018
2 16 1 1 1824.6061255
4 16 4 0 760.425463176
8 16 16 0 751.338214007
4 4 8 1 1618.83608294
2 8 32 0 1655.13363174
2 16 2 0 1731.30446843
8 16 32 0 755.916690688
1 32 1 1 861.273605913
8 16 1 0 737.338192651
16 1 16 0 742.154563059
1 4 1 1 1816.19923098
1 8 8 0 622.269028272
4 4 32 0 1632.95055162
16 16 16 0 757.637055729
2 4 4 1 1583.5436539
1 2 2 1 427.888312259
4 4 2 0 2401.19390626
8 8 1 0 2893.02651211
8 16 16 1 769.646102961
16 4 32 1 1945.82386009
4 8 16 0 1729.45523753
8 2 8 1 748.424945215
4 4 32 1 1601.39324106
1 4 4 0 2062.67545828
1 8 32 1 608.147639016
16 4 4 0 2733.8674956
32 1 32 1 725.893694623
2 16 4 0 1669.9150406
16 16 16 1 747.865400015
2 4 16 0 1267.24937417
1 8 2 1 1718.64454419
8 4 4 1 2130.47509642
2 2 8 0 1408.80981078
8 16 8 0 749.909959966
4 4 1 1 2119.45696312
8 2 2 1 768.639029726
16 16 8 0 758.301724278
1 16 32 1 2016.7943267
16 8 1 1 4149.41443424
2 8 16 1 1055.51311347
2 16 4 1 1560.65553567
1 4 1 0 1696.33279959
32 1 8 1 731.977949064
32 2 2 0 3508.88638231
4 2 32 0 746.116034499
4 16 16 1 753.644642674
8 2 4 0 744.267149409
2 2 2 1 1480.08307264
4 2 4 1 769.579086
4 8 8 0 2306.27186916
2 4 8 0 1160.49206371
16 4 2 1 3753.74583409
32 2 2 1 3337.05458376
1 4 4 1 1438.28105485
1 2 8 0 2257.32727123
4 2 1 1 754.188342289
2 4 32 0 2031.0093355
8 4 32 1 1605.04507934
8 8 16 0 2094.59844264
1 8 4 1 2816.50702486
4 8 32 0 1801.2354496
16 4 16 1 1833.40763664
8 8 32 1 1619.6642042
1 4 2 0 2111.03776504
2 4 1 1 1502.8600861
1 32 2 1 1963.9596465
4 2 4 0 734.466350684
16 16 8 1 742.20412658
8 16 4 1 751.064240554
32 16 4 0 758.07119241
32 2 32 1 2395.43101682
4 16 16 0 776.486006107
1 8 1 0 2259.90045247
16 1 32 1 753.191152524
2 4 1 0 1480.16282823
8 2 8 0 760.107933435
1 4 16 0 2184.09564354
16 8 2 0 4372.64434728
2 2 4 0 781.567439263
2 16 16 1 1704.3229645
1 16 16 0 820.839407656
1 2 16 1 2009.6869731
8 4 32 0 1685.42771481
4 16 1 0 2526.34321959
8 16 8 1 759.198052409
4 8 1 0 2446.50056342
1 16 1 1 1557.53355188
1 16 32 0 1330.75331583
4 16 32 0 767.939193695
