16 16 0 0 1782.9599544
1 16 4 0 1797.18671241
1 16 1 0 1905.96333739
16 4 0 1 5724.28289682
16 16 0 1 1770.77457745
2 8 1 0 1947.47126172
4 16 4 0 1884.38713267
16 8 0 1 6239.31002637
4 16 4 1 1879.75291311
16 16 0 0 1722.19492468
16 4 0 0 5648.40606438
4 16 12 0 1875.43355593
2 16 14 0 1882.47740346
1 16 8 1 1629.13136716
16 4 0 0 5885.39503506
16 4 0 0 5921.76496439
1 32 2 0 1911.81004138
2 16 8 1 1865.20840204
16 16 0 1 1807.81772286
16 8 0 1 5962.89727445
2 8 4 1 2182.42039686
1 32 1 0 2139.37073854
16 16 0 1 1771.60804618
1 8 2 1 1261.43431945
8 8 4 0 3557.63379136
16 8 0 0 6215.13170714
16 16 0 0 1759.06235193
4 8 1 0 3762.73809933
16 16 0 1 1761.20685437
16 8 0 0 5951.99588277
16 4 0 1 5817.34938376
1 8 15 1 2050.65717475
8 16 8 1 1844.54078103
16 8 0 1 5780.02906543
4 16 1 0 1890.75723171
16 8 0 1 6522.15241824
4 16 12 1 1851.98076376
8 16 8 1 1848.16035405
2 8 14 0 2127.61670789
4 8 4 1 2670.45317025
2 16 8 0 2715.74075601
16 16 0 0 1763.29115436
16 16 0 1 1740.89709859
16 4 0 0 6017.78551325
16 4 0 1 5984.99751763
16 16 0 0 1780.911437
4 8 1 1 3667.11595412
2 8 4 0 3096.75769545
16 8 0 0 6302.51445264
16 8 0 0 6162.61768802
8 8 8 1 3096.27839281
2 16 4 0 2972.14870766
16 16 0 1 1783.54334182
8 8 8 1 3052.16657824
4 8 8 0 2279.60699345
1 8 8 1 1991.54322173
16 16 0 0 1784.5822376
8 16 8 0 1843.79900496
16 16 0 1 1732.13944313
1 16 15 1 1874.25151977
4 8 12 1 2289.04844775
8 8 2 0 4946.41807229
16 8 0 0 6219.44889231
16 4 0 0 5765.22368018
1 32 1 1 1885.73130066
4 16 2 0 1816.25986512
16 16 0 1 1745.08781649
16 8 0 0 6218.67817975
16 16 0 1 1783.22702299
1 8 4 0 1920.51341359
16 8 0 1 6338.12245365
8 16 1 0 1838.18282892
1 32 2 1 1733.74081219
2 8 8 1 2500.44833593
8 8 1 0 4989.70520777
2 8 2 1 2886.37370786
1 8 8 0 1348.90681397
2 8 14 1 2189.34614302
16 8 0 0 6091.13319158
1 16 8 0 1969.13630078
2 8 8 0 2761.32014981
16 16 0 0 1778.37980001
16 16 0 1 1611.45665304
8 16 8 1 1783.19283902
16 8 0 0 6326.81772669
16 8 0 1 5977.4140561
8 16 8 0 1827.54501968
1 32 4 1 1992.4934494
16 16 0 1 1778.68460095
16 16 0 0 1778.73058274
1 16 2 0 1962.1809145
16 4 0 1 5629.22073034
8 8 8 0 2484.00043123
1 8 4 1 1985.82871946
16 4 0 0 5919.71625984
4 8 8 1 2192.80327935
1 16 1 1 2253.04117192
2 16 4 1 1877.91658457
16 4 0 1 5574.45900002
2 16 2 1 3113.51217025
2 16 14 1 1928.57802584
8 16 2 1 1793.08914081
1 16 15 0 1132.76358498
16 16 0 0 1790.64477084
16 8 0 0 6089.19143999
16 16 0 0 1772.3571644
1 16 4 1 2570.11567892
16 8 0 0 6360.16076971
4 8 2 0 4037.59228376
16 16 0 0 1777.04622651
4 8 12 0 2065.79234522
16 8 0 1 6487.23878007
2 8 1 1 2977.74988659
1 8 15 0 1089.57923549
1 8 15 0 1426.64932544
8 8 8 0 3149.38643489
8 16 1 1 1845.54524424
1 16 15 0 2129.51364356
4 16 12 1 1821.76254553
16 8 0 1 6194.76982913
8 16 2 0 1857.70144259
2 8 14 1 1442.5666477
16 8 0 1 6263.18395889
16 4 0 0 5921.54395057
2 16 14 1 1874.5580045
16 8 0 0 6286.23689038
4 8 2 1 3760.33944482
16 4 0 0 5794.04050209
8 8 4 1 3882.52137131
8 16 8 0 1812.93318852
4 16 8 1 1850.47732966
8 8 8 1 3085.47073442
4 8 4 0 2625.70950386
8 16 4 0 1847.8925517
2 8 14 0 2129.51354457
1 8 1 0 1490.29603845
8 8 8 0 2689.97373816
2 16 2 0 3155.91959388
4 16 2 1 1857.91565949
16 8 0 0 6253.37243328
4 16 1 1 1858.14042656
16 4 0 1 5817.4469539
8 8 1 1 4364.06403444
16 4 0 1 5729.79055374
1 16 15 1 2051.60737813
4 16 12 0 1881.53467925
16 16 0 1 1726.13615788
8 16 4 1 1854.44331116
1 16 2 1 1772.91207196
2 16 14 0 1864.38777186
16 8 0 1 6045.54067773
8 8 2 1 4735.75586364
4 8 12 0 2198.83847053
1 8 1 1 1901.78184277
16 8 0 1 6179.81338053
4 8 12 1 2363.54944512
16 16 0 0 1784.50281337
2 16 1 0 1872.86052046
1 8 2 0 1864.98282028
4 16 8 0 1917.20563989
2 8 2 0 2734.89786186
2 2 14 1 1722.22236968
1 1 2 0 954.728973037
16 1 0 0 3026.89636591
4 1 1 1 1669.32231023
4 32 12 1 2273.34586707
16 32 0 1 6733.59176116
1 1 1 0 863.440853894
4 1 2 1 1579.72018609
16 32 0 0 7016.4448368
2 1 14 1 936.436436397
8 1 4 0 1716.45313537
16 1 0 1 3823.57818477
2 1 8 1 965.655021502
4 1 12 1 1078.211179
16 1 0 0 3421.47431953
1 2 1 1 1615.50729936
4 1 1 0 1654.04407239
16 32 0 1 6879.88198793
8 32 8 1 3037.69500284
2 2 4 0 1714.76103726
1 2 15 0 1597.91205208
1 2 2 0 1434.10807294
8 1 1 0 2046.73614755
1 32 8 0 1031.98161371
2 32 1 1 3261.90375342
8 32 8 1 3471.99458169
8 32 8 0 3129.80822775
1 1 15 1 1073.76886969
8 32 1 0 5890.87357973
16 1 0 0 3607.91212091
16 1 0 0 3765.01434303
4 32 4 0 4269.07640496
8 32 8 0 3165.63522467
16 1 0 1 3678.22993727
2 32 1 0 1795.73621919
8 1 1 1 2186.16936631
2 1 8 0 1077.21642909
1 32 4 0 1320.79863922
16 1 0 1 4023.83611267
2 32 2 1 3347.87303361
16 32 0 0 7068.51344977
1 32 15 0 945.225416407
8 1 4 1 1405.16068586
16 32 0 1 6833.92254795
4 32 1 1 2322.55242824
16 1 0 1 3691.66783001
2 2 2 1 1755.21795259
4 1 12 0 982.552864678
1 1 4 0 1132.74501332
1 32 8 1 994.823976347
8 1 2 0 2155.89221543
16 1 0 1 3787.67346511
16 32 0 1 6754.47904302
16 1 0 0 3913.10525357
2 1 1 1 1147.71138139
16 32 0 1 6532.76403848
2 1 14 1 968.193854029
8 1 8 0 1396.23900268
4 32 2 0 4175.68542905
16 1 0 1 3953.55227134
16 1 0 1 3817.61788345
4 32 2 1 4326.83719995
16 32 0 0 6661.77408681
1 2 8 0 1537.9146466
2 32 4 0 2879.08505588
2 1 2 1 990.189774037
1 1 1 1 967.544428135
1 32 15 1 1786.64746422
16 32 0 0 7075.61077382
2 32 4 1 3465.83964459
2 1 14 0 985.472296648
2 32 2 0 1617.4100488
2 32 8 1 2709.59983249
16 32 0 0 6668.58732391
4 1 4 1 1619.47158211
4 32 12 0 2385.05518396
2 2 1 1 1818.00763723
1 1 15 1 987.189193506
4 1 8 0 1245.87553079
16 32 0 1 6849.74586079
16 32 0 1 6725.98657546
16 1 0 1 3593.82363331
1 2 15 0 1616.05178605
8 1 8 0 1218.69690037
2 2 1 0 1732.47345897
16 1 0 0 3335.02048032
4 1 8 1 1313.1521259
2 32 14 0 2193.27925686
1 32 15 0 2015.36070961
1 1 15 0 719.150030184
8 1 8 1 1526.93864056
16 32 0 1 6243.99913831
16 1 0 0 3639.19713619
4 32 12 1 2393.61317573
1 2 4 1 1579.95455396
16 32 0 0 6856.15444619
16 32 0 0 5722.96798665
16 1 0 1 3618.52568068
2 1 4 1 1114.94446961
8 1 8 1 1371.62586483
4 1 4 0 1053.85596006
16 1 0 0 3232.47800348
4 1 12 1 976.79093082
16 1 0 1 3764.75153717
1 2 1 0 1704.71107544
1 2 15 1 1538.99989016
4 32 8 1 3052.60218271
8 32 2 0 4999.50778421
1 32 15 1 2052.27663392
8 32 4 1 4453.87694279
1 1 4 1 839.114748474
2 2 8 1 1601.21690866
2 2 2 0 1765.36300119
2 32 14 1 2034.21811655
1 2 4 0 1438.77337384
16 1 0 0 3715.91755509
16 1 0 1 2967.63488913
2 32 8 0 2281.68301311
1 2 15 1 1660.05039173
16 32 0 0 7094.35412124
1 1 15 0 816.448549235
2 2 4 1 1958.13415523
1 1 8 0 937.44722167
8 32 2 1 4561.18320301
16 1 0 0 3736.22673317
8 32 8 1 2640.89892451
2 1 14 0 979.349036167
4 32 8 0 3634.93099078
2 2 8 0 1868.5074062
16 32 0 1 6607.53024056
4 32 1 0 4626.23516585
2 32 14 0 1966.79180822
1 1 8 1 968.853160693
16 32 0 0 6852.4578383
2 1 1 0 1061.10235926
16 32 0 0 6605.09481239
8 1 8 0 1189.51439859
16 32 0 0 6623.2318868
4 32 4 1 4398.90443107
2 32 14 1 2078.9687404
2 1 2 0 1156.55059187
16 1 0 0 3318.26599308
16 32 0 1 6523.94922043
8 32 4 0 3643.51298109
4 1 2 0 1662.77671847
8 1 8 1 1202.66029948
1 2 8 1 1519.20981826
4 1 12 0 876.368506295
16 32 0 0 7001.73388897
16 32 0 1 6636.54035816
4 32 12 0 2844.99584852
1 2 2 1 1391.90953542
16 1 0 0 3837.28025507
16 1 0 1 3396.20480062
16 32 0 1 6792.43729573
8 32 1 1 5351.38247721
1 1 2 1 884.764800017
2 1 4 0 910.170982715
8 1 2 1 1872.04185881
8 32 8 0 3297.55071115
16 4 0 1 5732.67879234
1 8 15 1 1829.31379776
8 2 2 1 3393.5878948
16 2 0 1 5228.99741054
8 4 1 0 4455.87436436
8 2 1 0 3868.81703544
