4 1 4 0 1901.84400655
8 16 0 1 5758.50589948
8 32 0 0 5218.47754708
8 16 0 1 5676.68428765
4 1 4 1 1613.04465051
8 32 0 0 6546.68054373
2 32 4 1 1889.37020312
4 16 4 0 2850.2034843
8 16 0 1 5704.77385574
8 32 0 0 6455.447692
4 32 2 0 3765.62538828
8 32 0 0 4632.28925564
2 32 6 0 2017.51413177
1 1 1 1 1755.33154087
8 16 0 0 5915.53260261
1 1 7 1 1465.56601248
8 32 0 1 6626.10657326
2 16 6 1 1898.96252994
2 32 2 0 3066.71304915
1 32 2 1 2069.34070496
2 1 6 0 1358.43765824
8 32 0 0 6382.91631342
2 32 1 0 3012.44132457
2 32 4 0 2340.16230055
8 16 0 0 5602.79035977
4 16 4 0 2847.8918676
1 32 1 0 1587.44608291
8 16 0 1 5403.20783723
2 32 6 0 2004.85065422
8 32 0 1 6205.71975834
8 32 0 0 6059.2324952
8 32 0 0 6398.120739
2 1 1 1 1184.9466112
2 1 4 1 1210.15574888
8 16 0 0 5695.7343823
8 32 0 1 6237.56128585
8 32 0 1 6444.66032149
4 1 1 0 1849.39001622
2 16 2 0 2835.22283266
2 16 1 0 2888.44521007
8 16 0 1 5801.06023568
8 16 0 0 3068.00092182
2 1 1 0 687.543312078
4 16 4 1 2886.44297765
4 32 1 1 4411.08380959
2 16 6 0 2011.66475644
1 1 7 0 1354.68119414
8 16 0 0 3564.19130907
8 16 0 1 5738.31666845
8 32 0 1 4984.6290524
2 16 4 0 2916.67225143
8 16 0 0 5859.4667499
2 1 4 0 1165.33192165
2 16 6 1 2263.01652869
4 16 4 1 2718.82100798
4 1 4 1 1874.75701745
8 16 0 1 2145.40548809
1 32 4 1 2025.06271483
8 16 0 0 5836.27117345
1 32 7 1 2064.15788639
8 16 0 0 5927.46010965
4 16 4 0 1479.67831288
4 32 4 1 2760.5467602
4 32 4 1 2522.30048912
4 1 2 0 1536.75381813
8 16 0 0 2537.06900507
1 1 4 0 679.185081091
2 1 6 1 1595.52885288
8 16 0 0 5573.29033076
8 16 0 1 5763.37034033
1 1 2 0 798.880540441
8 32 0 0 6367.74754374
8 16 0 0 5757.55632295
4 16 4 1 2803.71204772
4 16 4 1 2973.09091073
8 32 0 0 6291.84596811
2 32 6 1 2239.58070965
2 32 6 1 1905.45245575
8 32 0 1 5837.12054181
8 32 0 0 5833.60437614
8 32 0 0 6567.55647912
8 32 0 0 6142.0305238
4 16 1 0 4095.28235244
1 32 7 0 1334.16203069
1 1 7 0 1472.07465468
8 1 0 1 2675.81606737
8 32 0 1 6339.51006258
8 16 0 1 5808.82747252
8 16 0 1 5923.13989136
8 32 0 0 6007.76566841
4 16 1 1 4490.52909403
8 16 0 1 5982.69681475
8 16 0 1 5806.84452047
8 1 0 0 2603.25301184
8 32 0 1 5944.26300677
2 16 4 1 1929.69953232
2 16 6 0 2165.8557024
8 32 0 1 6459.16207259
4 32 4 1 2625.26525648
4 1 4 1 1612.2066047
8 16 0 1 5718.67572713
8 32 0 1 6490.58053541
8 32 0 0 6181.83688137
8 16 0 0 5299.7509663
1 32 4 0 1682.34644372
1 32 7 1 1816.84556255
8 32 0 1 6137.49334924
1 32 1 1 1820.87316382
2 16 1 1 2451.24605864
8 16 0 0 5873.39233724
8 32 0 1 5993.50718828
1 1 7 0 1111.537566
8 32 0 1 6582.75653216
8 32 0 1 5700.0153893
2 16 6 0 2020.38542516
4 32 4 0 2722.29204036
2 1 2 0 1087.20292159
8 16 0 0 5997.17498476
8 32 0 1 3898.73303897
2 32 1 1 3048.01471355
2 16 2 1 2577.76790863
8 16 0 1 5591.89961559
4 1 4 0 1752.75975776
4 1 4 0 1688.73756032
2 32 2 1 2447.04704721
8 16 0 0 6006.39890418
1 32 7 1 1357.47404958
8 16 0 0 4009.48907774
2 16 6 1 1681.31623769
8 32 0 1 6498.79776313
8 16 0 1 3278.82416595
1 32 2 0 1509.73134303
4 32 4 0 3000.10856085
4 32 1 0 4255.70363782
8 16 0 1 1797.93796429
2 32 6 1 2268.43018266
1 32 7 0 2049.42121239
8 1 0 1 2508.46344093
1 32 7 0 2058.92286458
2 1 6 0 1109.93734486
1 1 1 0 1037.76960314
4 32 2 1 4006.63719824
8 32 0 0 6382.26471863
4 1 2 1 1547.36123771
4 16 2 0 3402.20223813
8 16 0 0 5592.65961685
1 1 7 1 651.899031281
2 1 6 1 371.441562336
8 16 0 1 4915.93299004
2 32 6 0 1570.76707666
4 16 4 0 2747.3356441
4 32 4 0 2682.24940342
8 32 0 0 5839.4705642
4 16 2 1 3774.52208943
4 32 4 0 3225.04806909
8 1 0 0 2722.93977903
2 4 4 0 1786.65142931
8 4 0 0 2477.02116323
8 2 0 1 1529.2116917
8 4 0 1 2661.64549288
8 4 0 1 3381.11088576
8 4 0 0 2951.21925697
4 2 4 1 1008.46648055
4 4 4 0 2118.77306386
8 2 0 0 601.707807015
8 2 0 0 3331.5689667
8 1 0 1 2452.67247851
2 2 6 0 2015.86828498
8 1 0 0 2505.77823723
1 4 7 0 1517.35266808
8 4 0 1 2647.29229136
4 2 2 1 2231.12990956
8 2 0 0 3117.19182554
2 4 2 1 1249.93958126
2 2 6 0 1499.56196695
2 4 2 0 1245.29741429
4 2 4 0 1724.71802934
2 2 6 1 1017.8029357
8 2 0 0 3032.55097982
8 4 0 0 2756.13385449
1 4 7 1 1911.75691839
2 2 6 1 1116.80812718
8 1 0 0 2377.06647345
8 4 0 0 2934.17612928
4 4 2 0 2082.37762325
8 4 0 1 2316.89132403
8 4 0 1 2476.04300607
8 4 0 1 2691.4073149
4 2 4 1 2178.90402367
8 2 0 0 2662.51734356
8 4 0 1 2598.32443911
8 2 0 0 2994.74746962
8 2 0 1 3097.639602
8 1 0 1 2696.54209292
2 4 6 1 1761.88750748
8 1 0 0 2088.55355265
8 2 0 1 2717.24098836
8 1 0 1 2669.98473251
8 1 0 1 2323.9094779
4 2 1 0 2242.53444239
4 4 4 1 2385.27422549
8 1 0 0 2823.84857448
8 1 0 1 2556.96803761
8 2 0 0 3073.5524387
8 2 0 0 3357.90581502
1 2 7 0 495.607897927
4 2 4 1 866.803456047
8 4 0 0 2535.2422152
8 1 0 1 2733.97814056
1 4 7 1 1018.35889993
8 2 0 1 3174.99990771
2 4 6 1 2217.91432662
1 2 7 0 322.795163812
8 4 0 0 2981.44981238
2 4 6 0 1442.22521771
8 1 0 1 2630.41447612
8 1 0 0 2641.5356
8 2 0 1 3582.58652687
8 2 0 0 3200.83363545
8 2 0 0 3091.20372463
8 4 0 0 3260.24028615
8 2 0 1 2887.14748344
8 2 0 0 2987.87422115
2 4 1 1 1653.65011142
8 2 0 1 2818.51589364
4 2 4 0 382.855777076
8 1 0 0 2548.3452388
1 4 2 0 1554.11779598
8 1 0 1 2437.5396554
2 2 2 1 620.826741031
8 2 0 1 1269.10267687
8 4 0 1 2356.34738123
8 4 0 1 2562.67049082
8 4 0 0 3578.84528668
1 2 7 1 1784.53912823
8 4 0 0 2808.46172389
8 2 0 1 3048.06687641
4 4 1 0 2848.65849636
4 2 4 0 2357.50251868
4 4 1 1 2167.92006852
8 1 0 1 2504.17475471
4 4 4 0 1708.54776407
1 2 1 1 654.99752565
8 2 0 1 2820.42202392
1 4 1 1 1445.00018324
8 1 0 0 2776.63271433
8 2 0 1 3210.97997268
8 4 0 0 3045.25392785
4 4 4 0 1737.54769986
1 2 2 0 847.145501696
8 2 0 1 2900.30753324
1 2 7 0 1940.88460214
4 4 2 1 1428.88157868
2 2 6 0 1328.29563221
8 2 0 0 3235.04040264
8 2 0 0 2590.48966461
4 4 4 1 1800.20410696
8 1 0 1 2641.257277
8 1 0 1 2728.12770692
8 2 0 0 3136.83244777
1 2 2 1 2231.91206132
2 2 2 0 438.255879626
2 4 6 0 1487.47813966
1 4 2 1 2211.21185198
8 1 0 0 2933.43273123
2 2 4 0 2162.54506825
4 4 4 1 2535.13034838
8 1 0 1 2323.44340459
8 2 0 1 2842.43002426
4 4 4 1 2511.15067408
8 1 0 0 2423.33348511
1 4 7 0 1961.07953873
2 2 6 1 1227.20214662
8 1 0 1 2748.13370409
8 2 0 0 2816.83264314
8 1 0 0 2700.19639374
8 4 0 0 2870.28871084
8 1 0 0 2263.43829453
8 1 0 0 2611.78346295
1 2 4 0 818.221912345
1 4 4 0 1510.2114506
8 1 0 0 2428.81837313
2 4 4 1 2206.64081147
8 4 0 0 2592.97299678
8 4 0 1 2480.5143291
8 1 0 0 2565.33416209
8 1 0 0 1893.52832022
8 4 0 1 3113.01065635
8 2 0 0 2727.88110012
8 4 0 0 2558.47165196
1 4 4 1 1254.00271111
8 4 0 1 3138.41182841
8 4 0 0 2610.910863
8 4 0 1 2444.08250994
4 2 1 1 2660.60570304
4 2 4 0 1705.83041334
2 4 6 0 1053.91595686
4 2 2 0 934.26258762
8 2 0 1 3237.12645833
8 2 0 0 3390.75819851
8 4 0 1 2421.86555107
2 4 1 0 2635.93185452
8 4 0 0 2750.32912429
8 2 0 1 3647.7110929
8 2 0 1 3511.29297794
4 2 4 1 1851.10707306
4 4 4 0 1664.71397886
8 1 0 1 2302.88964539
2 4 6 1 2057.73314491
8 4 0 0 2519.63881554
8 2 0 0 2808.71770125
8 1 0 1 2735.14590717
8 2 0 1 1962.39730384
1 4 7 1 2115.41031986
8 4 0 1 2329.33600329
8 4 0 1 3021.53527866
1 4 7 0 1002.25984262
1 4 1 0 1475.96878594
8 2 0 1 2804.20548777
8 8 0 0 4635.2461809
2 8 1 0 2227.83779974
8 8 0 0 4404.2588594
8 8 0 0 4725.95672169
4 8 2 1 2848.89263226
8 16 0 0 4462.88686295
1 8 7 1 1489.84630647
