1 8 2 1 1261.43431945
4 2 8 0 2033.32162555
2 2 14 1 2261.61555537
1 4 1 0 2087.00212905
2 2 14 0 1985.1492687
8 4 8 0 3271.11972838
8 2 4 1 896.232068642
4 2 4 1 2360.94636839
16 4 0 1 5817.34938376
1 8 15 1 2050.65717475
16 2 0 1 4976.97273057
8 4 8 1 2556.36832316
1 4 4 0 2044.97823598
4 4 12 1 2442.51179127
2 4 2 1 2448.20367324
4 4 4 1 3122.04238641
1 4 15 0 2046.27972116
1 4 1 1 1939.28223586
16 2 0 0 4288.16377462
2 2 2 1 1906.98793703
16 2 0 0 4620.82993276
4 2 4 0 2635.12758134
8 2 8 0 2512.39090005
16 4 0 0 6017.78551325
16 4 0 1 5984.99751763
8 4 8 0 2580.27029638
16 2 0 0 4077.38694352
2 4 14 0 1973.07389957
1 8 8 1 1991.54322173
2 4 14 1 1910.02187651
2 4 1 0 1963.46765675
2 4 1 1 2285.55372866
16 2 0 1 4703.05718475
1 2 8 0 1024.07037836
1 4 8 0 764.394762373
16 4 0 0 5765.22368018
4 2 8 1 2210.9773315
4 4 12 1 1532.71277754
8 2 8 1 2673.56639357
4 4 12 0 2167.80952517
8 4 8 1 2570.61604625
2 4 8 0 2121.32800342
16 4 0 1 5855.60261365
16 2 0 1 4379.37090912
1 8 4 0 1920.51341359
16 2 0 1 4496.29193411
16 4 0 0 5686.96301346
2 4 4 0 2104.07044708
16 2 0 1 3842.45164537
8 4 1 1 3872.83777673
2 2 1 1 1682.05292182
8 2 2 0 2872.97126242
2 8 2 1 2886.37370786
1 8 8 0 1348.90681397
2 4 2 0 2253.76054671
16 4 0 0 5775.76353991
16 2 0 0 4873.36441296
1 2 15 0 1395.62414065
2 2 1 0 1825.17507476
4 4 2 1 3303.81749601
16 4 0 1 5991.22174223
16 4 0 1 5629.22073034
4 2 1 1 2822.32951918
1 8 4 1 1985.82871946
16 4 0 1 5740.93969901
4 2 2 0 2696.17775515
16 4 0 0 5919.71625984
1 4 15 0 1112.53019087
1 2 4 1 1657.97852577
16 4 0 1 5574.45900002
16 2 0 0 5032.54425778
8 4 8 1 2724.45278618
1 2 1 0 1942.68092411
16 4 0 0 5897.66026025
16 2 0 1 4028.15179052
16 2 0 0 4207.34967143
1 2 15 1 2143.08817549
8 2 8 0 2354.36677364
8 2 4 0 2496.87592972
2 8 1 1 2977.74988659
1 8 15 0 1089.57923549
1 8 15 0 1426.64932544
8 2 1 1 2508.58918397
8 4 4 0 2906.67677272
16 2 0 0 3959.70866569
2 2 8 1 2339.45335071
16 2 0 1 3668.624662
1 4 15 1 2003.44888661
2 2 2 0 1676.73369014
2 4 8 1 2215.73558438
1 2 4 0 2174.65872946
16 1 0 0 3423.17005307
16 4 0 0 5921.54395057
2 4 14 1 2190.95115022
4 2 12 0 2317.38538795
16 4 0 0 5794.04050209
8 2 8 1 2582.34148909
4 4 8 0 2566.14693216
1 4 8 1 1876.57126996
16 2 0 1 3884.72846028
1 2 15 1 1913.61370712
8 2 8 1 2361.4021714
2 2 4 1 2126.8145549
8 4 2 0 4270.43182
1 8 1 0 1490.29603845
16 2 0 0 3864.35624988
16 2 0 1 4156.9601968
4 2 1 0 3152.334024
4 2 2 1 2736.44521169
1 4 4 1 2023.22726996
4 4 1 0 3251.28896591
4 4 1 1 3259.50777737
4 2 12 1 962.861346304
2 2 8 0 1529.96616222
8 4 4 1 2482.33372988
16 2 0 0 4563.59602132
16 2 0 0 4515.59125387
16 4 0 1 5817.4469539
16 4 0 1 5729.79055374
4 2 12 0 839.026404807
16 4 0 1 5867.9529738
16 4 0 0 6063.50573099
1 4 2 1 1818.91393408
4 4 2 0 3172.11810956
1 2 8 1 1612.57038203
16 2 0 0 4635.49527988
8 4 8 0 2626.62869863
2 4 14 0 1637.73974876
1 8 1 1 1901.78184277
1 2 2 1 1911.19828848
1 4 15 1 2438.90838986
1 8 2 0 1864.98282028
4 4 4 0 2884.02364892
8 4 2 1 3538.45291887
16 2 0 1 4109.26722732
2 8 2 0 2734.89786186
16 2 0 1 3638.12548411
2 8 4 1 2182.42039686
2 8 4 0 3096.75769545
16 8 0 1 5872.37255386
1 16 1 0 1905.96333739
16 8 0 1 6239.31002637
16 8 0 1 5962.89727445
8 8 4 0 3557.63379136
16 8 0 0 6215.13170714
4 8 1 0 3762.73809933
16 8 0 0 5951.99588277
16 8 0 1 5780.02906543
16 8 0 1 6522.15241824
2 8 14 0 2127.61670789
4 8 4 1 2670.45317025
4 8 1 1 3667.11595412
16 8 0 0 6302.51445264
16 8 0 0 6162.61768802
8 8 8 1 3096.27839281
8 8 8 1 3052.16657824
4 8 8 0 2279.60699345
4 8 12 1 2289.04844775
8 8 2 0 4946.41807229
16 8 0 0 6219.44889231
16 8 0 0 6218.67817975
16 8 0 1 6338.12245365
2 8 8 1 2500.44833593
8 8 1 0 4989.70520777
2 8 14 1 2189.34614302
16 8 0 0 6091.13319158
2 8 8 0 2761.32014981
16 8 0 0 6326.81772669
16 8 0 1 5977.4140561
1 16 2 0 1962.1809145
8 8 8 0 2484.00043123
4 8 8 1 2192.80327935
1 16 1 1 2253.04117192
16 8 0 0 6089.19143999
16 8 0 0 6360.16076971
4 8 2 0 4037.59228376
4 8 12 0 2065.79234522
16 8 0 1 6487.23878007
8 8 8 0 3149.38643489
16 8 0 1 6194.76982913
2 8 14 1 1442.5666477
16 8 0 1 6263.18395889
16 8 0 0 6286.23689038
4 8 2 1 3760.33944482
8 8 4 1 3882.52137131
8 8 8 1 3085.47073442
4 8 4 0 2625.70950386
2 8 14 0 2129.51354457
8 8 8 0 2689.97373816
16 8 0 0 6253.37243328
8 8 1 1 4364.06403444
1 16 2 1 1772.91207196
16 8 0 1 6045.54067773
8 8 2 1 4735.75586364
4 8 12 0 2198.83847053
16 8 0 1 6179.81338053
4 8 12 1 2363.54944512
16 16 0 0 1782.9599544
4 32 12 1 2273.34586707
1 16 4 0 1797.18671241
16 16 0 1 1770.77457745
4 16 4 0 1884.38713267
4 16 4 1 1879.75291311
16 16 0 0 1722.19492468
4 16 12 0 1875.43355593
2 16 14 0 1882.47740346
1 16 8 1 1629.13136716
16 32 0 1 6879.88198793
8 32 8 1 3037.69500284
1 32 2 0 1911.81004138
2 16 8 1 1865.20840204
16 16 0 1 1807.81772286
1 32 1 0 2139.37073854
16 16 0 1 1771.60804618
1 32 8 0 1031.98161371
2 32 1 1 3261.90375342
8 32 8 1 3471.99458169
8 32 8 0 3129.80822775
8 32 1 0 5890.87357973
16 16 0 0 1759.06235193
16 16 0 1 1761.20685437
4 32 4 0 4269.07640496
8 32 8 0 3165.63522467
2 32 1 0 1795.73621919
1 32 4 0 1320.79863922
8 16 8 1 1844.54078103
2 32 2 1 3347.87303361
1 32 15 0 945.225416407
4 16 1 0 1890.75723171
4 16 12 1 1851.98076376
4 32 1 1 2322.55242824
8 16 8 1 1848.16035405
2 16 8 0 2715.74075601
16 16 0 0 1763.29115436
16 16 0 1 1740.89709859
16 16 0 0 1780.911437
1 32 8 1 994.823976347
2 16 4 0 2972.14870766
16 32 0 1 6532.76403848
4 32 2 0 4175.68542905
16 16 0 1 1783.54334182
16 16 0 0 1784.5822376
8 16 8 0 1843.79900496
4 32 2 1 4326.83719995
16 32 0 0 6661.77408681
16 16 0 1 1732.13944313
1 16 15 1 1874.25151977
2 32 4 0 2879.08505588
1 32 15 1 1786.64746422
16 32 0 0 7075.61077382
2 32 4 1 3465.83964459
1 32 1 1 1885.73130066
4 16 2 0 1816.25986512
16 16 0 1 1745.08781649
2 32 2 0 1617.4100488
2 32 8 1 2709.59983249
16 16 0 1 1783.22702299
8 16 1 0 1838.18282892
1 32 2 1 1733.74081219
4 32 12 0 2385.05518396
16 32 0 1 6725.98657546
1 16 8 0 1969.13630078
16 16 0 0 1778.37980001
16 16 0 1 1611.45665304
8 16 8 1 1783.19283902
2 32 14 0 2193.27925686
8 16 8 0 1827.54501968
1 32 4 1 1992.4934494
1 32 15 0 2015.36070961
16 16 0 1 1778.68460095
16 16 0 0 1778.73058274
16 32 0 1 6243.99913831
4 32 12 1 2393.61317573
2 16 4 1 1877.91658457
2 16 2 1 3113.51217025
2 16 14 1 1928.57802584
8 16 2 1 1793.08914081
1 16 15 0 1132.76358498
16 16 0 0 1790.64477084
16 16 0 0 1772.3571644
1 16 4 1 2570.11567892
16 16 0 0 1777.04622651
4 32 8 1 3052.60218271
8 32 2 0 4999.50778421
1 32 15 1 2052.27663392
8 32 4 1 4453.87694279
8 16 1 1 1845.54524424
1 16 15 0 2129.51364356
4 16 12 1 1821.76254553
8 16 2 0 1857.70144259
2 32 14 1 2034.21811655
2 16 14 1 1874.5580045
2 32 8 0 2281.68301311
8 16 8 0 1812.93318852
4 16 8 1 1850.47732966
16 32 0 0 7094.35412124
8 16 4 0 1847.8925517
2 16 2 0 3155.91959388
8 32 2 1 4561.18320301
4 16 2 1 1857.91565949
8 32 8 1 2640.89892451
4 32 8 0 3634.93099078
4 32 1 0 4626.23516585
2 32 14 0 1966.79180822
4 16 1 1 1858.14042656
16 32 0 0 6852.4578383
4 32 4 1 4398.90443107
2 32 14 1 2078.9687404
1 16 15 1 2051.60737813
16 32 0 1 6523.94922043
4 16 12 0 1881.53467925
16 16 0 1 1726.13615788
8 16 4 1 1854.44331116
8 32 4 0 3643.51298109
2 16 14 0 1864.38777186
16 32 0 0 7001.73388897
4 32 12 0 2844.99584852
16 16 0 0 1784.50281337
16 32 0 1 6792.43729573
2 16 1 0 1872.86052046
8 32 1 1 5351.38247721
4 16 8 0 1917.20563989
8 32 8 0 3297.55071115
8 2 2 1 3393.5878948
2 2 14 1 1722.22236968
1 1 2 0 954.728973037
16 1 0 0 3026.89636591
4 1 1 1 1669.32231023
16 2 0 1 5228.99741054
8 2 1 0 3868.81703544
16 32 0 1 6733.59176116
1 1 1 0 863.440853894
4 1 2 1 1579.72018609
16 32 0 0 7016.4448368
2 1 14 1 936.436436397
8 1 4 0 1716.45313537
8 2 8 0 2182.18004705
2 2 14 0 1616.86777562
16 1 0 1 3823.57818477
4 2 12 1 1835.82087336
2 1 8 1 965.655021502
4 1 12 1 1078.211179
16 1 0 0 3421.47431953
1 2 1 1 1615.50729936
4 1 1 0 1654.04407239
2 2 4 0 1714.76103726
1 2 15 0 1597.91205208
1 2 2 0 1434.10807294
8 1 1 0 2046.73614755
16 2 0 0 4814.3368759
