1 16 7 1 1904.27547046
8 4 0 0 2113.34615676
1 4 7 1 1764.37736263
2 8 4 1 2252.71103136
2 8 2 0 2012.19600325
8 4 0 0 1949.03585845
4 4 2 0 2061.48313264
8 4 0 1 2045.46403621
1 8 7 1 1803.66725554
1 16 1 1 975.492130576
8 4 0 1 2095.08163294
8 8 0 0 2246.86033409
1 8 1 1 2153.62780714
8 4 0 1 2137.92733722
4 8 4 1 2514.43932642
8 8 0 0 2059.63492785
2 8 6 0 1421.11231652
8 4 0 1 2066.80813079
2 4 6 1 1848.76320018
8 8 0 0 2102.04737587
1 16 4 1 1322.40812678
2 16 2 0 2606.60086353
2 16 1 0 3222.48712196
4 4 4 1 2197.89905442
1 16 2 0 1866.69264907
1 16 4 0 2047.91924351
1 8 2 1 2068.99628653
8 4 0 0 1921.61600327
1 4 7 1 1374.93118962
4 8 4 1 2540.59715731
2 4 6 1 1753.48095198
8 4 0 0 2115.95176209
2 4 6 0 1862.77688836
2 8 6 1 2069.2144286
2 16 4 0 1765.000049
8 8 0 1 2157.29009754
4 8 1 1 2327.7852248
8 8 0 0 2205.73201255
8 4 0 1 2011.50504358
8 4 0 0 2260.49325854
2 4 1 1 2349.55035553
8 8 0 0 2253.65500905
8 4 0 0 2024.13505953
1 16 7 0 1810.81685782
8 8 0 0 2300.35246253
2 8 6 0 2102.33475189
8 4 0 1 1837.26539273
8 4 0 1 2025.37556791
8 4 0 0 2162.53127049
1 8 7 0 1982.65917138
1 8 4 1 2181.23606125
8 4 0 0 1880.71720782
4 4 1 0 2404.32108768
1 8 7 0 2177.8183044
4 4 1 1 2095.12639338
8 8 0 1 1931.79836937
4 4 4 0 2291.13050964
8 8 0 1 2154.02301984
1 8 7 0 1053.36804752
8 8 0 1 2371.71750854
1 8 1 0 1020.18096758
8 4 0 0 1948.327776
4 8 4 1 2465.4856918
1 16 7 1 975.546026405
2 8 4 0 1549.7606794
4 8 4 0 2298.67341467
2 8 2 1 2082.88965931
4 4 4 0 2475.04278557
8 8 0 0 2320.53188343
2 16 4 1 2030.50280953
2 8 6 0 1710.33635454
8 8 0 1 2039.30430742
4 4 2 1 2115.9449048
2 16 6 0 1839.24754851
4 4 4 1 2464.03435723
8 8 0 1 2228.95570439
1 8 4 0 1021.92106538
8 4 0 0 1955.9051666
2 4 6 0 1758.01754769
4 8 4 0 2313.17611365
4 8 1 0 2502.97398653
4 4 4 1 2540.47096446
4 4 4 1 1948.842277
8 8 0 1 2277.93501592
1 16 7 0 1059.32157966
1 4 7 0 1668.26276385
8 4 0 0 2254.4923842
8 8 0 1 2301.98213798
8 8 0 1 2276.9040894
2 16 1 1 1844.71804937
4 8 4 0 2132.5416311
1 8 7 1 1429.4557478
2 4 4 1 1657.80707468
8 4 0 0 2119.67659244
8 4 0 1 1985.29870319
8 8 0 1 1966.39105853
8 8 0 0 2316.97216881
1 16 1 0 1529.27142427
2 16 6 0 1512.25805275
8 4 0 1 2039.30058557
4 8 4 1 2354.96148699
2 8 6 1 2063.87507188
8 4 0 0 1993.84336768
8 4 0 1 2080.10518953
8 4 0 0 1932.70447386
8 4 0 1 1866.2142944
8 8 0 1 2315.91985751
8 8 0 0 1960.18615058
2 16 2 1 1860.96946491
8 8 0 0 2306.22608302
2 4 6 0 2081.51999199
8 8 0 0 2319.18348874
2 16 6 1 2204.55743223
4 8 4 0 2633.05556452
8 4 0 1 2020.13826111
2 4 1 0 1921.28582114
8 4 0 1 1916.30259203
8 4 0 0 2064.49973952
8 8 0 1 2215.03692807
1 16 7 0 1304.32942834
8 8 0 0 2092.41421371
1 16 7 1 1786.20456541
4 4 4 0 1933.76284299
8 8 0 0 2197.27762484
2 8 1 1 2561.95529568
2 4 6 1 2032.02941722
8 4 0 0 2064.21462497
8 8 0 1 1968.17659713
8 8 0 1 2029.66419234
1 4 7 1 1849.8987876
8 4 0 1 1994.07222381
8 4 0 1 2109.82313
1 4 7 0 996.238942714
8 8 0 1 2266.84456599
1 8 2 0 958.209984292
2 8 6 1 2134.28356222
8 32 0 0 2464.09889228
8 32 0 0 2399.70484174
8 32 0 1 2460.76469204
8 32 0 1 2447.77804353
8 16 0 0 2136.5558954
4 32 4 1 2462.65027057
4 1 4 0 1366.35142575
8 16 0 1 2449.26303986
8 32 0 0 2448.61308778
8 16 0 1 2438.44869171
4 1 4 1 1751.4415718
8 32 0 0 2474.59167974
2 32 4 1 1845.10670593
4 16 4 0 2355.67137297
8 16 0 1 2104.70376418
8 32 0 0 2449.85028528
4 32 2 0 2543.4685856
8 32 0 0 2503.22543234
2 32 6 0 1745.20636434
1 1 1 1 887.969369127
8 16 0 0 2263.77355336
1 1 7 1 1212.23459994
8 32 0 1 2500.98436779
2 32 2 0 3075.12409926
1 32 2 1 1545.07186723
2 1 6 0 1106.22322937
8 32 0 0 1909.81465293
2 32 1 0 3020.56666114
2 32 4 0 1906.68301774
8 1 0 0 1599.43188848
8 16 0 0 2354.71348029
4 16 4 0 2426.19965846
1 32 1 0 1701.40612391
8 16 0 1 2404.83320692
2 32 6 0 2064.13957528
8 32 0 1 2437.55270398
8 32 0 0 2500.98310108
8 32 0 0 2488.98039631
2 1 1 1 1131.32024697
2 1 4 1 1289.41377907
8 16 0 0 1772.74647701
8 1 0 1 1604.52608129
8 32 0 1 2459.80252845
8 32 0 1 2292.27669756
4 1 1 0 1510.97256711
8 16 0 1 2425.68848883
2 1 6 0 1161.4313746
8 16 0 0 2445.47602469
2 1 1 0 1202.35042467
4 16 4 1 1764.57788923
4 32 1 1 2509.63779404
2 16 6 0 1597.44464118
1 1 7 0 1140.84146166
8 16 0 0 2420.3762137
4 1 1 1 1341.58918115
8 16 0 1 2407.07015081
8 32 0 1 2448.20299169
8 16 0 0 1909.82967813
2 1 4 0 1252.54854633
2 1 2 1 1200.51843424
2 16 6 1 2382.73098884
4 1 4 1 1593.20528873
4 16 4 1 2483.92063838
4 1 4 1 1161.45405191
8 16 0 1 2339.87880579
1 32 4 1 1772.83008154
8 16 0 0 2456.75354861
1 32 7 1 1697.65530756
8 16 0 0 2332.49498272
4 16 4 0 2289.05935366
4 32 4 1 2495.82986197
4 32 4 1 2571.48055904
4 1 2 0 1452.36979683
8 16 0 0 2404.29388883
1 1 4 0 1236.76641618
2 1 6 1 1326.03258688
8 16 0 0 2412.2597084
8 16 0 1 2510.11058618
1 1 2 0 1195.89834713
8 32 0 0 1735.41125191
8 16 0 0 2392.16179157
4 16 4 1 2543.55167445
4 16 4 1 2361.02649583
8 32 0 0 2327.1426371
2 32 6 1 2254.21667572
2 32 6 1 2114.26793707
8 32 0 1 2221.47742212
8 32 0 0 2532.92064835
8 32 0 0 2502.31638167
8 32 0 0 2411.61626729
4 16 1 0 2439.64018336
1 32 7 0 1035.98827392
1 1 7 0 1009.76487148
8 1 0 1 1660.79373857
8 32 0 1 2496.40330127
8 16 0 1 2180.37270856
8 16 0 1 2410.45136495
8 32 0 0 2535.14692553
4 16 1 1 2579.28219204
8 16 0 1 2327.95654726
8 16 0 1 2232.41050069
8 1 0 0 1533.76427805
8 32 0 1 2447.72406716
8 32 0 1 2287.6035936
4 32 4 1 2288.88999808
4 1 4 1 1394.2038318
8 1 0 1 1711.08263083
8 16 0 1 2267.49664646
8 32 0 1 2256.0484112
8 32 0 0 2405.48162869
8 16 0 0 2472.5037801
8 16 0 1 2078.4489777
1 32 4 0 1017.86400178
1 32 7 1 1753.56840968
8 1 0 0 1601.21650314
8 32 0 1 2221.55583885
1 32 1 1 2013.49353471
8 16 0 0 2437.15068334
1 1 4 1 1386.85431202
8 32 0 1 2467.50972592
1 1 7 0 1213.13234127
8 32 0 1 2535.45858816
8 32 0 1 2436.37140553
4 32 4 0 2625.35793796
1 1 7 1 1351.42582995
2 1 2 0 1396.3674197
8 16 0 0 2237.97806614
8 32 0 1 2403.2735214
2 32 1 1 1568.46923758
4 1 4 0 1376.15013819
1 1 2 1 1406.07520325
8 16 0 1 2471.29979847
2 1 6 1 1124.61245681
4 1 4 0 1761.2029548
4 1 4 0 1865.42898454
2 32 2 1 1809.63079705
8 16 0 0 2366.80273551
1 32 7 1 1779.92800369
8 16 0 0 2209.17558576
8 32 0 1 2351.23248325
8 16 0 1 2426.02300671
1 32 2 0 1929.03311576
4 32 4 0 2503.20308479
4 32 1 0 2386.74769505
8 16 0 1 2288.53213698
2 32 6 1 2215.56917435
1 32 7 0 1596.29640195
8 1 0 1 1625.44046308
1 32 7 0 1718.0279481
2 1 6 0 1189.68071287
1 1 1 0 1301.23694884
4 32 2 1 2358.85990169
8 32 0 0 2215.18282624
4 1 2 1 1302.71516386
4 16 2 0 2443.3319425
8 16 0 0 2488.25277254
1 1 7 1 1297.55802917
2 1 6 1 1308.2200008
8 16 0 1 2284.04925095
2 32 6 0 1940.45612411
4 16 4 0 2474.51175794
4 32 4 0 2525.0386511
8 32 0 0 2239.39204459
4 16 2 1 2430.85935494
4 32 4 0 2575.37998734
8 1 0 0 1893.70331445
8 2 0 1 2063.15674488
4 2 4 1 2072.2889763
8 2 0 0 1842.12257812
8 2 0 0 1995.93756464
8 1 0 1 1607.34625224
2 2 6 0 1666.02225992
8 1 0 0 1529.3184865
1 4 7 0 977.667783317
4 2 2 1 2356.6525598
8 2 0 0 2069.1983122
2 2 6 0 1761.45849728
4 2 4 0 1648.23426093
2 2 6 1 1374.88997939
8 2 0 0 1884.40788902
