32 4 32 0 735.722443275
32 4 2 0 731.440794102
32 16 2 0 746.444494421
32 8 16 0 743.67647764
8 16 32 1 767.648023234
32 8 2 1 746.947676062
16 8 4 0 728.042373414
8 32 8 0 768.449662262
8 16 2 1 767.188782768
2 16 32 1 777.516876586
8 32 4 1 734.162566234
2 16 8 1 1399.9050292
1 1 16 0 1788.56184139
8 1 8 1 394.374422165
2 1 1 0 396.552017223
4 32 8 1 761.869549054
8 1 2 0 388.306956255
8 8 8 0 770.045142001
16 8 4 1 768.673464699
16 8 16 0 770.715225696
4 1 32 1 395.06526504
4 1 2 0 388.562895524
2 32 4 0 1686.39921383
4 1 2 1 394.187921648
32 8 1 0 749.678241333
32 16 1 1 748.376057438
8 32 8 1 767.633773578
2 1 32 1 395.617201048
1 16 16 1 598.938199029
32 32 8 0 387.510249961
2 1 32 0 1524.34220391
32 8 4 0 739.396980344
1 32 8 1 1248.09847957
4 32 16 1 768.69181422
16 32 4 0 742.353975736
16 32 1 0 750.619540269
32 16 16 0 738.772373167
1 16 8 1 768.636424393
1 32 4 0 2140.22429062
8 32 32 0 775.533942778
4 16 4 1 772.276078761
32 16 16 1 733.583720751
2 1 4 1 396.882056228
8 1 4 0 392.348224392
32 32 8 1 388.826940361
2 1 16 1 393.503051222
8 8 2 0 779.8131958
16 16 2 1 748.000496627
2 1 8 1 772.328991783
32 16 2 1 746.854627518
8 8 8 1 761.088858354
1 32 32 0 582.183135282
8 16 4 0 774.85240166
2 16 8 0 780.479846339
8 1 4 1 392.524410934
4 32 32 0 772.815005091
32 8 4 1 748.501855191
2 32 32 1 774.693668455
16 16 1 0 769.109216845
1 1 1 1 1177.8305189
1 32 16 1 2068.99199557
16 8 16 1 753.403727773
2 32 16 0 1552.49722733
32 8 16 1 737.969046478
4 1 32 0 396.747964263
32 16 32 1 744.210612101
4 8 32 1 770.227221749
2 32 1 1 1646.13976083
32 8 2 0 756.342373637
8 32 2 0 752.422719573
32 16 1 0 748.812366105
16 8 8 1 755.339842058
4 1 4 0 395.693675591
1 1 32 1 1776.546757
32 16 8 0 734.981581907
16 32 8 1 748.703665424
32 32 16 0 386.988905888
1 32 1 0 1365.72888168
8 16 1 1 760.095138004
1 32 16 0 2080.66317097
1 16 4 1 2347.52074627
32 8 8 1 722.181931773
1 16 1 0 547.259993803
1 16 2 1 822.178617352
32 8 32 1 750.267131459
4 16 8 1 771.823108449
8 8 32 0 773.833350839
1 32 32 1 1246.68766046
16 32 16 0 747.258284486
1 32 4 1 518.752115357
2 16 1 0 1589.0998418
4 1 4 1 393.983160541
32 32 32 1 381.239777382
4 16 8 0 778.212297222
1 1 1 0 1300.09030029
16 32 4 1 729.924217027
4 8 8 1 754.015121327
1 16 8 0 607.53771329
8 8 4 1 758.009274293
1 1 2 0 561.540974282
32 32 16 1 382.418225851
2 16 16 0 782.327274924
4 32 32 1 762.043266646
16 16 32 0 757.928806562
8 32 2 1 764.520854094
8 32 1 0 766.901407179
2 32 2 0 1943.90468122
8 16 2 0 769.049803688
16 16 2 0 747.75750783
2 1 4 0 391.856043194
1 1 8 0 305.377730357
32 16 32 0 738.73822961
2 1 16 0 779.0351325
32 8 32 0 754.632124741
2 32 4 1 774.31173939
8 8 2 1 778.548639118
32 16 4 1 749.22662741
4 1 8 0 397.302846054
4 16 1 1 769.08335002
16 8 1 0 757.798365716
4 32 16 0 774.198415563
16 8 2 1 767.190449166
4 8 16 1 764.675627906
32 16 8 1 748.745623066
4 16 32 1 742.394824325
8 8 16 1 773.632505436
8 8 4 0 760.418416523
2 32 16 1 761.380385791
16 32 8 0 749.646047198
32 8 8 0 736.63945728
2 16 2 1 777.142199414
1 32 2 0 859.966474856
16 16 4 0 768.241825547
16 8 32 0 773.696266443
4 1 8 1 396.117742748
8 1 1 1 385.436490044
8 32 16 0 773.071006474
1 1 8 1 1796.46163654
8 32 16 1 764.780597447
16 32 1 1 759.876186595
16 8 32 1 765.721182965
2 32 2 1 1925.33623664
2 1 2 0 388.290574046
16 16 4 1 753.857717481
8 1 1 0 396.668553872
1 1 2 1 320.158795629
2 16 32 0 2070.19497461
8 1 8 0 396.275017298
1 1 32 0 330.955103159
4 32 8 0 772.668081012
16 8 8 0 770.062817026
16 16 32 1 738.475230547
8 32 32 1 765.282150572
8 8 1 1 774.554778907
16 32 32 1 726.436056075
1 16 2 0 586.857205634
32 8 1 1 744.263783239
4 1 1 1 395.962772306
16 16 1 1 747.913129687
4 16 2 0 777.799795712
32 32 2 0 388.879993097
1 16 4 0 1847.04464055
1 32 8 0 1052.37590199
2 16 1 1 773.34371689
4 16 4 0 766.444186337
1 1 4 1 527.801719252
8 16 16 0 771.244654266
2 16 2 0 774.266940188
8 16 32 0 771.144581964
1 32 1 1 1295.75482388
8 16 1 0 755.648113782
32 32 4 1 381.888963033
16 16 16 0 764.41035333
8 8 1 0 775.088630235
8 16 16 1 771.491015758
2 1 8 0 776.017754312
4 8 16 0 764.289719331
2 32 32 0 1236.21348015
2 32 1 0 775.212641584
2 16 4 0 775.204050556
8 32 1 1 764.483799238
16 16 16 1 770.769338681
4 1 16 0 391.811476286
8 16 8 0 775.681972888
16 32 2 0 741.044750917
16 16 8 0 760.637419231
1 16 32 1 2057.54521316
16 8 1 1 749.976043806
2 16 4 1 1850.36817649
4 32 2 1 776.122413769
32 32 1 1 738.551290191
8 32 4 0 737.563861919
4 16 16 1 774.685871416
4 1 1 0 393.618337805
1 1 4 0 1622.44476473
4 8 8 0 772.195830119
4 32 2 0 772.616124988
2 32 8 0 1766.99612761
4 32 4 1 768.499546827
8 8 16 0 770.791487307
2 1 1 1 777.600929649
4 8 32 0 780.827094619
8 8 32 1 753.809771165
4 32 4 0 777.064023681
32 32 32 0 384.30601543
4 1 16 1 397.702248788
32 32 2 1 378.90451642
1 32 2 1 1757.55990632
16 32 32 0 739.893259036
16 16 8 1 744.707536692
8 16 4 1 772.079371797
32 16 4 0 734.030655167
4 16 16 0 776.916407247
4 32 1 1 765.280263371
8 1 2 1 394.571903229
16 8 2 0 754.357652134
2 16 16 1 1595.46740451
16 32 2 1 743.950078927
1 16 16 0 2215.05695456
1 1 16 1 536.58411218
32 32 4 0 386.120258159
4 16 1 0 782.293495181
4 16 2 1 778.260876649
8 16 8 1 772.002225151
16 32 16 1 729.34383392
2 1 2 1 773.798426927
2 32 8 1 775.438452391
4 32 1 0 775.88875327
1 16 1 1 600.614065051
1 16 32 0 1646.90535782
4 16 32 0 782.517482563
16 4 16 0 2333.65615936
32 4 4 1 3860.55120162
