4 8 1 1 3968.92890347
2 8 4 0 2684.7552128
16 8 0 0 6401.68199287
16 8 0 0 6448.81703417
8 8 8 1 3082.9715087
2 16 4 0 3108.50278562
8 8 8 1 2922.511318
4 8 8 0 2488.89105264
1 16 15 1 2398.2735451
4 8 12 1 1367.34368062
8 8 2 0 4757.47235021
16 8 0 0 5737.54057574
4 16 2 0 3986.67269158
16 8 0 0 6218.2187979
16 8 0 1 6286.24113134
2 8 8 1 2644.38078772
8 8 1 0 5210.21504768
2 8 2 1 2709.55520117
2 8 14 1 2011.16012222
16 8 0 0 6647.04343987
1 16 8 0 2052.16281646
2 8 8 0 2518.11351397
16 8 0 0 5375.54584751
16 8 0 1 6132.60498474
1 16 2 0 2382.93230939
8 8 8 0 2792.08041068
4 8 8 1 3048.40908874
1 16 1 1 717.027100034
2 16 4 1 2813.31095925
2 16 2 1 3036.67333164
2 16 14 1 2079.69642261
1 16 15 0 1849.18705103
16 8 0 0 6474.27932906
1 16 4 1 1295.73262707
16 8 0 0 6362.42772803
4 8 2 0 3402.18658417
4 8 12 0 2006.29285959
16 8 0 1 6014.9261002
2 8 1 1 3003.98350385
8 8 8 0 2726.17128644
1 16 15 0 1727.68542558
16 8 0 1 5960.78834653
2 8 14 1 2052.02476164
16 8 0 1 6382.33235521
2 16 14 1 2487.75277488
16 8 0 0 6035.39504875
4 8 2 1 3886.36696201
8 8 4 1 3791.80275914
4 16 8 1 2821.80746714
8 8 8 1 2784.90248608
4 8 4 0 2622.28468439
2 8 14 0 2185.23542506
8 8 8 0 2959.22290888
2 16 2 0 3197.68915558
4 16 2 1 4305.1010817
16 8 0 0 6159.57767681
4 16 1 1 4165.56737763
8 8 1 1 5075.09714711
2 16 1 1 2883.00366896
1 16 15 1 2045.03308316
1 16 2 1 2183.27700795
2 16 14 0 2626.95181346
16 8 0 1 6445.14836471
8 8 2 1 3587.18326402
4 8 12 0 2362.69771735
16 8 0 1 5933.44023404
4 8 12 1 2206.91617997
2 16 1 0 3089.47094825
2 8 2 0 2706.96424651
16 16 0 0 6297.67142477
1 1 2 0 1452.93179559
4 32 12 1 2282.37417671
16 32 0 1 6653.18783863
1 1 1 0 1571.7249877
16 16 0 1 6348.37230545
4 1 2 1 1907.57980727
16 32 0 0 6899.10643715
2 1 14 1 1569.2263205
16 16 0 0 6695.16033935
4 16 12 0 2254.09263336
2 1 8 1 1519.25262456
4 1 12 1 1768.3102549
4 1 1 0 1941.13623703
16 32 0 1 6608.72233195
8 32 8 1 2872.58164531
1 32 2 0 1284.98773689
16 16 0 1 6458.1478479
1 32 1 0 2283.84754012
16 16 0 1 6671.02658035
1 32 8 0 2091.02583355
2 32 1 1 2885.98806792
8 32 8 1 2975.04102568
8 32 8 0 3193.46553764
1 1 15 1 1115.63555929
8 32 1 0 5173.7059453
16 16 0 0 6465.87285652
16 16 0 1 6316.76330044
4 32 4 0 4507.28322738
8 32 8 0 2770.08282516
2 32 1 0 3170.43682051
8 1 1 1 2357.49026792
2 1 8 0 1578.86916447
1 32 4 0 1941.59389527
8 16 8 1 3120.06405577
2 32 2 1 3247.84977809
16 32 0 0 6854.02227404
1 32 15 0 1856.39097482
16 32 0 1 6682.34974961
4 16 12 1 2673.24043278
4 32 1 1 4547.18455447
8 16 8 1 3521.06752463
4 1 12 0 1514.14769315
16 16 0 0 6302.02324065
16 16 0 1 6203.76742354
1 1 4 0 1504.64865435
16 16 0 0 6457.00133993
1 32 8 1 1594.01341301
16 32 0 1 6600.44028345
2 1 1 1 1097.29940732
16 32 0 1 6623.10110709
2 1 14 1 1470.45791838
4 32 2 0 2022.60041947
16 16 0 1 6481.18085213
16 16 0 0 6245.49536757
8 16 8 0 2942.37935632
4 32 2 1 4034.95103182
16 32 0 0 6992.20696861
16 16 0 1 6306.44140887
2 32 4 0 3606.64357727
2 1 2 1 1456.17933464
1 1 1 1 1204.95232254
1 32 15 1 2296.29242133
16 32 0 0 6729.53864692
2 32 4 1 850.116984203
2 1 14 0 1671.0647337
1 32 1 1 1904.5767215
16 16 0 1 6347.07999159
2 32 2 0 3116.77236248
2 32 8 1 2846.53994041
16 16 0 1 4417.12515858
16 32 0 0 6933.92158284
4 1 4 1 1576.22738255
8 16 1 0 5549.38577377
1 32 2 1 1819.91687398
4 32 12 0 2236.0359164
1 1 15 1 1856.10624958
4 1 8 0 1391.7584265
16 32 0 1 6483.55900388
16 32 0 1 6132.93638104
16 16 0 0 6614.61841404
16 16 0 1 6444.80518634
8 16 8 1 2973.42862019
4 1 8 1 1291.15859959
2 32 14 0 1780.52977739
8 16 8 0 3447.4401957
1 32 4 1 1760.84790679
1 32 15 0 2029.14774328
16 16 0 1 6439.1194308
1 1 15 0 1565.57983375
16 16 0 0 5599.49540776
16 32 0 1 6550.05371772
4 32 12 1 2328.20601336
16 32 0 0 7040.15056526
16 32 0 0 6737.38429346
2 1 4 1 1342.34730403
4 1 4 0 1602.6132565
8 16 2 1 4434.49678181
4 1 12 1 1728.29868743
16 16 0 0 6607.8743683
16 16 0 0 6394.01677886
16 16 0 0 6671.78119814
4 32 8 1 2801.9062489
8 32 2 0 4649.56299156
1 32 15 1 1839.5539089
8 32 4 1 4019.90594187
1 1 4 1 1739.95857332
8 16 1 1 5600.31441042
4 16 12 1 1938.19888994
8 16 2 0 5424.28875379
2 32 14 1 2085.69632695
2 32 8 0 2353.46054366
8 16 8 0 3074.49854134
16 32 0 0 6753.60205979
1 1 15 0 1802.92485315
1 1 8 0 1359.911352
8 16 4 0 3288.83900812
8 32 2 1 5355.73451178
8 32 8 1 2859.51004793
2 1 14 0 1537.07338258
4 32 8 0 2483.97153072
16 32 0 1 6636.77294
4 32 1 0 4452.51680061
2 32 14 0 2083.96775345
1 1 8 1 1726.42649455
16 32 0 0 6644.18980749
2 1 1 0 1257.23895085
16 32 0 0 6969.57246195
16 32 0 0 6729.47126403
4 32 4 1 2961.04608903
2 32 14 1 2579.54286903
2 1 2 0 1191.13908479
16 32 0 1 6597.47410212
4 16 12 0 2220.62733944
16 16 0 1 6712.17258791
8 16 4 1 4323.49433026
8 32 4 0 4315.07701715
4 1 2 0 1449.46745338
4 1 12 0 1664.83235254
16 32 0 0 6855.08904911
16 32 0 1 6633.25671006
4 32 12 0 2516.28975027
16 16 0 0 4978.25380049
16 32 0 1 6484.60604153
8 32 1 1 4900.25811812
1 1 2 1 1712.91267432
2 1 4 0 1198.42500244
4 16 8 0 2839.66716269
8 32 8 0 2679.77256647
8 2 2 1 1941.409982
2 2 14 1 2029.91612042
16 1 0 0 3212.648988
16 2 0 1 4303.095388
8 4 1 0 4109.01807758
8 2 1 0 2979.70218986
8 1 4 0 1976.00513742
8 2 8 0 1282.12739789
1 4 2 0 990.866069076
2 2 14 0 1584.18146531
16 1 0 1 3153.05435961
4 4 12 0 1901.7503568
4 2 12 1 1793.8530041
2 4 4 1 1852.71872423
16 1 0 0 3604.83679187
1 2 1 1 1699.3510758
4 4 8 1 2109.40255536
2 2 4 0 1589.24419072
1 2 15 0 1994.31899649
1 2 2 0 1962.49427509
8 1 1 0 2479.62525557
16 2 0 0 4091.31758537
4 2 8 0 2033.32162555
2 2 14 1 2261.61555537
1 4 1 0 2087.00212905
2 2 14 0 1985.1492687
8 4 8 0 3271.11972838
8 2 4 1 896.232068642
16 1 0 0 3605.75657196
4 2 4 1 2360.94636839
16 1 0 0 3500.96138296
16 2 0 1 4976.97273057
8 4 8 1 2556.36832316
16 1 0 1 3449.46322139
1 4 4 0 2044.97823598
4 4 12 1 2442.51179127
2 4 2 1 2448.20367324
4 4 4 1 3122.04238641
16 1 0 1 3925.12966253
1 4 15 0 2046.27972116
8 1 4 1 2014.54466449
1 4 1 1 1939.28223586
16 2 0 0 4288.16377462
16 1 0 1 4251.70769248
2 2 2 1 1906.98793703
16 2 0 0 4620.82993276
4 2 4 0 2635.12758134
8 2 8 0 2512.39090005
8 4 8 0 2580.27029638
16 2 0 0 4077.38694352
8 1 2 0 2119.29074677
16 1 0 1 3815.88529282
16 1 0 0 3881.46053089
8 1 8 0 2147.81066078
16 1 0 1 3283.38339387
2 4 14 0 1973.07389957
2 4 14 1 1910.02187651
16 1 0 1 3794.35991845
2 4 1 0 1963.46765675
2 4 1 1 2285.55372866
16 2 0 1 4703.05718475
1 2 8 0 1024.07037836
1 4 8 0 764.394762373
4 2 8 1 2210.9773315
4 4 12 1 1532.71277754
8 2 8 1 2673.56639357
4 4 12 0 2167.80952517
8 4 8 1 2570.61604625
2 4 8 0 2121.32800342
16 4 0 1 5855.60261365
16 2 0 1 4379.37090912
16 2 0 1 4496.29193411
16 4 0 0 5686.96301346
2 4 4 0 2104.07044708
16 2 0 1 3842.45164537
8 4 1 1 3872.83777673
2 2 1 1 1682.05292182
8 2 2 0 2872.97126242
2 4 2 0 2253.76054671
16 4 0 0 5775.76353991
16 1 0 1 3707.67737913
16 2 0 0 4873.36441296
1 2 15 0 1395.62414065
8 1 8 0 1921.44831969
2 2 1 0 1825.17507476
16 1 0 0 3739.83989658
4 4 2 1 3303.81749601
8 1 8 1 2260.55831103
16 4 0 1 5991.22174223
4 2 1 1 2822.32951918
16 4 0 1 5740.93969901
4 2 2 0 2696.17775515
1 4 15 0 1112.53019087
16 1 0 0 4026.01512876
1 2 4 1 1657.97852577
16 1 0 1 3311.96106827
16 2 0 0 5032.54425778
8 4 8 1 2724.45278618
8 1 8 1 2375.01272637
16 1 0 0 3189.00221965
16 1 0 1 3870.64433805
1 2 1 0 1942.68092411
16 4 0 0 5897.66026025
16 2 0 1 4028.15179052
16 2 0 0 4207.34967143
1 2 15 1 2143.08817549
8 2 8 0 2354.36677364
8 2 4 0 2496.87592972
8 2 1 1 2508.58918397
8 4 4 0 2906.67677272
16 2 0 0 3959.70866569
2 2 8 1 2339.45335071
16 2 0 1 3668.624662
1 4 15 1 2003.44888661
2 2 2 0 1676.73369014
2 4 8 1 2215.73558438
1 2 4 0 2174.65872946
16 1 0 0 3423.17005307
16 1 0 1 3714.83594398
2 4 14 1 2190.95115022
4 2 12 0 2317.38538795
8 2 8 1 2582.34148909
4 4 8 0 2566.14693216
1 4 8 1 1876.57126996
16 2 0 1 3884.72846028
1 2 15 1 1913.61370712
8 2 8 1 2361.4021714
2 2 4 1 2126.8145549
8 4 2 0 4270.43182
16 2 0 0 3864.35624988
16 2 0 1 4156.9601968
4 2 1 0 3152.334024
4 2 2 1 2736.44521169
1 4 4 1 2023.22726996
16 1 0 0 3777.06000607
4 4 1 0 3251.28896591
4 4 1 1 3259.50777737
4 2 12 1 962.861346304
2 2 8 0 1529.96616222
8 4 4 1 2482.33372988
16 2 0 0 4563.59602132
16 2 0 0 4515.59125387
4 2 12 0 839.026404807
16 4 0 1 5867.9529738
16 4 0 0 6063.50573099
1 4 2 1 1818.91393408
8 1 8 0 1953.36621055
16 1 0 0 3322.21975446
4 4 2 0 3172.11810956
8 1 8 1 1837.97152189
1 2 8 1 1612.57038203
16 2 0 0 4635.49527988
8 4 8 0 2626.62869863
2 4 14 0 1637.73974876
1 2 2 1 1911.19828848
16 1 0 0 3568.49266053
1 4 15 1 2438.90838986
16 1 0 1 3373.29532899
4 4 4 0 2884.02364892
8 4 2 1 3538.45291887
8 1 2 1 2163.25285367
16 2 0 1 4109.26722732
16 2 0 1 3638.12548411
16 4 0 1 5982.01600693
16 8 0 1 5872.37255386
1 8 15 1 1984.02269979
