8 32 8 0 2868.04042076
8 16 2 1 2608.98512917
2 16 32 1 2043.50325724
32 4 16 0 2441.67111975
16 4 8 0 2744.92850133
8 32 4 1 3133.07495906
2 16 8 1 1482.86102657
1 8 1 1 654.379220585
4 32 8 1 2203.08873739
32 4 1 1 4876.49861977
8 8 8 0 2349.1494299
16 8 4 1 4174.7901499
16 8 16 0 2407.74967238
2 32 4 0 1844.77873897
32 8 1 0 4868.86553215
2 8 8 0 1717.92537952
32 16 1 1 4294.49872504
8 32 8 1 2634.59049641
1 16 16 1 740.233632442
32 32 8 0 740.767525015
32 8 4 0 3426.86010227
1 32 8 1 854.360023574
4 32 16 1 1855.03366952
16 32 4 0 750.941348279
16 32 1 0 4262.77877621
32 16 16 0 2807.49334795
2 8 16 0 1552.56450441
1 16 8 1 1693.55854751
1 32 4 0 2073.09339134
8 32 32 0 1715.83242847
8 4 16 0 2289.57062912
4 16 4 1 2434.1626468
4 8 2 0 2280.4021427
32 16 16 1 2538.52702308
32 32 8 1 740.099076894
32 4 2 1 3640.0296478
8 8 2 0 2733.74937711
16 16 2 1 4049.12174117
32 16 2 1 4497.10272252
8 8 8 1 2945.06397405
1 8 32 0 2075.24523624
1 32 32 0 2136.51991123
8 16 4 0 3184.5533101
2 16 8 0 1660.26760804
8 4 4 0 2550.09582101
8 4 8 1 2492.64152989
4 32 32 0 1964.58874088
32 8 4 1 4089.41724096
2 32 32 1 1719.5204311
16 16 1 0 4315.96952613
4 8 4 1 2184.46046914
1 1 1 1 563.096753003
1 32 16 1 2088.11750209
16 8 16 1 2399.94750892
2 32 16 0 1439.58030991
32 8 16 1 2578.20458664
32 16 32 1 1955.94066716
4 8 32 1 1182.99115667
4 8 1 1 2215.7136736
2 32 1 1 2019.2485226
32 8 2 0 4759.51547665
8 32 2 0 3112.72240191
2 8 2 1 1471.22586694
32 16 1 0 4640.3841507
16 8 8 1 3162.52229571
1 8 8 1 664.971663561
32 16 8 0 3232.65292658
1 8 4 0 1876.33986893
16 32 8 1 744.202877578
32 32 16 0 733.488580357
8 4 2 0 3018.42409598
1 32 1 0 1689.86320859
8 16 1 1 3303.12701914
1 32 16 0 2034.2670336
1 16 4 1 835.056104855
32 8 8 1 3105.86663733
1 16 1 0 2035.25291113
1 16 2 1 865.11320603
32 8 32 1 2162.72947649
4 16 8 1 2192.20331964
8 8 32 0 1694.29236653
32 4 8 0 3252.16487603
1 32 32 1 1063.11275512
16 32 16 0 738.944750367
16 4 32 0 1861.33014827
1 32 4 1 2126.4385965
2 16 1 0 1808.80405361
32 4 8 1 3142.72191467
16 4 1 1 3108.12935547
32 32 32 1 743.577352368
4 16 8 0 2169.1977168
1 1 1 0 475.000945136
2 8 4 0 1553.7854271
8 4 8 0 2111.74205614
16 32 4 1 735.529532028
4 8 8 1 2054.06114331
1 16 8 0 2144.08606772
8 8 4 1 2708.28088087
1 1 2 0 1773.05024079
16 4 1 0 3870.2068931
32 32 16 1 732.895521423
2 16 16 0 1616.06471745
4 32 32 1 1751.75633562
16 16 32 0 1718.64741887
8 32 2 1 3024.90942494
8 32 1 0 2979.03087267
2 8 4 1 1523.04896945
2 32 2 0 1796.00336458
8 16 2 0 2985.31124652
16 16 2 0 4600.35195289
32 16 32 0 2659.45067553
32 8 32 0 2919.3933453
16 4 2 0 3426.97685722
2 8 1 1 1450.40946661
1 8 16 0 1632.40451138
8 4 1 1 2834.48030218
2 32 4 1 1704.63458242
32 4 32 1 2354.8908132
16 4 4 1 3632.63935658
8 8 2 1 3382.30279327
32 16 4 1 4407.79700256
32 4 1 0 4807.2009234
1 8 16 1 2264.05904986
32 4 4 0 4018.68688214
4 16 1 1 2398.93726918
16 8 1 0 4241.19244547
4 8 4 0 2129.70800911
4 32 16 0 1810.18884993
16 8 2 1 4085.87284153
4 8 16 1 1893.50138167
32 16 8 1 2878.37986988
4 16 32 1 1305.73548693
8 8 16 1 1074.38937995
8 4 1 0 2383.65528358
2 8 2 0 1405.14746432
8 8 4 0 2827.76394954
2 32 16 1 1674.48774914
4 8 2 1 2242.28511861
16 32 8 0 749.144234501
32 8 8 0 3362.00541359
2 16 2 1 1446.17708623
1 32 2 0 2092.80280486
16 16 4 0 3809.77131086
16 8 32 0 1880.1200602
8 4 2 1 2830.62204686
8 32 16 0 2184.62071455
8 32 16 1 2029.82626212
16 32 1 1 4002.83881774
16 8 32 1 2040.04239282
2 32 2 1 1834.1887549
16 16 4 1 3794.83810881
1 1 2 1 1585.45728417
2 16 32 0 1463.32696617
4 32 8 0 2086.75512593
16 8 8 0 2334.66398196
16 4 8 1 2696.6103712
16 16 32 1 2008.33950582
8 32 32 1 1704.72290436
8 8 1 1 2838.64743803
2 8 8 1 1665.05217532
16 32 32 1 736.291095915
1 16 2 0 1021.61295196
32 8 1 1 5131.54814915
16 16 1 1 3408.79442537
4 16 2 0 2343.00765923
32 32 2 0 750.843878811
1 16 4 0 2085.43454309
1 32 8 0 2073.1404825
2 16 1 1 1354.13238839
4 16 4 0 2424.23162943
8 16 16 0 1527.14704669
2 8 32 0 1685.92558714
2 16 2 0 1633.13311403
8 16 32 0 1620.42291268
1 32 1 1 1921.74851786
8 16 1 0 3147.68758802
1 8 8 0 1926.2600587
32 32 1 0 743.922773908
4 4 32 0 1603.14424118
32 32 4 1 721.429602411
16 16 16 0 2482.79917829
8 8 1 0 3282.28516314
8 16 16 1 1769.91344698
16 4 32 1 1793.92688695
4 8 16 0 1287.70444278
4 4 32 1 1657.64061871
2 32 32 0 1947.78995557
1 8 32 1 616.205372109
2 32 1 0 1855.01309482
16 4 4 0 2660.62521738
2 16 4 0 1717.23390896
8 32 1 1 3230.2911991
16 16 16 1 2535.82413512
1 8 2 1 1208.54700939
8 4 4 1 2921.82138807
8 16 8 0 2733.18986252
16 16 8 0 2801.29766503
1 16 32 1 2167.37185254
16 8 1 1 4082.8417118
2 8 16 1 1058.12630221
2 16 4 1 1514.19938251
4 32 2 1 2296.07344604
32 32 1 1 741.515248153
8 32 4 0 2687.77814314
4 16 16 1 1279.87107172
4 8 8 0 2252.16554572
4 32 2 0 2215.79124403
16 4 2 1 3974.82318941
8 4 32 1 1795.83133635
2 32 8 0 1738.55956342
4 32 4 1 2193.13334049
8 8 16 0 2099.85557265
1 8 4 1 2131.00705323
4 8 32 0 1545.17909289
16 4 16 1 2025.06215496
8 8 32 1 1646.80100183
4 32 4 0 2450.0621176
32 32 32 0 730.873138485
32 32 2 1 730.0588332
1 32 2 1 980.39395519
16 32 32 0 747.523825638
16 16 8 1 3562.69524656
8 16 4 1 1905.95109527
32 16 4 0 4277.43627839
4 16 16 0 1742.54004959
1 8 1 0 1764.76112525
4 32 1 1 1772.33747549
16 8 2 0 4062.60984134
2 16 16 1 1449.0046835
16 32 2 1 3750.32211296
1 16 16 0 2635.21141602
32 32 4 0 743.268833709
8 4 32 0 1715.04225157
4 16 1 0 2319.0426056
4 16 2 1 2412.66028136
8 16 8 1 2791.64120315
4 8 1 0 2143.12998999
16 32 16 1 737.735508284
2 32 8 1 1507.99415859
4 32 1 0 2330.50592824
1 16 1 1 1873.96959527
1 16 32 0 2267.9534525
4 16 32 0 2007.56363542
32 4 32 0 2881.93406913
32 4 2 0 4584.865067
16 4 16 0 751.464875549
32 4 4 1 763.835342865
4 4 1 0 771.657963581
2 2 16 0 1398.66231632
2 8 32 1 773.287980442
32 1 4 1 727.970399943
1 8 2 0 2036.4781246
32 2 16 0 746.552158537
32 8 16 0 738.322843484
32 4 16 1 745.209200833
8 2 4 1 776.026812071
1 2 16 0 592.454727547
32 8 2 1 744.147876577
8 4 16 1 770.334845764
16 8 4 0 759.473781641
8 1 16 0 743.71972045
4 4 8 0 768.932064908
8 2 16 1 757.964107743
2 8 1 0 1325.97309199
16 2 2 1 756.775638137
4 2 1 0 773.399380598
1 4 2 1 775.761894086
