1 1 4 0 1739.8396983
16 16 0 0 6477.96994931
1 32 8 1 2037.13615496
16 32 0 1 6303.60985871
2 16 4 0 2450.40843693
2 1 1 1 1359.56941039
16 32 0 1 6376.23668177
4 32 2 0 4930.31506574
16 16 0 1 5886.79353149
16 16 0 0 6730.51206002
8 16 8 0 3148.64721581
4 32 2 1 4168.2390365
16 32 0 0 6591.25677008
16 16 0 1 6750.09026986
2 32 4 0 3097.95571993
1 1 1 1 1651.52331532
1 32 15 1 2097.45389538
16 32 0 0 7032.00468268
2 32 4 1 2905.13965758
1 32 1 1 1846.34468548
4 16 2 0 3271.87709573
16 16 0 1 6623.41094927
2 32 2 0 2462.52991599
2 32 8 1 3041.39393884
16 16 0 1 6340.74894744
16 32 0 0 5430.79730068
8 16 1 0 5251.3701745
1 32 2 1 1928.31319685
4 32 12 0 2206.78171212
1 1 15 1 1658.31994011
16 32 0 1 6485.5134009
16 32 0 1 6553.10019449
16 16 0 0 6961.49916565
16 16 0 1 6754.5814514
8 16 8 1 2474.27168934
2 32 14 0 1978.29838937
8 16 8 0 3049.60008407
1 32 4 1 1810.24362823
1 32 15 0 1545.70394408
16 16 0 1 6839.79143409
1 1 15 0 1650.93765266
16 16 0 0 6787.05244839
16 32 0 1 6256.17817184
4 32 12 1 2190.42598984
2 16 4 1 2554.1294077
16 32 0 0 6615.09246548
16 32 0 0 6817.99595327
2 16 14 1 2196.01649337
8 16 2 1 5077.54052452
16 16 0 0 6598.519609
16 16 0 0 6802.29584325
16 16 0 0 6734.15395938
4 32 8 1 2554.32401822
8 32 2 0 5444.91388403
1 32 15 1 1984.20414077
8 32 4 1 3778.65052999
1 1 4 1 1748.47633491
8 16 1 1 4561.59546364
4 16 12 1 1971.2955894
8 16 2 0 5198.08744372
2 32 14 1 2047.9303155
2 16 14 1 1940.97178999
2 32 8 0 2011.83418134
8 16 8 0 3219.35841478
4 16 8 1 3300.702581
16 32 0 0 6548.22675413
1 1 15 0 1530.73562486
1 1 8 0 1349.16793022
8 16 4 0 4030.93921885
8 32 2 1 4700.86056294
4 16 2 1 4127.00963554
8 32 8 1 3172.47704075
4 32 8 0 2382.06353313
16 32 0 1 6107.59053987
4 32 1 0 4347.59837593
2 32 14 0 2073.41626403
4 16 1 1 4558.40914792
1 1 8 1 767.404996411
16 32 0 0 6111.87840545
16 32 0 0 6501.78328428
16 32 0 0 6494.59039206
4 32 4 1 3375.13630529
2 32 14 1 2096.91127169
16 32 0 1 6610.76882608
4 16 12 0 2282.8393118
16 16 0 1 6635.91311742
8 16 4 1 3968.38576598
8 32 4 0 4202.47380855
2 16 14 0 1806.82106922
16 32 0 0 6694.27578528
16 32 0 1 6564.80968521
4 32 12 0 2023.22983136
16 16 0 0 6690.49473176
16 32 0 1 6725.3853431
8 32 1 1 5730.26983333
4 16 8 0 2483.61485834
8 32 8 0 2895.1241237
8 2 2 1 3195.25032765
2 2 14 1 1926.14819828
16 1 0 0 4039.72757004
4 1 1 1 1924.40703888
16 2 0 1 5438.6175616
8 2 1 0 4261.43716835
4 1 2 1 1877.43867583
8 1 4 0 1848.99894568
8 2 8 0 2503.06023389
1 4 2 0 1901.06825692
2 2 14 0 1833.92358111
16 1 0 1 3678.26739375
4 2 12 1 1998.09973034
2 1 8 1 1725.61561133
4 1 12 1 1785.23121951
16 1 0 0 3478.21996352
1 2 1 1 1948.33887278
4 1 1 0 2146.48262462
2 2 4 0 1739.02798519
1 2 15 0 1889.90579814
1 2 2 0 1804.92376552
8 1 1 0 2129.42178885
16 2 0 0 5180.53251435
4 2 8 0 2281.99957553
2 2 14 1 1850.7289474
1 4 1 0 1852.96293274
2 2 14 0 1963.83064568
8 2 4 1 2900.69449056
16 1 0 0 2689.52249763
4 2 4 1 2202.53635839
16 1 0 0 3369.96246224
16 2 0 1 4046.21409509
16 1 0 1 3974.64330762
1 4 4 0 2060.274248
8 1 1 1 1753.98579257
2 1 8 0 1486.66220564
16 1 0 1 2980.5848131
8 1 4 1 1522.64152734
1 4 1 1 2029.42632646
16 2 0 0 4887.1756037
16 1 0 1 3717.67861636
2 2 2 1 1790.2830821
16 2 0 0 5543.02897169
4 2 4 0 2157.15552242
8 2 8 0 2657.5948677
16 2 0 0 5274.69164841
8 1 2 0 2551.92481849
16 1 0 1 2963.23186715
16 1 0 0 3024.75895908
2 1 14 1 1612.52984636
8 1 8 0 1991.51463086
16 1 0 1 3258.73282917
16 1 0 1 3898.90013383
16 2 0 1 5135.02134544
1 2 8 0 803.827822168
2 1 2 1 824.590668072
4 2 8 1 2213.71923621
8 2 8 1 2823.51488862
2 1 14 0 1560.47526609
16 2 0 1 5402.55391818
16 2 0 1 5322.47720078
4 1 4 1 1702.39481723
16 2 0 1 5219.16971963
2 2 1 1 2033.09592513
8 2 2 0 2735.68011208
4 1 8 0 1628.99534296
16 1 0 1 3598.63469872
16 2 0 0 5348.04610346
1 2 15 0 1884.43354227
8 1 8 0 1933.44031608
2 2 1 0 1481.09422581
16 1 0 0 2955.38759079
4 1 8 1 1463.43745984
4 2 1 1 2520.19738128
4 2 2 0 1151.42823218
16 1 0 0 3650.2306958
1 2 4 1 2162.61841711
16 1 0 1 3449.79260623
2 1 4 1 1532.76290791
16 2 0 0 4761.2591472
8 1 8 1 2000.11034945
4 1 4 0 1914.01283012
16 1 0 0 3948.13910514
4 1 12 1 1903.55799955
16 1 0 1 3257.38878416
1 2 1 0 1768.42992367
16 2 0 1 5269.49916183
16 2 0 0 5009.59731839
1 2 15 1 1051.98223229
8 2 8 0 2865.19872285
8 2 4 0 2965.18362969
8 2 1 1 3646.96154742
16 2 0 0 5627.9549447
2 2 8 1 1808.93180407
16 2 0 1 5062.19512768
2 2 2 0 1811.36570964
1 2 4 0 2063.76175527
16 1 0 0 2921.06495367
16 1 0 1 3470.93944653
4 2 12 0 2117.49792449
8 2 8 1 2436.07151661
1 4 8 1 949.241649524
16 2 0 1 4900.55034488
1 2 15 1 2032.15948246
8 2 8 1 2803.53816592
2 2 4 1 1888.54024038
16 2 0 0 4411.80543965
16 2 0 1 4114.7349566
4 2 1 0 2764.15604767
4 2 2 1 1798.93358263
1 4 4 1 766.422860713
16 1 0 0 3410.3617945
2 1 14 0 1773.71108918
4 2 12 1 2129.12812308
2 2 8 0 1252.52250397
16 2 0 0 5283.69334888
16 2 0 0 5091.59129535
2 1 1 0 1183.42747031
4 2 12 0 2150.31848135
1 4 2 1 1830.84169145
8 1 8 0 2011.93619139
2 1 2 0 1279.7678344
16 1 0 0 3620.49320535
4 1 2 0 2063.49975232
8 1 8 1 2057.29348255
1 2 8 1 1825.68767335
4 1 12 0 1858.86641003
16 2 0 0 5074.87367772
1 2 2 1 1059.33548976
16 1 0 0 3562.66452048
16 1 0 1 3570.62539443
2 1 4 0 799.685416192
8 1 2 1 1711.98993302
16 2 0 1 4319.45073052
16 2 0 1 5166.18733042
16 4 0 1 5497.66461992
16 8 0 1 6377.64521602
1 8 15 1 2292.28857553
8 4 1 0 4942.58651067
16 4 0 1 5964.48627543
2 8 1 0 2761.24604658
16 8 0 1 6605.66282312
4 4 12 0 1477.01594325
16 4 0 0 6147.8132927
2 4 4 1 2197.10590852
16 4 0 0 6043.90321834
16 4 0 0 5926.47555367
4 4 8 1 2592.50745841
16 8 0 1 6604.17034714
2 8 4 1 2939.66566543
1 8 2 1 1919.98484117
8 8 4 0 4285.34337183
8 4 8 0 2036.09078633
16 8 0 0 6450.99685053
4 8 1 0 3954.07011148
16 8 0 0 6422.08498798
16 4 0 1 6024.68538096
1 8 15 1 2077.3741694
8 4 8 1 2901.93909332
4 4 12 1 2174.10261552
2 4 2 1 2321.43831055
4 4 4 1 3582.6398247
1 4 15 0 2016.81886197
16 8 0 1 6713.57982425
16 8 0 1 6355.96750058
2 8 14 0 2241.25815611
4 8 4 1 4044.9822544
16 4 0 0 5136.15383118
16 4 0 1 6290.14149502
8 4 8 0 2945.48358073
4 8 1 1 3504.5824204
2 8 4 0 2153.40402749
16 8 0 0 6632.34306849
16 8 0 0 6764.64146619
8 8 8 1 3247.27003062
2 4 14 0 1907.55080305
8 8 8 1 2526.42024497
4 8 8 0 2992.804586
1 8 8 1 1265.08927391
2 4 14 1 1953.81939844
2 4 1 0 2631.92791559
2 4 1 1 2275.75213772
4 8 12 1 2036.13646271
8 8 2 0 4441.92672417
16 8 0 0 6377.30726492
1 4 8 0 1963.95510968
16 4 0 0 5892.36934963
4 4 12 1 2316.53635011
4 4 12 0 2342.29152105
8 4 8 1 3177.69491053
2 4 8 0 2383.82348829
16 8 0 0 6545.28844706
16 4 0 1 5901.08445635
1 8 4 0 2070.71108256
16 4 0 0 6213.84052945
16 8 0 1 6717.78315822
2 4 4 0 2400.40161335
8 4 1 1 4613.94988857
2 8 8 1 2870.15121563
8 8 1 0 4216.07042497
2 8 2 1 2903.61040896
1 8 8 0 1985.41848935
2 4 2 0 2428.11161373
2 8 14 1 2345.11166689
16 4 0 0 6178.58433064
16 8 0 0 6135.54172978
2 8 8 0 3060.33530948
16 8 0 0 6795.90660005
4 4 2 1 2879.28655513
16 8 0 1 5689.15841466
16 4 0 1 5710.86470064
16 4 0 1 5787.27720169
8 8 8 0 3121.21803707
1 8 4 1 1897.82225451
16 4 0 1 5794.19011547
16 4 0 0 5963.96546442
4 8 8 1 2772.2999872
1 4 15 0 1071.81030103
1 16 1 1 2099.49322223
16 4 0 1 6096.2513883
8 4 8 1 2850.65048501
16 4 0 0 6172.66506196
16 8 0 0 6716.17116389
16 8 0 0 6464.5326468
4 8 2 0 3380.94416883
4 8 12 0 2360.61508715
16 8 0 1 6475.30765989
2 8 1 1 2804.63843235
1 8 15 0 2143.32829667
1 8 15 0 1202.04530637
8 8 8 0 3234.71845918
8 4 4 0 3475.01051332
16 8 0 1 6633.99424087
1 4 15 1 2105.69431215
2 4 8 1 2180.85910773
2 8 14 1 2002.72785874
16 8 0 1 6490.52822824
16 4 0 0 6182.52928851
16 8 0 0 6575.56099616
4 8 2 1 3389.63844673
2 4 14 1 1860.08520665
16 4 0 0 5784.92191703
8 8 4 1 3940.52592489
8 8 8 1 3115.19957668
4 4 8 0 2695.26899957
4 8 4 0 2074.97818904
8 4 2 0 4268.79026386
2 8 14 0 2110.97608205
1 8 1 0 1122.33250113
8 8 8 0 2887.44702956
4 4 1 0 3569.77537002
4 4 1 1 3320.1794147
16 8 0 0 6537.05725781
8 4 4 1 2672.85757946
16 4 0 1 6459.28823631
8 8 1 1 4587.64191805
16 4 0 1 6283.98108135
16 4 0 1 5321.66748308
16 4 0 0 6285.02995975
4 4 2 0 2373.30172384
16 8 0 1 5987.75125694
8 8 2 1 5079.77596744
8 4 8 0 2878.48818775
2 4 14 0 1820.47694285
4 8 12 0 2174.86707882
1 8 1 1 1861.72334258
16 8 0 1 6293.32683971
4 8 12 1 2272.41727682
1 4 15 1 2199.86729696
1 8 2 0 1967.19476348
4 4 4 0 2006.28542065
8 4 2 1 3990.30637107
2 8 2 0 2646.75183516
16 16 0 0 6369.20665325
4 32 12 1 2290.5936893
1 16 4 0 1955.90802665
1 16 1 0 2061.56746613
16 16 0 1 6574.31888413
4 16 4 0 2885.71854027
16 32 0 0 4716.36665303
4 16 4 1 3403.10287299
16 16 0 0 6569.20377857
4 16 12 0 2278.26434727
2 16 14 0 2059.73016879
1 16 8 1 2082.28676893
16 32 0 1 6452.78169468
8 32 8 1 3105.8465929
1 32 2 0 2049.24976244
2 16 8 1 1743.89531252
16 16 0 1 6444.19900897
1 32 1 0 1901.79158613
16 16 0 1 6287.83944498
1 32 8 0 1872.53334492
2 32 1 1 2785.89785778
8 32 8 1 3377.77680717
8 32 8 0 3266.7255443
8 32 1 0 5533.83200289
16 16 0 0 6478.88224786
16 16 0 1 6570.03556433
4 32 4 0 4469.45980177
8 32 8 0 2583.69502226
2 32 1 0 2931.48549644
1 32 4 0 2294.54634058
8 16 8 1 3561.37482598
2 32 2 1 2951.03804404
16 32 0 0 6763.49131792
1 32 15 0 1944.4827853
4 16 1 0 3333.34116487
16 32 0 1 6823.71807847
4 16 12 1 2417.01652044
4 32 1 1 4539.38261745
8 16 8 1 3063.56974142
2 16 8 0 2855.88603206
16 16 0 0 6941.01177179
16 16 0 1 6806.13467035
