4 8 2 0 2532.99391514
1 4 7 0 1644.12827719
8 4 0 1 2125.06705542
8 8 0 1 2347.42272448
8 8 0 0 2213.61584336
8 8 0 0 2220.20735537
8 8 0 1 2313.06584382
1 16 2 1 2141.13506108
2 4 2 1 2060.63997058
2 4 2 0 2507.40695161
8 8 0 1 2265.96192713
1 16 7 1 2168.26239136
8 4 0 0 2113.69013531
1 4 7 1 2074.19656418
2 8 4 1 2311.35726306
2 8 2 0 1939.71370743
8 4 0 0 2011.73873307
8 4 0 1 2135.58519269
1 8 7 1 1935.19009329
1 16 1 1 1953.4404383
8 4 0 1 2188.12578174
8 8 0 0 2318.65141361
1 8 1 1 1146.63363361
8 4 0 1 2182.05847286
4 8 4 1 2558.06926094
8 2 0 0 1907.32882457
2 8 6 0 2251.8005682
8 4 0 1 2175.10277599
8 2 0 0 1996.85289411
8 2 0 1 2011.42381801
2 4 6 1 1886.78236182
8 8 0 0 2281.24158989
1 16 4 1 1931.38882543
4 4 4 1 2287.33476402
1 16 2 0 1186.04261068
1 16 4 0 2048.43676908
8 2 0 0 1819.27088325
1 8 2 1 2038.74108635
8 4 0 0 2026.03657209
1 4 7 1 2022.05676648
2 4 6 1 1640.03132618
8 4 0 0 2160.06207014
2 4 6 0 2052.13062302
2 8 6 1 2078.4459655
8 2 0 0 1850.83679393
8 8 0 1 2244.86428451
4 8 1 1 2397.17585528
8 8 0 0 2231.28865184
8 4 0 1 2167.63506437
8 4 0 0 2138.12501524
2 4 1 1 2092.71495229
8 8 0 0 2259.79016406
8 2 0 1 1953.20938139
1 4 2 0 1071.69090526
8 4 0 0 2078.44115122
1 16 7 0 2026.70493149
8 8 0 0 2235.97013763
2 8 6 0 1862.67424766
8 4 0 1 2034.05507744
8 4 0 1 2170.38903743
8 4 0 0 2117.23310063
1 8 7 0 1125.83316191
1 8 4 1 1787.50222576
8 4 0 0 2141.9882221
8 2 0 1 1937.96438182
4 4 1 0 2384.41433778
1 8 7 0 1935.57651771
4 4 1 1 2499.95011341
8 8 0 1 2329.59878488
4 4 4 0 2514.9713855
8 8 0 1 2336.71344138
1 8 7 0 1825.1038683
8 8 0 1 2305.16871941
1 4 1 1 1918.64619791
1 8 1 0 1836.88207397
8 2 0 1 1863.85588885
8 4 0 0 1840.95433044
4 8 4 1 2496.12501854
2 8 4 0 1020.46994251
4 8 4 0 2514.02137986
2 8 2 1 2817.20764895
4 4 4 0 2329.17374057
8 8 0 0 2295.70071688
2 8 6 0 1811.72565412
8 8 0 1 2330.27970402
8 2 0 0 1907.1454193
8 8 0 1 2296.54326502
1 8 4 0 2114.04284839
8 4 0 0 2096.18473183
2 4 6 0 2358.98213906
1 4 2 1 1567.45422668
4 8 4 0 2145.62829465
4 8 1 0 2544.96160723
4 4 4 1 2512.65360419
4 4 4 1 2514.78792077
8 8 0 1 2257.08069207
1 4 7 0 1958.01021651
8 4 0 0 2194.17022925
8 8 0 1 2246.66020033
4 8 4 0 2145.69760109
1 8 7 1 1310.03646509
1 4 4 0 2092.52698851
2 4 4 1 1426.1235644
8 4 0 0 2229.91522726
8 4 0 1 2144.45902883
8 8 0 1 2308.03407311
8 8 0 0 2188.72665008
1 16 1 0 1149.21122717
8 4 0 1 2144.48883093
4 8 4 1 2114.63195932
8 2 0 0 2017.29290143
2 8 6 1 2315.91543474
8 4 0 0 2181.10319015
1 4 4 1 1545.3964354
8 4 0 1 2173.38138499
8 4 0 0 2212.50361078
8 4 0 1 2204.32182484
8 8 0 1 2236.40040401
8 8 0 0 2256.23655368
8 8 0 0 2284.71423739
2 4 6 0 2264.71385904
8 8 0 0 2225.33053695
4 8 4 0 2528.14323024
8 4 0 1 2082.58353299
2 4 1 0 2259.50327121
8 4 0 1 1998.39164891
8 4 0 0 2110.82423838
8 8 0 1 2253.10224061
8 8 0 0 2255.13498988
1 16 7 1 1232.7105144
4 4 4 0 1964.92128036
8 8 0 0 2303.55369329
2 8 1 1 3142.91134871
2 4 6 1 1532.64555829
8 4 0 0 2216.35812019
8 2 0 0 2015.43300762
8 8 0 1 2302.05787766
8 8 0 1 2326.7828392
1 4 7 1 1102.85156942
8 4 0 1 2057.22713468
8 4 0 1 2155.52359275
1 4 7 0 1021.82801188
8 8 0 1 2208.16792287
1 4 1 0 1058.17017456
1 8 2 0 1085.1256694
8 2 0 1 1964.2263418
2 8 6 1 2285.27704829
8 32 0 0 6534.97656578
8 32 0 0 6210.15879501
8 32 0 1 6550.85927209
8 32 0 1 1068.83039474
8 16 0 0 5894.25515555
4 32 4 1 3440.39352541
8 16 0 1 2336.12774009
8 16 0 1 5321.68677293
8 32 0 0 6386.08672019
2 32 4 1 2473.31879481
4 16 4 0 2574.41448212
8 16 0 1 2422.61056568
8 32 0 0 6562.63055011
4 32 2 0 3790.2764083
8 32 0 0 2430.74178585
2 32 6 0 2169.90071373
8 16 0 0 2360.38342555
1 1 7 1 1668.36208113
8 32 0 1 2357.13991577
2 16 6 1 2208.90273702
2 32 2 0 2967.44941983
1 32 2 1 2055.35786146
2 1 6 0 1356.33417834
8 32 0 0 6760.47911305
2 32 1 0 2730.67370155
2 32 4 0 2393.18521008
8 16 0 0 6070.27988351
4 16 4 0 2553.57861968
1 32 1 0 1792.28240127
8 16 0 1 2347.96372223
2 32 6 0 2123.23673092
8 32 0 1 6544.89086127
8 32 0 0 6519.22712323
8 32 0 0 2287.51998805
2 1 1 1 1352.89602125
2 1 4 1 1509.94436146
8 16 0 0 2278.50640267
8 32 0 1 2430.106681
8 32 0 1 6517.3627905
4 1 1 0 521.681073327
2 16 2 0 2455.21100658
2 16 1 0 2323.63155703
8 16 0 1 5717.95907961
2 1 6 0 1426.45311165
2 1 1 0 873.063918397
4 16 4 1 2536.83471196
4 32 1 1 4136.00730211
2 16 6 0 2117.44821796
1 1 7 0 1089.95397002
8 16 0 0 6258.14248474
4 1 1 1 308.754103294
8 16 0 1 2361.36437716
8 32 0 1 6222.53264282
2 16 4 0 2171.0583301
8 16 0 0 2413.25685263
2 1 4 0 1141.71129867
2 1 2 1 1188.0007667
2 16 6 1 2415.84284633
4 1 4 1 366.205617387
4 16 4 1 2441.04070994
4 1 4 1 407.574746296
8 16 0 1 2306.3913309
1 32 4 1 1638.94221706
8 16 0 0 2450.53058333
1 32 7 1 1899.96518825
8 16 0 0 2244.65868333
4 16 4 0 2459.28973983
4 32 4 1 2792.47727043
4 32 4 1 2965.18502534
4 1 2 0 388.708954269
8 16 0 0 5339.42168113
1 1 4 0 803.917563543
2 1 6 1 1015.27311278
8 16 0 0 2436.21167284
8 16 0 1 5248.48284691
1 1 2 0 1125.77877308
8 32 0 0 6284.89193668
8 16 0 0 2292.1497051
4 16 4 1 2550.63409994
4 16 4 1 2550.37069754
8 32 0 0 6881.68394005
2 32 6 1 1993.2410147
2 32 6 1 2054.08349172
8 32 0 1 6259.87242093
8 32 0 0 541.562531685
8 32 0 0 2414.90991887
8 32 0 0 2344.47867574
4 16 1 0 2524.63403112
1 32 7 0 2118.49261649
1 1 7 0 732.386201374
1 16 7 1 1980.55829172
8 32 0 1 5543.40429664
8 16 0 1 2368.01432692
8 16 0 1 2249.02963347
8 32 0 0 2328.5033036
4 16 1 1 2475.77455839
8 16 0 1 2441.01685042
8 16 0 1 2349.41227262
8 32 0 1 1881.59072063
2 16 4 1 2190.148417
2 16 6 0 1822.40450782
8 32 0 1 6295.96550924
4 32 4 1 2899.64500078
4 1 4 1 303.198084321
8 16 0 1 2330.99490822
8 32 0 1 2395.67705563
8 32 0 0 6881.22850391
1 16 7 0 1142.79361755
8 16 0 0 2436.03705036
8 16 0 1 2359.30054876
1 32 4 0 2094.88608061
1 32 7 1 1796.23324072
8 32 0 1 6348.27207839
1 32 1 1 2049.37614256
2 16 1 1 3391.08534285
8 16 0 0 2352.73505122
1 1 4 1 1405.90302016
1 1 7 0 1209.73810272
8 32 0 1 5887.26805612
8 32 0 1 5769.44955389
2 16 6 0 2203.58892422
4 32 4 0 2962.82451685
1 1 7 1 1483.87539987
2 1 2 0 1080.3972898
8 16 0 0 2390.79108068
8 32 0 1 6602.21732286
2 32 1 1 3419.36816445
4 1 4 0 337.392255312
2 16 2 1 2714.96690131
8 16 0 1 2368.70542669
2 1 6 1 1492.15779212
4 1 4 0 713.221739336
4 1 4 0 311.064170537
2 32 2 1 3252.08580108
8 16 0 0 2439.67451777
1 32 7 1 1833.29521588
8 16 0 0 2432.70532819
2 16 6 1 2096.86695879
8 32 0 1 6698.10437866
8 16 0 1 1342.02279157
1 32 2 0 1867.41909026
4 32 4 0 3238.50663008
4 32 1 0 4271.97868139
8 16 0 1 2368.3907179
2 32 6 1 2387.11714332
1 32 7 0 2076.8984222
1 32 7 0 1870.73803412
2 1 6 0 923.730947748
1 1 1 0 1021.51431281
4 32 2 1 4119.89682547
8 32 0 0 6778.1152496
1 16 7 0 1310.41258467
4 1 2 1 384.957040154
4 16 2 0 2591.99463261
8 16 0 0 2284.05076294
1 1 7 1 1551.56361427
2 1 6 1 1718.24252231
8 16 0 1 2364.79587133
2 32 6 0 1987.3882758
4 16 4 0 2578.57399944
4 32 4 0 2913.21548848
8 32 0 0 6447.58424506
4 16 2 1 2327.35737379
4 32 4 0 2842.39633081
8 1 0 0 1171.79601789
2 4 4 0 505.051293438
8 4 0 0 2159.11469035
8 2 0 1 768.240440242
8 4 0 1 2144.6828046
8 4 0 0 2295.29939338
4 1 4 0 716.670704766
4 2 4 1 387.301095701
4 4 4 0 2224.42115607
4 1 4 1 743.601653765
8 2 0 0 977.899052091
8 2 0 0 872.981676679
8 1 0 1 1182.270491
2 2 6 0 290.813888473
8 1 0 0 1125.39725998
