2 8 16 0 1483.48160416
4 2 8 1 1989.72189907
2 2 16 1 802.920936799
8 4 16 0 2055.86386427
4 8 2 0 2395.72882204
2 1 4 1 936.802314303
16 2 4 1 2834.23018426
8 1 4 0 1369.07085207
2 2 32 0 752.882622369
32 4 2 1 4363.47995627
8 2 1 0 2811.38986875
2 1 16 1 1089.10135147
8 8 2 0 3316.85821517
2 1 8 1 1065.91407066
8 8 8 1 2618.18590245
1 8 32 0 2171.90145314
1 4 8 0 932.086749997
8 1 4 1 2232.25458088
8 4 4 0 2519.2070308
32 2 32 0 2632.73033115
8 4 8 1 2702.51860984
16 1 32 0 1354.84965235
4 2 32 1 1134.03793838
1 4 8 1 2000.93751565
32 1 1 0 2902.15655422
4 8 4 1 2436.97524658
32 2 4 1 2866.78675357
16 8 16 1 2459.41767352
4 1 32 0 1041.80738461
16 1 2 1 2241.63983958
4 8 32 1 1830.48322787
4 8 1 1 2337.3939897
32 1 2 1 2749.16617586
2 8 2 1 1402.68190656
16 8 8 1 3312.54565961
4 1 4 0 1456.86026343
1 1 32 1 1549.31457282
16 2 32 1 1744.58016985
1 8 8 1 608.529590971
32 1 1 1 2413.19940062
8 2 2 0 2606.19374409
1 8 4 0 2191.89972981
32 2 8 0 2310.64652635
8 4 2 0 3088.82323845
1 4 32 1 2336.26782818
16 2 16 1 2078.40354293
2 4 32 1 1492.6823498
16 2 32 0 1653.41314925
32 1 16 0 1493.57306919
16 2 8 0 2713.65251964
8 1 32 0 1010.95047033
16 1 1 1 2843.89256349
8 8 32 0 1934.51736599
4 4 2 1 2132.84542763
32 4 8 0 2970.98749
2 4 2 0 1388.62624098
2 2 1 1 1317.72317484
16 2 8 1 2488.55356851
2 2 2 0 1297.75971789
16 4 32 0 2036.30309482
32 4 8 1 2609.29972444
4 1 4 1 1401.99302766
16 4 1 1 3634.36517091
2 8 4 0 1791.0875217
8 4 8 0 2957.48280371
4 8 8 1 2034.71674486
8 8 4 1 3222.26418547
4 2 16 0 1064.26219667
16 4 1 0 3759.83362479
2 4 4 0 1311.55112618
2 2 1 0 1285.16086896
8 2 32 1 1471.46644778
2 8 4 1 1734.32046516
2 4 8 1 1584.35674118
16 2 1 1 3567.38557598
4 2 2 1 1955.74709276
1 2 4 1 2225.79372383
2 1 4 0 751.959942157
1 1 8 0 1407.94461784
32 2 4 0 3286.66113083
2 1 16 0 780.93390171
16 4 2 0 3146.80444309
2 8 1 1 1600.566324
1 8 16 0 2223.2811946
8 4 1 1 2743.39975071
32 4 32 1 2672.05386202
16 4 4 1 3688.52068282
8 8 2 1 3669.52944721
4 4 16 0 1502.57002056
1 2 1 1 1716.59921075
32 4 1 0 4915.44214928
1 8 16 1 2207.05743363
4 1 8 0 1134.40065787
32 4 4 0 3914.60775915
8 2 32 0 1585.96513657
16 8 1 0 4254.13228944
4 8 4 0 2391.72214737
2 4 2 1 1526.46427705
16 8 2 1 3430.26906392
4 8 16 1 2028.30214764
16 1 8 1 2133.42235592
4 2 8 0 1736.86937671
8 8 16 1 2025.65832231
8 4 1 0 2931.33554497
2 8 2 0 1761.6842186
8 8 4 0 2530.66332093
4 8 2 1 2441.31379721
1 2 4 0 649.382637421
4 1 8 1 1121.60154244
32 1 4 0 2022.32875525
16 1 2 0 1618.00880807
16 2 16 0 1692.31071254
2 2 32 1 1283.70761621
8 1 1 1 1736.95463618
8 4 2 1 2740.9198067
1 1 8 1 1375.10286608
32 1 16 1 1865.02981187
16 2 1 0 3494.00572269
16 2 2 0 3472.80062272
1 2 8 1 1789.52504674
2 1 2 0 1151.90933016
32 2 1 0 3865.43107854
1 2 32 0 2282.6402233
8 1 1 0 1829.39408606
2 2 4 1 1119.12357253
4 4 4 0 1731.76296375
16 2 4 0 3167.59587454
4 2 16 1 1239.50587652
2 2 8 1 1217.80130433
8 2 16 0 1875.02295443
32 1 2 0 2139.60091448
2 4 16 1 1581.34213134
8 1 8 0 1572.16322479
1 4 32 0 1000.15200029
1 1 32 0 732.346564782
16 8 8 0 2888.71673025
8 2 1 1 2721.92029764
16 4 8 1 2664.94345114
8 8 1 1 2847.42378039
32 2 1 1 3713.5461597
2 8 8 1 1311.23887701
32 1 32 0 2122.51178224
32 2 16 1 2151.25240403
4 1 1 1 1540.82571252
4 4 8 1 2136.07904425
16 1 4 1 2717.43206821
2 8 32 0 2079.59147524
16 1 16 0 1519.48268786
1 4 1 1 2168.54530692
1 8 8 0 2230.46439011
4 4 32 0 1616.70650384
16 1 8 0 1835.01967943
2 4 4 1 1453.91276747
1 2 2 1 1747.34639179
4 4 2 0 2196.18882811
8 8 1 0 3188.30048797
16 4 32 1 1983.08533978
2 1 8 0 902.603343456
4 8 16 0 1836.25970656
8 2 8 1 2241.80444184
4 4 32 1 1655.40553296
1 4 4 0 1894.19979762
1 8 32 1 2172.68420641
16 4 4 0 4102.14192662
32 1 32 1 2177.30670123
2 4 16 0 1538.92304295
1 8 2 1 608.586580208
8 4 4 1 2917.48078249
2 2 8 0 1289.50240934
4 1 16 0 1314.75616415
4 4 1 1 671.459201977
8 2 2 1 2666.79220491
16 8 1 1 4249.11541844
2 8 16 1 1682.3093748
1 4 1 0 2138.82285449
32 1 8 1 1934.52445869
32 2 2 0 3810.15038041
4 2 32 0 1392.46631524
8 2 4 0 1916.58049615
4 1 1 0 1631.55976901
2 2 2 1 1308.97069085
4 2 4 1 1745.7396409
4 8 8 0 2389.62320827
2 4 8 0 1513.52201579
16 4 2 1 3823.28627264
32 2 2 1 4158.4346197
1 4 4 1 2126.48009866
1 2 8 0 2137.44503739
4 2 1 1 1859.51345325
2 4 32 0 1509.96568421
8 4 32 1 1645.07336697
16 1 4 0 1885.88222256
8 8 16 0 1652.13806567
1 8 4 1 1854.84659108
2 1 1 1 1005.31207754
4 8 32 0 1548.68055871
16 4 16 1 2020.42303892
8 8 32 1 1833.51466007
1 4 2 0 793.878321175
4 1 16 1 640.039753116
2 4 1 1 1621.58221873
4 2 4 0 1797.13772219
32 2 32 1 2215.93462531
1 8 1 0 2205.65095195
16 1 32 1 1431.14076061
2 4 1 0 1247.08570216
8 2 8 0 2363.05084569
1 4 16 0 2231.27592984
8 1 2 1 1866.0294751
16 8 2 0 4379.54211657
2 2 4 0 1381.20468501
1 2 16 1 1921.18433342
1 1 16 1 1453.06570235
8 4 32 0 1697.19578435
4 8 1 0 2221.60232198
16 1 1 0 2406.64452223
2 1 2 1 1059.73762801
32 4 32 0 2986.80840745
32 4 2 0 3925.35209141
32 16 2 0 4387.44766177
4 1 1 1 1393.57031269
32 8 16 0 2581.16518293
8 16 32 1 1736.41133289
4 1 2 1 1740.77989776
32 8 2 1 5050.00506232
2 1 14 1 1500.77070932
8 32 8 0 2198.4181748
8 16 2 1 3284.27942867
2 16 32 1 1997.13517088
8 32 4 1 3126.83897272
2 16 8 1 1418.76528377
4 1 1 0 1894.56055529
4 32 8 1 2246.96161182
2 32 4 0 1533.1776314
32 8 1 0 4968.12605835
32 16 1 1 4565.58453098
8 32 8 1 2601.37619969
1 16 16 1 2134.19311861
32 32 8 0 3067.46173173
32 8 4 0 4189.55223648
1 32 8 1 1065.09308739
4 32 16 1 1844.9038945
16 32 4 0 3851.38820646
16 32 1 0 4075.70258007
32 16 16 0 2603.51014634
1 16 8 1 2097.57748637
1 32 4 0 2132.97450381
8 32 32 0 1704.50208286
4 16 4 1 2154.52973231
32 16 16 1 2164.51894358
2 1 8 0 1359.79187116
32 32 8 1 3206.70638131
16 16 2 1 4054.28417505
32 16 2 1 4333.56840452
1 32 32 0 785.903033474
8 16 4 0 2571.08126753
2 16 8 0 1684.34990926
1 1 4 0 1684.68034988
4 32 32 0 1313.69188932
32 8 4 1 4110.06255955
2 32 32 1 1830.15673599
16 16 1 0 3899.07967044
1 32 16 1 1803.31238494
2 32 16 0 1594.68037835
32 8 16 1 2019.50554025
32 16 32 1 2362.12416619
2 32 1 1 1875.07671931
32 8 2 0 4928.61990727
8 32 2 0 3319.09478126
32 16 1 0 5182.58541297
32 16 8 0 3107.88856925
2 1 1 1 1371.06159666
16 32 8 1 2513.30337804
1 1 1 1 1712.78352234
32 32 16 0 2583.57398081
1 32 1 0 1585.16801944
8 16 1 1 3492.57305232
1 32 16 0 2169.88537986
1 16 4 1 815.040471178
32 8 8 1 3224.71170683
1 16 1 0 2134.68625516
1 16 2 1 1876.85078883
32 8 32 1 2484.72339555
2 1 2 1 1502.7663366
4 16 8 1 2119.71064451
1 32 32 1 637.523801949
16 32 16 0 2440.94018186
1 32 4 1 1158.68362341
2 16 1 0 1783.26015332
32 32 32 1 2678.08766555
4 16 8 0 2439.2363054
2 1 14 0 1466.91206217
16 32 4 1 3172.45159753
1 16 8 0 852.115032661
32 32 16 1 2496.63316484
2 16 16 0 1879.29512954
4 32 32 1 1539.62242567
16 16 32 0 2021.55926271
8 32 2 1 2935.28662372
8 32 1 0 3215.52528279
2 32 2 0 1807.88721237
8 16 2 0 2788.14775175
16 16 2 0 4215.54384414
32 16 32 0 2416.2281191
32 8 32 0 2758.3205289
2 32 4 1 1674.73711724
32 16 4 1 3913.85129003
1 1 15 0 1431.82991367
4 16 1 1 2359.39703466
4 32 16 0 1917.28339451
32 16 8 1 3275.14253981
4 16 32 1 1773.69290696
2 32 16 1 1635.73995241
16 32 8 0 3158.05157944
32 8 8 0 3189.39701665
2 16 2 1 1657.1976613
1 32 2 0 2090.38616514
16 16 4 0 3968.82673826
16 8 32 0 2084.18834622
1 1 2 1 1655.32967034
2 1 4 1 1284.2860575
8 32 16 0 2544.92554908
8 32 16 1 1853.27398804
16 32 1 1 3816.51401224
16 8 32 1 2105.5413331
2 32 2 1 1606.40752968
16 16 4 1 3736.53874644
2 16 32 0 2254.6815851
4 32 8 0 2093.5552477
16 16 32 1 1708.22562154
8 32 32 1 1661.10373534
16 32 32 1 1621.03636281
1 16 2 0 1971.52218729
1 1 4 1 1467.99700326
32 8 1 1 5041.52072656
16 16 1 1 3904.57816628
4 16 2 0 2407.50139271
32 32 2 0 4541.22934069
1 16 4 0 2115.73569987
1 32 8 0 1574.61135238
2 16 1 1 1838.64701509
4 16 4 0 1966.53124327
8 16 16 0 2398.32821752
2 16 2 0 1906.33223443
8 16 32 0 2448.44536565
1 32 1 1 1866.98638512
8 16 1 0 3350.81782095
32 32 1 0 4358.32965784
32 32 4 1 3535.55288593
16 16 16 0 2461.69157937
8 16 16 1 2474.34613228
2 32 32 0 1758.42229686
2 32 1 0 1473.45305041
2 16 4 0 1718.08126566
8 32 1 1 2951.64328956
16 16 16 1 2390.48979216
1 1 8 0 1718.43245571
8 16 8 0 2532.73538744
1 1 1 0 1571.52357513
16 32 2 0 3649.7787466
16 16 8 0 3214.17507192
2 1 14 0 1646.5210344
1 16 32 1 2192.50804566
2 16 4 1 1589.77638091
4 32 2 1 2302.51270143
32 32 1 1 4403.85000023
8 32 4 0 3190.21816658
4 16 16 1 1881.27713315
4 32 2 0 2588.98944532
2 1 1 0 1465.60355354
2 32 8 0 1829.38191488
2 1 2 0 1525.25818682
4 32 4 1 2520.23390413
4 32 4 0 2540.09598723
32 32 32 0 2604.12679527
32 32 2 1 4054.6029964
1 32 2 1 877.295139128
16 32 32 0 1898.87479515
16 16 8 1 2733.65524462
8 16 4 1 2737.37525636
32 16 4 0 4207.08228566
4 16 16 0 1844.02687965
4 32 1 1 2504.35040925
2 16 16 1 1647.88702434
16 32 2 1 3954.39954977
1 16 16 0 2214.69689
2 1 4 0 1383.26587143
32 32 4 0 3937.6948324
4 16 1 0 2451.89399802
4 16 2 1 2293.32274114
8 16 8 1 3056.09301085
16 32 16 1 2194.52398788
2 32 8 1 1885.15103551
4 32 1 0 2192.11031842
1 16 1 1 580.290263228
1 16 32 0 1035.35272871
4 16 32 0 1637.9881663
8 2 2 1 2739.87706964
2 2 14 1 1697.77888872
16 1 0 0 3683.43754413
16 2 0 1 5149.75797907
8 2 1 0 2844.02538115
8 1 4 0 1209.13028491
8 2 8 0 2397.55129846
1 4 2 0 1775.53674633
2 2 14 0 1547.63039815
16 1 0 1 4084.99537689
4 2 12 1 2165.10914643
2 4 4 1 2109.51351012
4 1 12 1 1539.39837439
16 1 0 0 3203.14853925
1 2 1 1 1528.79248793
2 2 4 0 1930.9025926
1 2 15 0 1969.38722653
1 2 2 0 1700.53897442
8 1 1 0 2509.61686405
16 2 0 0 5332.6742807
4 2 8 0 2210.81533143
2 2 14 1 1731.59420609
1 4 1 0 729.978065057
2 2 14 0 1636.3768037
8 2 4 1 2081.96706378
16 1 0 0 3613.84114101
4 2 4 1 1978.94029636
16 1 0 0 3274.41677422
16 2 0 1 5284.17134732
16 1 0 1 3468.78677732
1 4 4 0 2078.62520191
2 4 2 1 1624.02943492
8 1 1 1 2027.39261193
16 1 0 1 3764.57368124
1 4 15 0 2023.41095558
8 1 4 1 2065.41295131
1 4 1 1 1609.20613011
16 2 0 0 4711.5885902
16 1 0 1 3326.88918263
2 2 2 1 1893.07236106
4 1 12 0 1394.49454475
16 2 0 0 5266.48267396
4 2 4 0 1874.00726399
8 2 8 0 2822.01512328
16 2 0 0 5233.99832362
8 1 2 0 2602.9335573
16 1 0 1 3145.10930585
16 1 0 0 2870.06192631
8 1 8 0 1616.11668543
16 1 0 1 3453.85023056
16 1 0 1 3543.55768752
2 4 1 0 2535.21173864
2 4 1 1 2018.78255329
16 2 0 1 4617.54065548
1 2 8 0 711.055602745
1 4 8 0 1650.26411913
4 2 8 1 2189.37335488
8 2 8 1 2790.72969449
2 4 8 0 1850.96545233
16 2 0 1 4845.01610996
16 2 0 1 4985.49357181
4 1 4 1 1961.67551218
2 4 4 0 1818.9385963
16 2 0 1 4842.1412093
2 2 1 1 1945.5293933
8 2 2 0 3129.91040104
4 1 8 0 1597.69437238
2 4 2 0 2570.09591387
16 1 0 1 3092.89192687
16 2 0 0 5034.888584
1 2 15 0 851.491460123
2 2 1 0 1227.56435473
16 1 0 0 3295.16125329
4 1 8 1 1613.73390013
8 1 8 1 2086.76913911
4 2 1 1 2612.23083075
4 2 2 0 2629.53691775
1 4 15 0 704.77012383
16 1 0 0 3641.11761173
1 2 4 1 1290.46927739
16 1 0 1 3106.55275369
16 2 0 0 4770.38876786
8 1 8 1 2118.93467707
4 1 4 0 723.116497039
16 1 0 0 3726.05664239
4 1 12 1 1454.29928137
16 1 0 1 3490.03884779
1 2 1 0 1957.3218689
16 2 0 1 4538.81311127
16 2 0 0 4909.05505672
1 2 15 1 1662.82266138
8 2 8 0 2434.38252082
8 2 4 0 2381.35342918
8 2 1 1 3636.98836618
16 2 0 0 5451.56881573
2 2 8 1 1687.32715929
16 2 0 1 5512.52861079
1 4 15 1 1996.94764708
2 2 2 0 1688.10621268
2 4 8 1 2245.23482583
1 2 4 0 1864.62679423
16 1 0 0 4258.76499134
16 1 0 1 3416.24747092
2 4 14 1 1961.59736275
4 2 12 0 1969.61335573
8 2 8 1 2822.15913604
1 4 8 1 2231.92358334
16 2 0 1 3718.86917348
1 2 15 1 1972.9365378
8 2 8 1 2768.9990249
2 2 4 1 1628.52538039
16 2 0 0 5208.56596906
16 2 0 1 4642.27305118
4 2 1 0 2116.03904284
4 2 2 1 2400.01595785
1 4 4 1 887.523838915
16 1 0 0 3416.91416911
4 2 12 1 1930.57015408
2 2 8 0 1862.56645927
16 2 0 0 4924.25868862
16 2 0 0 4883.89887465
4 2 12 0 1948.75038282
1 4 2 1 2076.44594317
8 1 8 0 1933.69035405
16 1 0 0 3025.05307259
4 1 2 0 1793.98266495
8 1 8 1 2098.17775322
1 2 8 1 1547.81326465
4 1 12 0 1527.17892528
16 2 0 0 4515.64559169
1 2 2 1 2027.7101118
16 1 0 0 3333.00169366
1 4 15 1 743.663677201
16 1 0 1 4030.06237113
8 1 2 1 1760.10247704
16 2 0 1 5209.25283076
16 2 0 1 5199.42735285
16 4 0 1 5406.4885024
16 8 0 1 5941.34481391
1 8 15 1 1805.44742725
1 16 4 0 2091.95577618
1 16 1 0 1859.44141678
8 4 1 0 4476.53085061
16 4 0 1 6064.07510949
2 8 1 0 2539.57253306
16 8 0 1 6274.43136959
4 4 12 0 2209.38975048
16 4 0 0 5813.97602496
1 16 8 1 1969.72651391
16 4 0 0 3931.3757129
16 4 0 0 6088.98041211
4 4 8 1 2407.99189813
16 8 0 1 6197.57212199
2 8 4 1 2803.11066691
1 8 2 1 1737.36083411
8 8 4 0 3993.81277704
8 4 8 0 2410.42011114
16 8 0 0 6459.39008578
4 8 1 0 3690.10001248
16 8 0 0 6334.36840952
16 4 0 1 5688.20363298
1 8 15 1 2023.57626913
8 4 8 1 1393.2047936
4 4 12 1 1818.65580324
4 4 4 1 2303.03295818
16 8 0 1 5987.25128369
16 8 0 1 6073.44274397
2 8 14 0 2177.03805539
4 8 4 1 3448.79557511
16 4 0 0 5398.5275113
16 4 0 1 5827.02330992
8 4 8 0 1629.04341081
4 8 1 1 4348.15034303
2 8 4 0 2502.07273815
16 8 0 0 6015.0084294
16 8 0 0 5616.55613257
8 8 8 1 2880.61420245
2 4 14 0 1979.52721444
8 8 8 1 2583.89172346
4 8 8 0 3063.72348292
1 8 8 1 2127.14348339
2 4 14 1 2415.53287039
1 16 15 1 1681.94247555
4 8 12 1 2454.09513455
8 8 2 0 4294.65420631
16 8 0 0 6557.969551
16 4 0 0 5667.93169506
4 4 12 1 2465.78290566
4 4 12 0 2259.47826275
8 4 8 1 3301.0281705
16 8 0 0 6234.89522898
16 4 0 1 5798.84120164
1 8 4 0 1480.30453021
16 4 0 0 5955.04693853
16 8 0 1 5713.06791162
8 4 1 1 4208.70914908
2 8 8 1 2076.95631353
8 8 1 0 5050.34433753
2 8 2 1 2757.85163639
1 8 8 0 2139.0240192
2 8 14 1 2129.56004408
16 4 0 0 5397.15901491
16 8 0 0 6239.06771916
1 16 8 0 2079.3842133
2 8 8 0 1838.24766759
16 8 0 0 6148.63957002
4 4 2 1 3357.60084458
16 8 0 1 6257.25873956
1 16 2 0 2139.95093086
16 4 0 1 5944.18551748
16 4 0 1 5621.21315399
8 8 8 0 3013.90001665
1 8 4 1 1850.38848149
16 4 0 1 5906.05968664
16 4 0 0 6218.47074261
4 8 8 1 2068.71243887
1 16 1 1 2019.95853594
16 4 0 1 6036.58409262
2 16 2 1 3006.33088958
8 4 8 1 2563.50740536
16 4 0 0 5368.18673967
1 16 15 0 2172.33877897
16 8 0 0 6460.45187937
1 16 4 1 1848.34367154
16 8 0 0 6131.79846766
4 8 2 0 3614.56966195
4 8 12 0 2102.79829974
16 8 0 1 6466.11659764
2 8 1 1 2452.57766498
1 8 15 0 1790.46787346
1 8 15 0 2089.63046325
8 8 8 0 3006.33861643
8 4 4 0 3619.7420126
1 16 15 0 2202.51873657
16 8 0 1 6386.40261659
2 8 14 1 2007.68691992
16 8 0 1 5382.97596971
16 4 0 0 5830.33373509
16 8 0 0 6038.59212288
4 8 2 1 3603.17532272
16 4 0 0 4988.9960586
8 8 4 1 3203.75445868
8 8 8 1 3057.61710793
4 4 8 0 1370.63710939
4 8 4 0 2761.72871125
8 4 2 0 3428.46787559
2 8 14 0 1413.0041211
1 8 1 0 1964.29680203
8 8 8 0 2121.17805548
2 16 2 0 2514.91390702
4 4 1 0 3121.13941278
4 4 1 1 2510.77957682
16 8 0 0 6433.08475266
8 4 4 1 3406.13628478
16 4 0 1 5549.50049898
8 8 1 1 5343.22270589
16 4 0 1 5562.34542169
16 4 0 1 5373.24081861
16 4 0 0 5988.46585432
2 16 1 1 2942.58261498
1 16 15 1 2156.2232486
1 16 2 1 1494.58019011
4 4 2 0 3090.85924238
16 8 0 1 6304.09466743
8 8 2 1 4311.08024144
8 4 8 0 2842.65328977
2 4 14 0 1994.13728513
4 8 12 0 2428.50916281
1 8 1 1 2048.10423807
16 8 0 1 6162.65416317
4 8 12 1 2305.81649
2 16 1 0 3020.36388324
1 8 2 0 1082.26425148
4 4 4 0 2764.96643277
8 4 2 1 3908.87963606
2 8 2 0 2572.50837668
16 16 0 0 6270.3999077
1 1 2 0 1691.30044104
4 32 12 1 2211.34710422
16 32 0 1 6287.47779404
1 1 1 0 1532.08946671
16 16 0 1 6789.78736814
4 16 4 0 4286.37778266
16 32 0 0 6640.78210958
4 16 4 1 3820.20218758
16 16 0 0 6682.00764841
4 16 12 0 1883.79650626
2 16 14 0 2117.8575908
16 32 0 1 6338.95814276
8 32 8 1 2811.34899559
1 32 2 0 1724.6240911
2 16 8 1 1937.18995437
16 16 0 1 6515.17244251
1 32 1 0 1545.69383116
16 16 0 1 6617.26365487
1 32 8 0 2043.48862136
2 32 1 1 3167.22615374
8 32 8 1 2875.43706281
8 32 8 0 2506.11900099
1 1 15 1 1722.12527753
8 32 1 0 5520.99219678
16 16 0 0 6691.27794882
16 16 0 1 6862.01123268
4 32 4 0 1987.5112002
8 32 8 0 2870.62839854
2 32 1 0 2759.44243111
1 32 4 0 1531.60929629
8 16 8 1 2965.0058768
2 32 2 1 2964.36105979
16 32 0 0 7008.49002883
1 32 15 0 1449.44344257
4 16 1 0 4257.36342797
16 32 0 1 6546.75559472
4 16 12 1 2353.95396816
4 32 1 1 3562.37133133
8 16 8 1 3085.68677925
2 16 8 0 2230.63042099
16 16 0 0 6697.06712393
16 16 0 1 6023.56048388
