8 16 0 1 3087.60258862
8 16 0 1 5693.943661
4 8 2 0 3060.99792789
2 32 4 1 2455.16170903
4 16 4 0 2423.78916928
8 16 0 1 5042.39440666
8 8 0 1 4417.37786774
8 16 0 0 4249.14221917
8 8 0 0 4302.65916119
8 8 0 0 4226.50272888
8 8 0 1 4525.09629965
2 16 6 1 2265.31608688
2 32 2 0 2902.88819958
8 8 0 1 4476.84490952
1 32 2 1 439.621210461
1 16 7 1 1404.04192281
2 32 1 0 2732.0932921
2 32 4 0 2299.61922146
2 8 4 1 759.269560171
8 16 0 0 5773.241938
2 8 2 0 1487.41659412
4 16 4 0 2961.99929196
1 8 7 1 1399.86981729
1 16 1 1 1712.88132063
8 16 0 1 5003.83012669
8 8 0 0 4974.89477651
1 8 1 1 1571.11362736
2 32 6 0 2194.5166122
8 8 0 0 3578.14308733
2 8 6 0 1471.04729905
8 16 0 0 5326.86736085
8 8 0 0 4457.94320784
2 16 1 0 516.815147396
8 16 0 1 5948.49876185
1 16 4 0 1881.18304617
8 16 0 0 5397.04269061
4 16 4 1 2792.71847247
1 8 2 1 1795.29117266
2 16 6 0 2228.73650804
4 8 4 1 2710.13406953
8 16 0 0 5195.26533
2 8 6 1 1910.3603338
8 16 0 1 5331.75407931
2 16 4 0 2489.13505728
8 8 0 1 4522.28270954
4 8 1 1 2597.95229434
8 16 0 0 2711.3295204
8 8 0 0 4581.24616205
8 4 0 1 2546.38325503
8 8 0 0 4520.00105735
2 16 6 1 1614.5056471
4 16 4 1 2828.34997589
8 16 0 1 4067.49042037
8 4 0 0 2512.13074437
1 32 4 1 1802.7007649
8 16 0 0 5862.05202855
1 16 7 0 1922.59257775
1 32 7 1 2012.16509051
8 8 0 0 4506.30962864
8 16 0 0 5784.91210314
4 16 4 0 3009.14706996
2 8 6 0 671.357515863
8 16 0 0 4132.04665185
1 8 7 0 1979.58809162
1 8 4 1 1289.35976457
8 16 0 0 4007.58244637
8 16 0 1 5536.21783128
1 8 7 0 2114.79963974
8 16 0 0 5464.89138573
4 16 4 1 3058.8345488
4 16 4 1 2579.23499022
8 8 0 1 4688.30665102
2 32 6 1 2133.00134348
2 32 6 1 2170.74232316
8 8 0 1 4397.02245769
1 8 7 0 1833.94584908
8 8 0 1 4220.13612919
4 16 1 0 3851.05780869
1 8 1 0 1562.90518012
1 32 7 0 1905.16530035
4 8 4 1 2960.570223
1 16 7 1 1954.47409877
8 16 0 1 5253.3895898
2 8 4 0 2009.9352924
4 8 4 0 1263.97768141
2 8 2 1 2891.27706001
8 16 0 1 5193.27865368
8 8 0 0 4425.33141991
4 16 1 1 3990.21936012
8 16 0 1 4641.52387786
8 16 0 1 3535.02412394
2 16 4 1 2983.6620451
2 8 6 0 1630.3550827
8 8 0 1 4632.96374972
2 16 6 0 2189.29210243
8 16 0 1 4380.26808745
8 8 0 1 4775.50669792
1 8 4 0 2195.7422118
8 4 0 0 2663.40643672
4 8 4 0 1926.76215056
4 8 1 0 3338.21527709
8 8 0 1 4405.7708672
1 16 7 0 1760.74854351
8 16 0 0 5163.35413509
8 16 0 1 5373.84766558
1 32 4 0 1829.14184343
1 32 7 1 1993.56366438
8 8 0 1 4376.49475908
1 32 1 1 1716.99560504
8 8 0 1 4488.00150489
2 16 1 1 2833.7373319
8 16 0 0 537.664807966
1 8 7 1 1406.61562903
8 8 0 1 4445.68026763
8 8 0 0 4793.49232936
1 16 1 0 1721.59447707
2 16 6 0 1961.69134391
4 8 4 1 2437.59238373
2 8 6 1 457.984488058
8 16 0 0 5192.85701465
2 32 1 1 2616.52010177
8 8 0 1 4841.51188176
8 8 0 0 4736.41394471
8 16 0 1 5634.48680859
8 8 0 0 4644.54183923
2 32 2 1 2720.03572826
8 16 0 0 5787.57854786
1 32 7 1 1863.6980597
8 16 0 0 5569.73200851
8 8 0 0 4606.70345769
2 16 6 1 2294.66816449
8 16 0 1 4882.39585128
4 8 4 0 1970.41317379
8 16 0 1 5823.00024645
1 32 7 0 1734.90800222
8 4 0 1 2397.27769014
1 32 7 0 1393.55236634
8 8 0 1 4696.33996438
1 16 7 0 1920.79924121
8 8 0 0 4515.78180638
4 16 2 0 2761.7106087
8 16 0 0 4324.48499878
1 16 7 1 1486.18852257
8 8 0 0 4608.56356732
2 8 1 1 2686.91777444
8 16 0 1 5496.74912168
2 32 6 0 2084.28397248
8 8 0 1 4597.57725711
8 8 0 1 4711.32537102
4 16 4 0 2575.70094555
8 8 0 1 4559.25611113
4 16 2 1 3062.04520518
1 8 2 0 2048.16456398
2 8 6 1 2001.68695986
8 1 0 0 357.156425419
8 32 0 0 5565.79142264
8 32 0 0 5607.42685986
8 32 0 1 4076.2844271
8 32 0 1 5522.60306032
4 32 4 1 2868.19627506
4 1 4 0 1134.38838903
8 32 0 0 5031.56117567
4 2 4 1 1871.69881501
4 1 4 1 1285.67325248
8 32 0 0 6593.8087789
8 2 0 0 1931.24590577
8 2 0 0 1893.82618717
8 1 0 1 1571.84125862
2 2 6 0 1751.52705905
8 1 0 0 1677.5127134
8 32 0 0 6166.00302783
4 32 2 0 3982.57136767
8 32 0 0 4886.75946169
2 32 6 0 2120.89202421
4 2 2 1 2199.92853248
1 1 1 1 1417.62640396
8 2 0 0 1950.79759094
1 1 7 1 877.073828609
8 32 0 1 6532.25232061
2 2 6 0 2017.56827088
4 2 4 0 2130.26815512
2 2 6 1 1716.65226544
2 1 6 0 1472.17769677
8 32 0 0 6064.9560273
8 2 0 0 1759.28008637
2 2 6 1 1830.26668988
8 1 0 0 1612.44603451
8 32 0 1 5998.0476662
8 32 0 0 4415.41389253
8 32 0 0 5509.17124384
2 1 1 1 1073.70836998
8 1 0 1 1523.28920651
8 32 0 1 5117.78656404
8 32 0 1 5811.09993126
8 1 0 0 1659.46184764
8 2 0 1 1905.90235834
8 1 0 1 1550.19897659
4 1 1 0 1443.30852421
8 1 0 1 1568.74455113
4 2 1 0 1932.77133459
8 1 0 0 1542.19564202
2 1 6 0 1398.31445675
8 1 0 1 1702.45557927
2 1 1 0 862.332375122
8 2 0 0 2079.00823646
1 2 7 0 1917.5528578
2 2 4 1 945.622475564
4 2 4 1 1545.06663324
4 32 1 1 4399.77189727
8 2 0 1 1955.31744309
1 1 7 0 442.42959255
1 2 7 0 1619.02897021
8 1 0 1 1517.90149846
4 1 1 1 1487.59324098
8 1 0 0 1642.77583483
8 2 0 1 2065.86118449
8 32 0 1 6232.80320807
8 2 0 0 1952.80262218
8 2 0 1 1859.82070225
8 2 0 0 1896.68244873
4 2 4 0 1459.74247462
4 1 4 1 1389.18224967
8 1 0 0 1560.76418075
4 1 4 1 1119.80335907
2 2 1 1 1761.72101273
8 1 0 1 1432.53360127
2 2 2 1 1638.10949818
8 2 0 1 2039.30811501
1 2 7 1 1528.48586146
4 32 4 1 3013.30964319
4 32 4 1 2860.76375053
4 1 2 0 1592.98533673
1 1 4 0 490.498519133
1 2 7 1 1052.07110124
2 1 6 1 1143.40513936
4 2 4 0 1376.12484477
1 1 2 0 1268.39351879
8 32 0 0 5840.10665288
8 32 0 0 6502.52180725
8 1 0 1 1570.00438099
8 32 0 1 5988.16332564
8 32 0 0 5925.3573291
1 2 1 1 1644.28833176
8 2 0 1 2016.45833884
8 32 0 0 6613.92224252
8 1 0 0 1503.97269753
8 32 0 0 6455.84365738
1 1 7 0 674.102755651
8 1 0 1 1445.29723006
8 32 0 1 3800.22450867
8 32 0 0 4411.88381901
1 2 2 0 1400.36910201
8 2 0 1 1943.29001293
1 2 7 0 972.832458795
8 32 0 1 5886.99570988
2 2 6 0 1494.5642548
8 2 0 0 1933.51139674
8 32 0 1 6077.70760509
4 32 4 1 2634.97819713
4 1 4 1 1445.30125517
8 1 0 1 1608.37648168
8 1 0 1 1436.30633388
8 2 0 0 2014.46568316
1 2 2 1 1016.80397608
8 1 0 0 319.253439925
8 32 0 1 6153.75986236
8 1 0 1 1645.11646299
8 2 0 1 2089.79427153
8 32 0 0 5457.65500429
8 1 0 0 1511.23542829
2 2 6 1 1559.7664046
8 1 0 1 1508.28881963
8 2 0 0 1895.41517799
8 1 0 0 1649.32943161
1 2 1 0 1815.09480913
8 1 0 0 1428.50192512
8 1 0 0 1670.71499295
8 32 0 1 4677.01525584
1 2 4 0 1951.89621182
1 2 7 1 1940.90435492
1 1 4 1 1233.4714128
1 2 4 1 995.586517604
8 1 0 0 1594.36826028
2 2 1 0 1429.33361857
8 1 0 0 1608.69929965
8 32 0 1 6059.76885396
1 1 7 0 414.500758639
8 1 0 0 1502.4444044
8 32 0 1 6278.9669949
8 32 0 1 6484.11830434
4 32 4 0 2846.34702615
1 1 7 1 1524.96676603
8 32 0 1 5822.68484701
4 1 4 0 1170.89440913
4 2 1 1 2167.358543
1 1 2 1 893.562128247
2 1 6 1 995.049462787
4 1 4 0 1426.84080153
4 32 4 0 2236.63288526
4 32 1 0 4158.38510517
8 2 0 1 1991.42342688
8 2 0 0 1898.326955
2 32 6 1 1659.28550732
2 1 6 0 1186.54995469
4 32 2 1 3865.5790365
8 32 0 0 6268.90001775
8 2 0 1 1337.12153951
8 2 0 1 1836.13268631
4 1 2 1 1369.42124412
4 2 4 1 1618.25207736
2 1 6 1 1140.38587968
8 1 0 1 1533.31418853
8 1 0 1 1601.70913472
8 2 0 1 2063.43200496
4 32 4 0 2797.04820451
8 32 0 0 6476.63615964
4 32 4 0 2970.07704629
8 8 0 0 2271.67965005
2 8 1 0 1535.59050329
8 8 0 0 2320.88884261
2 4 4 0 2289.41711907
8 4 0 0 2011.66403505
8 8 0 0 2271.8367045
8 2 0 1 2003.77170338
8 4 0 1 2039.45086215
8 4 0 1 2133.98283013
4 8 2 1 2538.06888379
8 4 0 0 2122.58791249
1 8 7 1 1576.0289784
4 4 4 0 1604.30754945
