1 1 16 0 1332.43960624
1 8 1 1 2051.41693934
2 1 1 0 1158.41834235
4 32 8 1 764.868694319
1 4 16 1 597.938028695
32 4 1 1 745.506806374
8 8 8 0 779.437977517
16 8 4 1 769.140481916
4 4 4 1 776.77274952
16 8 16 0 753.325122758
2 32 4 0 1745.09362675
32 8 1 0 741.426476458
2 8 8 0 1758.49319777
32 16 1 1 765.686624322
32 2 8 1 763.067973004
8 32 8 1 762.113537493
1 16 16 1 1108.21575803
32 32 8 0 732.083334432
32 8 4 0 739.889687591
1 32 8 1 1556.3827113
4 32 16 1 768.982094734
16 32 4 0 735.240197438
16 32 1 0 738.319117111
32 16 16 0 734.407597998
2 8 16 0 1681.97590744
1 16 8 1 1143.19025871
1 32 4 0 536.912590003
8 32 32 0 747.385899439
8 4 16 0 774.806446842
4 16 4 1 776.989754435
4 8 2 0 779.064326967
32 16 16 1 737.935395532
2 1 4 1 771.15342386
16 2 4 1 748.825387659
32 32 8 1 726.002504146
32 4 2 1 755.561745223
2 1 16 1 1041.55369972
8 8 2 0 770.358837532
16 16 2 1 767.883541598
2 1 8 1 779.933231263
32 16 2 1 739.474182317
8 8 8 1 747.396678618
1 8 32 0 587.552791398
1 32 32 0 537.576272305
8 16 4 0 775.210279732
2 16 8 0 1596.6158961
1 4 8 0 1849.58094595
8 4 4 0 772.141422264
32 2 32 0 760.416022791
8 4 8 1 772.604186375
4 32 32 0 764.650665595
32 8 4 1 745.598043804
2 32 32 1 751.952796124
1 4 8 1 2232.40446367
16 16 1 0 768.326136468
4 8 4 1 776.430391291
32 2 4 1 763.98228061
1 1 1 1 485.801396971
1 32 16 1 1034.23712906
16 8 16 1 747.088515208
2 32 16 0 1767.57180645
32 8 16 1 743.340681336
32 16 32 1 746.974148698
4 8 32 1 767.909088882
4 8 1 1 777.521361022
2 32 1 1 1848.62676777
32 8 2 0 751.86127625
8 32 2 0 771.424910286
2 8 2 1 1575.37946332
32 16 1 0 735.152355503
16 8 8 1 752.460736839
1 1 32 1 1486.21535721
16 2 32 1 767.202267648
1 8 8 1 595.686656583
32 16 8 0 739.077530729
1 8 4 0 568.824074566
32 2 8 0 742.387386709
16 32 8 1 739.754895189
32 32 16 0 747.735996655
8 4 2 0 751.838246437
1 32 1 0 1700.39947016
8 16 1 1 751.80097898
1 32 16 0 557.659693053
1 4 32 1 587.162866553
16 2 16 1 744.883268628
1 16 4 1 1733.65177427
2 4 32 1 777.759459447
16 2 32 0 768.380755765
32 8 8 1 737.147758117
1 16 1 0 1969.58649053
1 16 2 1 797.399793332
32 8 32 1 762.723087578
16 2 8 0 770.36039061
4 16 8 1 774.647897328
8 8 32 0 771.012326644
4 4 2 1 771.808634023
32 4 8 0 743.595818385
1 32 32 1 1222.26119753
2 4 2 0 779.804239158
16 2 8 1 730.326860924
16 32 16 0 740.031483389
16 4 32 0 769.663111427
1 32 4 1 881.165572015
2 16 1 0 777.069352067
32 4 8 1 740.933244621
16 4 1 1 758.137686712
32 32 32 1 737.64570596
4 16 8 0 765.537758597
1 1 1 0 1401.53979149
2 8 4 0 771.086307507
8 4 8 0 765.366001305
16 32 4 1 741.803339942
4 8 8 1 777.125741834
1 16 8 0 574.151525491
8 8 4 1 774.061143213
1 1 2 0 409.031297302
16 4 1 0 757.803344918
32 32 16 1 731.859561781
2 16 16 0 1411.75551692
4 32 32 1 763.220303703
2 4 4 0 1589.05901542
16 16 32 0 754.325166134
8 32 2 1 740.137335959
8 32 1 0 753.836862108
8 2 32 1 766.483483286
2 8 4 1 1599.5633476
2 32 2 0 771.815557713
2 4 8 1 776.056558343
16 2 1 1 754.960390359
8 16 2 0 778.353799405
16 16 2 0 753.941163747
2 1 4 0 973.56206651
1 1 8 0 1362.9988263
32 16 32 0 765.062065394
32 2 4 0 744.385970229
32 8 32 0 748.642425054
16 4 2 0 768.101679047
2 8 1 1 1643.32529637
1 8 16 0 2277.77530034
8 4 1 1 749.46482557
2 32 4 1 769.735696868
32 4 32 1 762.236664411
16 4 4 1 746.529172534
8 8 2 1 772.76282075
32 16 4 1 751.757165031
4 4 16 0 782.607919425
32 4 1 0 733.904329386
1 8 16 1 1872.36364554
32 4 4 0 739.326684609
8 2 32 0 713.350612734
4 16 1 1 777.862450715
16 8 1 0 751.24509338
4 8 4 0 774.73295786
4 32 16 0 770.284269534
2 4 2 1 1530.38728977
16 8 2 1 762.236404682
4 8 16 1 775.5417653
32 16 8 1 745.33409906
4 16 32 1 774.365599098
8 8 16 1 770.099519939
8 4 1 0 779.00725425
2 8 2 0 607.986554499
8 8 4 0 769.720420538
2 32 16 1 767.591582
4 8 2 1 773.8511751
16 32 8 0 737.517925235
32 8 8 0 741.761490575
2 16 2 1 1648.44613057
1 32 2 0 729.59100076
16 16 4 0 752.044072284
16 8 32 0 765.375213105
16 2 16 0 739.621338954
8 4 2 1 772.03130009
8 32 16 0 767.786148562
1 1 8 1 1566.3636636
8 32 16 1 758.496876167
16 32 1 1 725.871784024
16 2 1 0 748.285189676
16 8 32 1 746.787895396
16 2 2 0 742.004499554
2 32 2 1 1700.31216107
2 1 2 0 970.859134035
16 16 4 1 748.715970562
32 2 1 0 750.360340137
1 1 2 1 1617.42780896
4 4 4 0 762.566184007
16 2 4 0 768.947711952
2 16 32 0 2180.03636795
8 2 16 0 767.748996095
2 4 16 1 782.347835457
1 4 32 0 1072.00568543
1 1 32 0 405.706323441
4 32 8 0 766.796591206
16 8 8 0 773.08391689
16 4 8 1 759.773666428
16 16 32 1 746.087266438
8 32 32 1 766.241514737
8 8 1 1 752.519539344
32 2 1 1 741.324804903
2 8 8 1 774.466732632
16 32 32 1 740.479583425
1 16 2 0 506.53002173
32 2 16 1 728.618031178
32 8 1 1 743.101604954
16 16 1 1 759.206813036
4 16 2 0 779.10629396
32 32 2 0 744.251004965
1 16 4 0 1411.98187659
1 32 8 0 1655.90655961
2 16 1 1 1767.83638494
4 16 4 0 777.303209418
1 1 4 1 531.486515933
8 16 16 0 769.902346738
4 4 8 1 781.080747744
2 8 32 0 1690.31101722
2 16 2 0 778.800729112
8 16 32 0 754.598679095
1 32 1 1 523.860101457
8 16 1 0 770.83693111
1 4 1 1 655.166823076
1 8 8 0 558.626491723
32 32 1 0 731.132270592
4 4 32 0 776.899234092
32 32 4 1 723.678206641
16 16 16 0 743.821034941
2 4 4 1 781.026583338
4 4 2 0 777.522270302
8 8 1 0 766.8769429
8 16 16 1 761.795834399
16 4 32 1 764.980164226
2 1 8 0 448.195509397
4 8 16 0 776.348861628
8 2 8 1 773.806602046
4 4 32 1 782.069969222
2 32 32 0 745.572483994
1 4 4 0 512.928837181
1 8 32 1 704.340687309
2 32 1 0 770.792649274
16 4 4 0 763.006032999
2 16 4 0 772.79666955
8 32 1 1 765.60313731
16 16 16 1 749.361408306
2 4 16 0 1357.90951488
1 8 2 1 551.506641749
8 4 4 1 768.602856518
8 16 8 0 755.888167627
4 4 1 1 777.221285389
16 32 2 0 745.291014917
16 16 8 0 748.323248916
1 16 32 1 1002.76196841
16 8 1 1 761.833826407
2 8 16 1 775.913173541
2 16 4 1 1409.48362933
4 32 2 1 757.854426964
1 4 1 0 588.003687547
32 32 1 1 722.465980586
32 2 2 0 757.113096058
8 32 4 0 746.572438884
4 16 16 1 749.023900346
8 2 4 0 772.338660837
1 1 4 0 508.502840018
4 8 8 0 779.81340818
4 32 2 0 760.193861773
2 4 8 0 1338.96253882
16 4 2 1 766.537693153
32 2 2 1 754.243860061
1 4 4 1 786.692525478
2 4 32 0 1941.58787461
8 4 32 1 770.29463071
2 32 8 0 1625.08069933
4 32 4 1 764.630202508
8 8 16 0 769.274336169
1 8 4 1 2145.08767309
2 1 1 1 776.35464331
4 8 32 0 773.539093191
16 4 16 1 756.831561496
8 8 32 1 767.101805717
1 4 2 0 2303.14160982
4 32 4 0 769.423558852
32 32 32 0 745.894110269
32 32 2 1 739.882567745
2 4 1 1 1424.45017478
1 32 2 1 1573.79216796
16 32 32 0 764.581194654
16 16 8 1 769.247672914
8 16 4 1 766.789146711
32 16 4 0 755.39002123
32 2 32 1 754.497230677
4 16 16 0 769.523347636
1 8 1 0 738.874914296
2 4 1 0 782.743141741
8 2 8 0 763.632774914
1 4 16 0 569.78670815
4 32 1 1 769.458364671
16 8 2 0 768.344917505
2 16 16 1 781.194822375
16 32 2 1 745.544790569
1 16 16 0 2293.09781662
1 1 16 1 386.952665265
32 32 4 0 738.724321494
8 4 32 0 771.422734954
4 16 1 0 775.624758731
4 16 2 1 774.176500515
8 16 8 1 767.132113081
4 8 1 0 763.741342472
16 32 16 1 737.967813993
2 1 2 1 766.270540162
2 32 8 1 755.15407031
4 32 1 0 773.395422656
1 16 1 1 1800.29289333
1 16 32 0 1639.62760587
4 16 32 0 779.278570497
32 4 32 0 766.643357946
32 4 2 0 734.594701893
16 4 16 0 769.267287146
32 4 4 1 751.004564807
4 4 1 0 776.347026102
2 2 16 0 775.339094435
2 8 32 1 1770.33673938
32 1 4 1 711.635210724
1 8 2 0 1824.37225032
32 2 16 0 731.144759178
32 8 16 0 2303.5187788
32 4 16 1 2057.18774719
8 16 32 1 1813.17659029
8 2 4 1 773.442597492
1 2 16 0 1004.37968205
32 8 2 1 4158.83253078
8 4 16 1 778.680471617
16 8 4 0 4286.35545742
8 1 16 0 759.885909354
4 4 8 0 772.557413917
8 2 16 1 776.599351921
2 8 1 0 1739.74289516
16 2 2 1 744.21336139
4 2 1 0 773.070658602
8 16 2 1 3286.25861835
1 4 2 1 1603.84262826
2 16 32 1 1739.93444215
32 4 16 0 2314.74161387
16 4 8 0 765.795834056
4 4 16 1 758.995586351
2 16 8 1 1866.55650188
8 1 32 1 760.873833497
