1 1 1 1 37.2520814013
1 1 1 0 51.2014519967
1 1 2 1 44.5180376128
1 1 2 0 64.2786626141
1 1 4 1 66.0942956996
1 1 4 0 74.1489578231
1 1 8 1 91.5698222053
1 1 8 0 88.0608421735
1 1 16 1 90.8559912796
1 1 16 0 83.7608575703
1 1 32 1 72.3708293533
1 1 32 0 73.4343492003
2 1 1 1 64.86814504
2 1 1 0 46.9139998212
2 1 2 1 60.6552845718
2 1 2 0 70.9579191632
2 1 4 1 88.7484190219
2 1 4 0 85.4352500712
2 1 8 1 89.9685792026
2 1 8 0 85.3117427293
2 1 16 1 98.2616006657
2 1 16 0 83.7052073029
2 1 32 1 83.99265359
2 1 32 0 85.6582569675
4 1 1 1 35.3429298437
4 1 1 0 68.9005291506
4 1 2 1 77.9558945452
4 1 2 0 86.1404926149
4 1 4 1 77.5012062172
4 1 4 0 78.2908140536
4 1 8 1 91.1752632948
4 1 8 0 76.126269392
4 1 16 1 88.6501054283
4 1 16 0 94.9657973676
4 1 32 1 94.4395031958
4 1 32 0 87.9708837182
8 1 1 1 40.21494873
8 1 1 0 76.5081233735
8 1 2 1 90.8993253928
8 1 2 0 76.1666098002
8 1 4 1 92.9891495587
8 1 4 0 86.7057013027
8 1 8 1 85.5713857204
8 1 8 0 77.0841280004
8 1 16 1 95.5895662703
8 1 16 0 81.8067082378
8 1 32 1 80.6590844902
8 1 32 0 80.2441341461
16 1 1 1 63.5587302326
16 1 1 0 77.4465325269
16 1 2 1 91.6336635445
16 1 2 0 77.1569695384
16 1 4 1 79.9359408557
16 1 4 0 82.3274258598
16 1 8 1 73.5736474887
16 1 8 0 91.4267131071
16 1 16 1 78.7168296943
16 1 16 0 78.4330292749
16 1 32 1 76.0349182307
16 1 32 0 83.9778737027
32 1 1 1 59.2663925115
32 1 1 0 62.8559625034
32 1 2 1 62.482120952
32 1 2 0 67.7138947826
32 1 4 1 66.5459383456
32 1 4 0 74.3185108542
32 1 8 1 59.4873961846
32 1 8 0 71.6561007363
32 1 16 1 64.6235068775
32 1 16 0 71.9469023137
32 1 32 1 55.6557898762
32 1 32 0 68.0983415652
1 2 1 1 52.4674251508
1 2 1 0 52.0364517857
1 2 2 1 54.0607636078
1 2 2 0 63.2428900908
1 2 4 1 67.316527623
1 2 4 0 66.1307178508
1 2 8 1 77.7607519811
1 2 8 0 79.9728538704
1 2 16 1 43.3428801755
1 2 16 0 85.858601058
1 2 32 1 88.5426811038
1 2 32 0 78.3404318021
2 2 1 1 71.9706460924
2 2 1 0 60.7944259902
2 2 2 1 69.7223788751
2 2 2 0 77.0085065696
2 2 4 1 72.5634827011
2 2 4 0 82.9217531643
2 2 8 1 35.8442953292
2 2 8 0 83.7709247583
2 2 16 1 94.8119970252
2 2 16 0 87.9012279634
2 2 32 1 76.2396827929
2 2 32 0 81.2989375258
4 2 1 1 65.4003859297
4 2 1 0 64.4587463899
4 2 2 1 81.1461056462
4 2 2 0 86.0503891085
4 2 4 1 79.6575109479
4 2 4 0 84.7225164085
4 2 8 1 83.4886726662
4 2 8 0 70.4562837162
4 2 16 1 89.095602642
4 2 16 0 72.8259625719
4 2 32 1 82.3705653456
4 2 32 0 81.7639150054
8 2 1 1 77.2662199924
8 2 1 0 83.678571363
8 2 2 1 94.4984194698
8 2 2 0 85.104168531
8 2 4 1 89.7816355818
8 2 4 0 85.7147983139
8 2 8 1 92.5318693874
8 2 8 0 79.8983011782
8 2 16 1 49.6899717105
8 2 16 0 95.1905073857
8 2 32 1 81.4841721866
8 2 32 0 78.4368179619
16 2 1 1 78.3543472813
16 2 1 0 84.8027216571
16 2 2 1 83.8517907679
16 2 2 0 79.7660949168
16 2 4 1 64.2709158035
16 2 4 0 80.0826116462
16 2 8 1 89.801242872
16 2 8 0 80.1970363688
16 2 16 1 42.9465460711
16 2 16 0 64.0528597541
16 2 32 1 87.5815133962
16 2 32 0 78.7435978413
32 2 1 1 65.506025857
32 2 1 0 60.7569915452
32 2 2 1 64.9886152589
32 2 2 0 66.3898642424
32 2 4 1 62.1085847418
32 2 4 0 56.2401220227
32 2 8 1 58.0265662156
32 2 8 0 64.3900889389
32 2 16 1 59.4589538942
32 2 16 0 69.7005165963
32 2 32 1 64.6040763104
32 2 32 0 72.9897917754
1 4 1 1 49.0675473201
1 4 1 0 48.9271950368
1 4 2 1 57.0535153204
1 4 2 0 26.2954325148
1 4 4 1 67.1970036303
1 4 4 0 66.5510764683
1 4 8 1 70.7475187733
1 4 8 0 78.1453817927
1 4 16 1 75.2825936727
1 4 16 0 83.2546041782
1 4 32 1 77.4442339747
1 4 32 0 77.1163105416
2 4 1 1 36.8018943603
2 4 1 0 52.5713832082
2 4 2 1 62.6432747784
2 4 2 0 62.5955014294
2 4 4 1 63.7767793423
2 4 4 0 67.5962323113
2 4 8 1 80.2542517066
2 4 8 0 79.8041443836
2 4 16 1 82.0410420597
2 4 16 0 69.8792769088
2 4 32 1 41.503866343
2 4 32 0 73.5926787378
4 4 1 1 68.3524310461
4 4 1 0 69.2092395265
4 4 2 1 62.6506154543
4 4 2 0 78.5386218456
4 4 4 1 77.4582618417
4 4 4 0 84.695085595
4 4 8 1 76.2834718827
4 4 8 0 92.9939474146
4 4 16 1 71.8796311816
4 4 16 0 46.1461800796
4 4 32 1 68.4424434682
4 4 32 0 80.1715933391
8 4 1 1 69.9650415314
8 4 1 0 64.9849192773
8 4 2 1 71.0067973573
8 4 2 0 80.2940836833
8 4 4 1 79.442178067
8 4 4 0 74.0216221457
8 4 8 1 72.1993018006
8 4 8 0 83.3311923447
8 4 16 1 56.0153652146
8 4 16 0 76.4991458317
8 4 32 1 84.2378500199
8 4 32 0 85.8459884318
16 4 1 1 82.9902375616
16 4 1 0 80.1760114589
16 4 2 1 75.5795145405
16 4 2 0 76.3363263291
16 4 4 1 74.3447997547
16 4 4 0 83.2095372827
16 4 8 1 79.5813651541
16 4 8 0 41.6103402945
16 4 16 1 63.5043257765
16 4 16 0 81.9647948921
16 4 32 1 85.2828751758
16 4 32 0 74.0609021589
32 4 1 1 59.5562422167
32 4 1 0 70.7038335746
32 4 2 1 61.7603424673
32 4 2 0 52.950941406
32 4 4 1 64.6493514722
32 4 4 0 45.2378505206
32 4 8 1 59.2639649265
32 4 8 0 69.2006422325
32 4 16 1 64.0072715371
32 4 16 0 63.4627973673
32 4 32 1 64.2021507801
32 4 32 0 65.2074410276
1 8 1 1 46.9380992698
1 8 1 0 42.3983787742
1 8 2 1 27.2703666612
1 8 2 0 63.2442132108
1 8 4 1 68.7073377136
1 8 4 0 66.5392477317
1 8 8 1 64.0662820256
1 8 8 0 73.917285469
1 8 16 1 74.351982265
1 8 16 0 81.2358760238
1 8 32 1 79.7960034798
1 8 32 0 79.9668669785
2 8 1 1 40.3499297837
2 8 1 0 53.6188476445
2 8 2 1 58.2172519596
2 8 2 0 70.7746459022
2 8 4 1 76.5610605879
2 8 4 0 70.1180053148
2 8 8 1 75.7366628985
2 8 8 0 77.4012327596
2 8 16 1 73.932279146
2 8 16 0 75.0938264405
2 8 32 1 67.6300818664
2 8 32 0 38.3045638142
4 8 1 1 65.336089364
4 8 1 0 77.2450254658
4 8 2 1 82.138586348
4 8 2 0 79.4917905077
4 8 4 1 78.6053676677
4 8 4 0 92.2460655547
4 8 8 1 86.0120617212
4 8 8 0 93.0626060016
4 8 16 1 74.8541436695
4 8 16 0 79.7528983502
4 8 32 1 68.0081775588
4 8 32 0 70.3237438162
8 8 1 1 77.3349816219
8 8 1 0 77.103879762
8 8 2 1 85.3014128085
8 8 2 0 78.0017822703
8 8 4 1 74.9455961168
8 8 4 0 68.4848938065
8 8 8 1 79.6332130804
8 8 8 0 73.8899447063
8 8 16 1 72.95091393
8 8 16 0 73.2519941852
8 8 32 1 65.5477941801
8 8 32 0 76.0792117353
16 8 1 1 82.244467682
16 8 1 0 75.7049820897
16 8 2 1 65.7405489704
16 8 2 0 70.8286230579
16 8 4 1 65.4280025099
16 8 4 0 69.0640074905
16 8 8 1 72.0009582106
16 8 8 0 71.7688016174
16 8 16 1 72.0796486313
16 8 16 0 38.1994047783
16 8 32 1 70.0619840333
16 8 32 0 63.6357767075
32 8 1 1 67.6658552976
32 8 1 0 73.239923926
32 8 2 1 71.5563935502
32 8 2 0 59.6202321881
32 8 4 1 59.9733122935
32 8 4 0 58.6893777166
32 8 8 1 60.6468857199
32 8 8 0 64.8036010855
32 8 16 1 71.0023803756
32 8 16 0 62.5467976471
32 8 32 1 63.5367209717
32 8 32 0 64.977999501
1 16 1 1 43.9876552508
1 16 1 0 46.4312227399
1 16 2 1 46.1078884165
1 16 2 0 30.0022116483
1 16 4 1 61.0902759655
1 16 4 0 66.1397076817
1 16 8 1 68.5403953923
1 16 8 0 67.0615046844
1 16 16 1 67.7167361305
1 16 16 0 66.4203879216
1 16 32 1 67.2802335392
1 16 32 0 76.0059667522
2 16 1 1 50.9452820443
2 16 1 0 35.3053260203
2 16 2 1 41.9588139555
2 16 2 0 67.2711467188
2 16 4 1 67.228472382
2 16 4 0 72.729368988
2 16 8 1 64.5948467071
2 16 8 0 73.0380926764
2 16 16 1 66.6926249525
2 16 16 0 87.7072628594
2 16 32 1 79.4968509532
2 16 32 0 35.577834257
4 16 1 1 60.489070273
4 16 1 0 58.9759747654
4 16 2 1 55.5556611503
4 16 2 0 76.4028077144
4 16 4 1 75.3010436715
4 16 4 0 74.2257399069
4 16 8 1 73.8891848065
4 16 8 0 74.546965789
4 16 16 1 69.8643091399
4 16 16 0 55.4129072651
4 16 32 1 73.8660049656
4 16 32 0 79.0456145766
8 16 1 1 78.9233794764
8 16 1 0 78.0393859749
8 16 2 1 65.0991814825
8 16 2 0 72.0662534335
8 16 4 1 69.382791597
8 16 4 0 56.9793721558
8 16 8 1 72.0650305341
8 16 8 0 78.8249238047
8 16 16 1 57.3146274172
8 16 16 0 74.317384076
8 16 32 1 72.6516142049
8 16 32 0 73.2916033585
16 16 1 1 72.4544192725
16 16 1 0 82.7637444711
16 16 2 1 66.1555417298
16 16 2 0 70.2555149519
16 16 4 1 68.6453881968
16 16 4 0 74.1473277834
16 16 8 1 66.576195868
16 16 8 0 68.6199043728
16 16 16 1 69.7372487948
16 16 16 0 75.9334343203
16 16 32 1 72.0050653515
16 16 32 0 84.3468017713
32 16 1 1 75.7545592909
32 16 1 0 70.0617313396
32 16 2 1 68.7200219596
32 16 2 0 70.6804133436
32 16 4 1 60.714524776
32 16 4 0 56.0244720366
32 16 8 1 32.7356151382
32 16 8 0 75.6489715477
32 16 16 1 60.0362434958
32 16 16 0 68.1744305367
32 16 32 1 62.3717167299
32 16 32 0 59.7672402781
1 32 1 1 39.416841195
1 32 1 0 47.0744403374
1 32 2 1 49.3767248705
1 32 2 0 51.9112905521
1 32 4 1 55.2846460704
1 32 4 0 60.7845126947
1 32 8 1 63.5972301351
1 32 8 0 72.1208657426
1 32 16 1 61.6857436064
1 32 16 0 63.1683396531
1 32 32 1 64.6094641168
1 32 32 0 68.6452534308
2 32 1 1 39.6194149291
2 32 1 0 59.0777559864
2 32 2 1 46.7663118237
2 32 2 0 65.6294458998
2 32 4 1 59.5035598808
2 32 4 0 70.7121315648
2 32 8 1 69.7841249562
2 32 8 0 72.4176643258
2 32 16 1 60.5288889091
2 32 16 0 67.397637621
2 32 32 1 63.1624212426
2 32 32 0 72.9855258288
4 32 1 1 52.230024392
4 32 1 0 62.0131780393
4 32 2 1 52.4775228522
4 32 2 0 59.6706841556
4 32 4 1 61.776237076
4 32 4 0 31.9772951493
4 32 8 1 54.8584128185
4 32 8 0 66.5792637019
4 32 16 1 59.8271632075
4 32 16 0 78.9473470467
4 32 32 1 55.4250902111
4 32 32 0 75.0445892408
8 32 1 1 48.3242138551
8 32 1 0 63.203683009
8 32 2 1 33.3096935323
8 32 2 0 65.5376132588
8 32 4 1 64.7391494865
8 32 4 0 78.2595531495
8 32 8 1 62.6681509915
8 32 8 0 70.6100507775
8 32 16 1 59.586310947
8 32 16 0 78.0950397623
8 32 32 1 63.4338721783
8 32 32 0 72.3754132471
16 32 1 1 30.8881340001
16 32 1 0 67.715835616
16 32 2 1 57.3426189192
16 32 2 0 62.8867342506
16 32 4 1 59.1301800107
16 32 4 0 68.9304930245
16 32 8 1 61.5987340707
16 32 8 0 57.1035010917
16 32 16 1 52.5448859202
16 32 16 0 42.4118681998
16 32 32 1 50.3986155493
16 32 32 0 60.8527381432
32 32 1 1 62.553183156
32 32 1 0 66.4110189053
32 32 2 1 56.1782319297
32 32 2 0 72.1528083124
32 32 4 1 59.2556356362
32 32 4 0 59.3074337124
32 32 8 1 45.177493368
32 32 8 0 68.9310456404
32 32 16 1 63.8778886867
32 32 16 0 66.1009012924
32 32 32 1 63.311750535
32 32 32 0 72.2885977826
1 1 1 1 44.9144048307
1 1 1 0 46.3046420671
1 1 2 1 75.3766487282
1 1 2 0 85.7047404834
1 1 4 1 108.223159727
1 1 4 0 106.069462664
1 1 8 1 126.263722811
1 1 8 0 111.88404378
1 1 16 1 87.7204423122
1 1 16 0 136.088350079
1 1 32 1 124.885423473
1 1 32 0 101.386506111
2 1 1 1 79.9230808765
2 1 1 0 92.9757818838
2 1 2 1 108.578486008
2 1 2 0 99.0734628236
2 1 4 1 112.444490041
2 1 4 0 130.287118812
2 1 8 1 133.335182485
2 1 8 0 133.496753116
2 1 16 1 150.070707821
2 1 16 0 147.314177314
2 1 32 1 138.153913773
2 1 32 0 137.473849227
4 1 1 1 114.233148832
4 1 1 0 121.548139395
4 1 2 1 93.7996896725
4 1 2 0 115.424726896
4 1 4 1 154.394945861
4 1 4 0 149.374698402
4 1 8 1 183.104386154
4 1 8 0 155.257580659
4 1 16 1 164.078082372
4 1 16 0 180.668189196
4 1 32 1 159.649827923
4 1 32 0 158.285506424
8 1 1 1 143.633865156
8 1 1 0 90.0375681701
8 1 2 1 136.845958945
8 1 2 0 147.368828645
8 1 4 1 160.611857214
8 1 4 0 147.578236135
8 1 8 1 174.822539245
8 1 8 0 139.225979803
8 1 16 1 177.433237363
8 1 16 0 140.365268249
8 1 32 1 148.826620646
8 1 32 0 144.661564292
16 1 1 1 115.71947773
16 1 1 0 131.873018384
16 1 2 1 153.66132907
16 1 2 0 152.449064038
16 1 4 1 151.664439448
16 1 4 0 156.079587364
16 1 8 1 108.093703278
16 1 8 0 164.767842155
16 1 16 1 153.612810815
16 1 16 0 147.332583071
16 1 32 1 148.832955919
16 1 32 0 163.47293916
32 1 1 1 82.2999430478
32 1 1 0 136.862511332
32 1 2 1 148.784335954
32 1 2 0 151.513822753
32 1 4 1 141.050117059
32 1 4 0 128.64432367
32 1 8 1 119.745217229
32 1 8 0 146.627209282
32 1 16 1 111.15912576
32 1 16 0 117.302136375
32 1 32 1 115.986308378
32 1 32 0 109.904744491
1 2 1 1 63.2153413193
1 2 1 0 60.5410354836
1 2 2 1 85.2870187986
1 2 2 0 84.0132211628
1 2 4 1 111.098578803
1 2 4 0 88.962152712
1 2 8 1 128.853806478
1 2 8 0 131.721835954
1 2 16 1 123.302682926
1 2 16 0 137.702642499
1 2 32 1 123.796275172
1 2 32 0 128.0530132
2 2 1 1 88.0174013543
2 2 1 0 53.7167411818
2 2 2 1 98.3003793768
2 2 2 0 114.320014374
2 2 4 1 137.153150458
2 2 4 0 125.131166266
2 2 8 1 132.79068734
2 2 8 0 144.33157645
2 2 16 1 142.030527045
2 2 16 0 147.695208794
2 2 32 1 123.172021296
2 2 32 0 156.174821682
4 2 1 1 124.410913013
4 2 1 0 123.725897554
4 2 2 1 125.81259339
4 2 2 0 134.480787578
4 2 4 1 147.433684592
4 2 4 0 145.472838462
4 2 8 1 159.113952738
4 2 8 0 151.512914484
4 2 16 1 182.162212198
4 2 16 0 141.469261497
4 2 32 1 73.2228430175
4 2 32 0 150.369568942
8 2 1 1 123.583307157
8 2 1 0 142.231999932
8 2 2 1 139.156723035
8 2 2 0 96.803643326
8 2 4 1 148.884957214
8 2 4 0 181.310178813
8 2 8 1 155.865271002
8 2 8 0 174.304664507
8 2 16 1 128.207748383
8 2 16 0 152.450360242
8 2 32 1 136.350648596
8 2 32 0 155.892872589
16 2 1 1 134.521266476
16 2 1 0 151.997304082
16 2 2 1 146.762564078
16 2 2 0 106.792361313
16 2 4 1 134.800945364
16 2 4 0 54.9647387687
16 2 8 1 154.012365583
16 2 8 0 158.969829408
16 2 16 1 151.044640886
16 2 16 0 138.331741405
16 2 32 1 142.894027809
16 2 32 0 133.197864549
32 2 1 1 154.684259918
32 2 1 0 116.31053929
32 2 2 1 127.055721412
32 2 2 0 170.309430643
32 2 4 1 127.18660613
32 2 4 0 126.821671328
32 2 8 1 147.612265637
32 2 8 0 116.759476711
32 2 16 1 123.30912616
32 2 16 0 130.68788133
32 2 32 1 148.233796763
32 2 32 0 160.02444678
1 4 1 1 55.8692526652
1 4 1 0 62.7348544513
1 4 2 1 83.8918918919
1 4 2 0 77.471694384
1 4 4 1 104.733247183
1 4 4 0 97.3248409535
1 4 8 1 127.261849406
1 4 8 0 119.288888778
1 4 16 1 120.192164699
1 4 16 0 120.561327156
1 4 32 1 108.505887244
1 4 32 0 119.023923282
2 4 1 1 86.2075001248
2 4 1 0 92.5906819886
2 4 2 1 103.762870275
2 4 2 0 94.0488577125
2 4 4 1 131.116885312
2 4 4 0 118.463340813
2 4 8 1 147.531106745
2 4 8 0 130.210640949
2 4 16 1 32.8913084983
2 4 16 0 34.0050971481
2 4 32 1 128.824275965
2 4 32 0 131.865267836
4 4 1 1 115.229755341
4 4 1 0 116.61888689
4 4 2 1 133.160874377
4 4 2 0 115.339929133
4 4 4 1 138.978003155
4 4 4 0 143.344844339
4 4 8 1 146.074270199
4 4 8 0 142.506109712
4 4 16 1 159.147570429
4 4 16 0 162.712449995
4 4 32 1 154.628448557
4 4 32 0 154.524879648
8 4 1 1 113.558233928
8 4 1 0 124.738873719
8 4 2 1 119.198374708
8 4 2 0 146.907324549
8 4 4 1 134.55187897
8 4 4 0 134.777882293
8 4 8 1 145.175523152
8 4 8 0 141.093091655
8 4 16 1 134.256801167
8 4 16 0 135.312641541
8 4 32 1 167.933745735
8 4 32 0 138.32814753
16 4 1 1 131.315275804
16 4 1 0 137.89836089
16 4 2 1 136.050769626
16 4 2 0 148.824931331
16 4 4 1 132.8534397
16 4 4 0 140.076910488
16 4 8 1 153.549002879
16 4 8 0 157.863692878
16 4 16 1 142.085927616
16 4 16 0 117.055664745
16 4 32 1 130.680847443
16 4 32 0 144.548439302
32 4 1 1 148.97937696
32 4 1 0 140.080717407
32 4 2 1 117.987645593
32 4 2 0 133.540908998
32 4 4 1 99.3455312876
32 4 4 0 122.466646374
32 4 8 1 122.694671538
32 4 8 0 120.250389116
32 4 16 1 139.760836457
32 4 16 0 134.294325422
32 4 32 1 118.190345283
32 4 32 0 136.50366017
1 8 1 1 56.628035044
1 8 1 0 53.8244310077
1 8 2 1 84.0846915614
1 8 2 0 78.2833139243
1 8 4 1 107.443334442
1 8 4 0 101.673149935
1 8 8 1 116.536126072
1 8 8 0 121.71686672
1 8 16 1 118.318934003
1 8 16 0 103.147206005
1 8 32 1 109.392755011
1 8 32 0 118.023172248
2 8 1 1 93.476699417
2 8 1 0 83.6224222905
2 8 2 1 102.046669186
2 8 2 0 95.586860621
2 8 4 1 144.955724328
2 8 4 0 95.9172998072
2 8 8 1 133.034645454
2 8 8 0 144.700250186
2 8 16 1 139.057054887
2 8 16 0 137.705336165
2 8 32 1 133.763125198
2 8 32 0 137.56546829
4 8 1 1 105.372722173
4 8 1 0 116.963276459
4 8 2 1 66.9522011536
4 8 2 0 131.400900436
4 8 4 1 126.58347876
4 8 4 0 154.478635697
4 8 8 1 146.99017752
4 8 8 0 156.1097393
4 8 16 1 84.8463097283
4 8 16 0 139.723945935
4 8 32 1 130.212604943
4 8 32 0 155.61910825
8 8 1 1 108.4575588
8 8 1 0 126.148852839
8 8 2 1 134.258743044
8 8 2 0 144.270789642
8 8 4 1 152.275881292
8 8 4 0 122.935728655
8 8 8 1 128.490044537
8 8 8 0 149.217479481
8 8 16 1 148.662629919
8 8 16 0 153.074311414
8 8 32 1 78.4777685697
8 8 32 0 154.890580946
16 8 1 1 137.652395129
16 8 1 0 130.27582384
16 8 2 1 153.963580233
16 8 2 0 141.863624889
16 8 4 1 119.20180867
16 8 4 0 158.836489319
16 8 8 1 144.978915656
16 8 8 0 127.269400249
16 8 16 1 145.510203331
16 8 16 0 89.9672755798
16 8 32 1 166.2047309
16 8 32 0 137.837445949
32 8 1 1 121.305578366
32 8 1 0 122.669395502
32 8 2 1 116.804028494
32 8 2 0 136.167117451
32 8 4 1 149.230259676
32 8 4 0 144.933671902
32 8 8 1 100.266191514
32 8 8 0 113.803189093
32 8 16 1 115.806074912
32 8 16 0 122.343707162
32 8 32 1 123.409078836
32 8 32 0 137.984828694
1 16 1 1 57.8136576281
1 16 1 0 58.7922711948
1 16 2 1 51.4557844581
1 16 2 0 74.4128431193
1 16 4 1 98.5792921432
1 16 4 0 104.772870464
1 16 8 1 106.417107639
1 16 8 0 116.235717984
1 16 16 1 108.653629934
1 16 16 0 80.9327300449
1 16 32 1 107.952061178
1 16 32 0 117.254837891
2 16 1 1 86.0823159566
2 16 1 0 84.8073031857
2 16 2 1 99.3401588215
2 16 2 0 108.258623981
2 16 4 1 63.1334725648
2 16 4 0 113.802670507
2 16 8 1 120.427737985
2 16 8 0 132.712955688
2 16 16 1 124.448863371
2 16 16 0 120.733292471
2 16 32 1 124.655716001
2 16 32 0 116.595611289
4 16 1 1 104.331438402
4 16 1 0 71.42937169
4 16 2 1 120.009267534
4 16 2 0 113.833028078
4 16 4 1 125.198907888
4 16 4 0 117.53625203
4 16 8 1 129.256314224
4 16 8 0 138.107900748
4 16 16 1 140.868726829
4 16 16 0 142.469129816
4 16 32 1 74.5625820557
4 16 32 0 129.070642949
8 16 1 1 110.817198697
8 16 1 0 115.834395936
8 16 2 1 125.649688006
8 16 2 0 132.10824702
8 16 4 1 113.783671303
8 16 4 0 149.492076477
8 16 8 1 141.243899376
8 16 8 0 151.89594187
8 16 16 1 89.728579911
8 16 16 0 155.863638147
8 16 32 1 132.072832327
8 16 32 0 142.484912396
16 16 1 1 137.562139633
16 16 1 0 127.02170981
16 16 2 1 139.033821061
16 16 2 0 152.946570449
16 16 4 1 129.517186836
16 16 4 0 144.993004378
16 16 8 1 74.6930081138
16 16 8 0 116.912556313
16 16 16 1 128.469255427
16 16 16 0 133.989351276
16 16 32 1 130.713393664
16 16 32 0 130.41203606
32 16 1 1 108.44516247
32 16 1 0 126.13826396
32 16 2 1 129.579291896
32 16 2 0 118.575571992
32 16 4 1 75.1240407152
32 16 4 0 110.13579447
32 16 8 1 107.603664339
32 16 8 0 129.661568917
32 16 16 1 123.131838942
32 16 16 0 116.979666755
32 16 32 1 124.458528099
32 16 32 0 114.660008415
1 32 1 1 34.5307062545
1 32 1 0 57.4121266805
1 32 2 1 68.455166983
1 32 2 0 75.9702078179
1 32 4 1 86.5429758542
1 32 4 0 54.7822023387
1 32 8 1 94.5777987128
1 32 8 0 103.550691287
1 32 16 1 104.555080767
1 32 16 0 110.046711198
1 32 32 1 101.184901035
1 32 32 0 110.94684534
2 32 1 1 42.868064971
2 32 1 0 76.1405272341
2 32 2 1 88.4572863872
2 32 2 0 87.2092397071
2 32 4 1 87.5525581655
2 32 4 0 113.874230593
2 32 8 1 104.57601772
2 32 8 0 91.1419747857
2 32 16 1 113.505147644
2 32 16 0 125.378395128
2 32 32 1 99.2804328267
2 32 32 0 118.31898739
4 32 1 1 95.3915927553
4 32 1 0 107.876896735
4 32 2 1 109.05515152
4 32 2 0 96.685656988
4 32 4 1 104.144128455
4 32 4 0 120.522947568
4 32 8 1 111.159102199
4 32 8 0 126.846501699
4 32 16 1 121.486428552
4 32 16 0 144.114531699
4 32 32 1 90.0115257943
4 32 32 0 135.469655659
8 32 1 1 74.6430144001
8 32 1 0 122.518251085
8 32 2 1 116.934074898
8 32 2 0 130.285937441
8 32 4 1 110.024126762
8 32 4 0 124.360916189
8 32 8 1 114.139664281
8 32 8 0 136.497291894
8 32 16 1 104.44688652
8 32 16 0 133.768891171
8 32 32 1 125.324271083
8 32 32 0 136.799028729
16 32 1 1 111.863096857
16 32 1 0 129.252595086
16 32 2 1 106.193849718
16 32 2 0 146.11806114
16 32 4 1 116.568685153
16 32 4 0 134.587616918
16 32 8 1 123.399300571
16 32 8 0 92.234109556
16 32 16 1 112.870085524
16 32 16 0 123.781476012
16 32 32 1 119.351544137
16 32 32 0 47.7936175946
32 32 1 1 104.149748722
32 32 1 0 112.684906968
32 32 2 1 65.2586314487
32 32 2 0 113.158112744
32 32 4 1 116.925380488
32 32 4 0 93.6916237088
32 32 8 1 90.2411828892
32 32 8 0 107.732159215
32 32 16 1 93.9609058968
32 32 16 0 101.877370244
32 32 32 1 101.381488776
32 32 32 0 117.576317709
1 1 1 1 55.7943113252
1 1 1 0 56.6191796677
1 1 2 1 84.1742207514
1 1 2 0 87.4715494419
1 1 4 1 110.534823809
1 1 4 0 145.570325036
1 1 8 1 189.664603953
1 1 8 0 186.654319746
1 1 16 1 164.870537436
1 1 16 0 188.701728309
1 1 32 1 184.236522412
1 1 32 0 177.027046614
2 1 1 1 111.734654528
2 1 1 0 118.34664976
2 1 2 1 149.100256071
2 1 2 0 165.985143688
2 1 4 1 198.737776809
2 1 4 0 124.610296834
2 1 8 1 238.546599809
2 1 8 0 255.241297382
2 1 16 1 222.529058467
2 1 16 0 214.132823911
2 1 32 1 231.834498423
2 1 32 0 200.922270483
4 1 1 1 146.15808615
4 1 1 0 178.558109155
4 1 2 1 219.679762574
4 1 2 0 230.962814979
4 1 4 1 240.473194858
4 1 4 0 277.192168688
4 1 8 1 244.696595336
4 1 8 0 279.688412228
4 1 16 1 165.505329841
4 1 16 0 290.486755227
4 1 32 1 262.567336408
4 1 32 0 274.825430507
8 1 1 1 213.485825616
8 1 1 0 222.479272864
8 1 2 1 237.819512114
8 1 2 0 247.850310235
8 1 4 1 267.934444287
8 1 4 0 258.50353308
8 1 8 1 181.135625629
8 1 8 0 294.85902781
8 1 16 1 262.948329935
8 1 16 0 258.211066875
8 1 32 1 223.123719141
8 1 32 0 292.395420786
16 1 1 1 222.500900136
16 1 1 0 260.520696185
16 1 2 1 242.689757347
16 1 2 0 251.31785282
16 1 4 1 303.500622448
16 1 4 0 271.341746868
16 1 8 1 266.333935621
16 1 8 0 291.315139913
16 1 16 1 309.148248345
16 1 16 0 327.510381975
16 1 32 1 234.29883938
16 1 32 0 285.235327575
32 1 1 1 208.893705874
32 1 1 0 108.711854162
32 1 2 1 232.385912667
32 1 2 0 166.615932358
32 1 4 1 228.02591228
32 1 4 0 257.899348478
32 1 8 1 249.127613393
32 1 8 0 302.453232784
32 1 16 1 246.939736287
32 1 16 0 222.656060084
32 1 32 1 240.726452667
32 1 32 0 244.339811581
1 2 1 1 69.947340276
1 2 1 0 63.0621640392
1 2 2 1 83.7493532481
1 2 2 0 86.6306283775
1 2 4 1 82.4861095347
1 2 4 0 114.955075091
1 2 8 1 193.60887698
1 2 8 0 175.277853266
1 2 16 1 180.912192887
1 2 16 0 124.88423191
1 2 32 1 164.279304333
1 2 32 0 100.082698808
2 2 1 1 122.360162117
2 2 1 0 122.771752713
2 2 2 1 153.691962302
2 2 2 0 118.598447469
2 2 4 1 192.926756891
2 2 4 0 204.84373704
2 2 8 1 243.20517838
2 2 8 0 155.996919686
2 2 16 1 106.58240966
2 2 16 0 240.08637123
2 2 32 1 126.266219103
2 2 32 0 250.539322884
4 2 1 1 192.751807661
4 2 1 0 127.191770832
4 2 2 1 116.157460461
4 2 2 0 199.058334781
4 2 4 1 180.003007913
4 2 4 0 259.092425616
4 2 8 1 253.583709847
4 2 8 0 156.95443272
4 2 16 1 185.600431481
4 2 16 0 257.429712334
4 2 32 1 131.596560855
4 2 32 0 202.511209019
8 2 1 1 172.639893711
8 2 1 0 163.092957673
8 2 2 1 157.640765448
8 2 2 0 215.34895305
8 2 4 1 284.894454053
8 2 4 0 163.218516268
8 2 8 1 250.955803971
8 2 8 0 281.857487247
8 2 16 1 210.955427315
8 2 16 0 297.818759099
8 2 32 1 314.674568601
8 2 32 0 144.878326525
16 2 1 1 230.271349017
16 2 1 0 179.254193178
16 2 2 1 161.197736238
16 2 2 0 196.01865191
16 2 4 1 276.508171473
16 2 4 0 94.483179789
16 2 8 1 318.537968272
16 2 8 0 173.992278785
16 2 16 1 250.016307169
16 2 16 0 158.712600982
16 2 32 1 306.263445697
16 2 32 0 279.910279449
32 2 1 1 126.364367706
32 2 1 0 155.376958005
32 2 2 1 223.564704103
32 2 2 0 225.44049315
32 2 4 1 220.519965978
32 2 4 0 217.064982747
32 2 8 1 206.366950545
32 2 8 0 216.872595964
32 2 16 1 147.747952104
32 2 16 0 104.596316056
32 2 32 1 216.638536921
32 2 32 0 233.246850961
1 4 1 1 38.7409933119
1 4 1 0 38.0132377732
1 4 2 1 36.954467928
1 4 2 0 40.2621102672
1 4 4 1 54.2081293027
1 4 4 0 63.7472018166
1 4 8 1 60.0937056958
1 4 8 0 37.2278185801
1 4 16 1 104.067799239
1 4 16 0 43.7019668201
1 4 32 1 116.18413342
1 4 32 0 104.060045373
2 4 1 1 47.078248843
2 4 1 0 87.3186979646
2 4 2 1 82.3175527095
2 4 2 0 61.9769107004
2 4 4 1 80.3915290241
2 4 4 0 81.6250466736
2 4 8 1 74.3710226039
2 4 8 0 120.815215122
2 4 16 1 76.321446703
2 4 16 0 56.2860953081
2 4 32 1 240.481644281
2 4 32 0 102.377493779
4 4 1 1 65.2940475003
4 4 1 0 102.548428149
4 4 2 1 87.6855201894
4 4 2 0 96.0773021911
4 4 4 1 71.1351477278
4 4 4 0 124.178048604
4 4 8 1 231.958957452
4 4 8 0 85.8974375889
4 4 16 1 96.5015326219
4 4 16 0 125.780518241
4 4 32 1 162.658838128
4 4 32 0 138.264414727
8 4 1 1 96.1747305555
8 4 1 0 86.0670520645
8 4 2 1 169.64529249
8 4 2 0 246.552810284
8 4 4 1 79.9878556018
8 4 4 0 169.021358211
8 4 8 1 83.0791687267
8 4 8 0 143.060207629
8 4 16 1 270.850442588
8 4 16 0 79.9415990188
8 4 32 1 211.229575297
8 4 32 0 180.888316992
16 4 1 1 150.477834821
16 4 1 0 174.379162168
16 4 2 1 84.8633640507
16 4 2 0 122.158238264
16 4 4 1 91.8636423372
16 4 4 0 177.022251263
16 4 8 1 98.0210934365
16 4 8 0 148.516133719
16 4 16 1 92.2712411622
16 4 16 0 152.505538839
16 4 32 1 77.1527990153
16 4 32 0 147.451985942
32 4 1 1 212.907974882
32 4 1 0 97.1248782172
32 4 2 1 209.125475176
32 4 2 0 216.924378693
32 4 4 1 128.068470485
32 4 4 0 137.993356887
32 4 8 1 103.852396789
32 4 8 0 139.339273473
32 4 16 1 218.463161411
32 4 16 0 78.804870004
32 4 32 1 97.3417274998
32 4 32 0 150.015832909
1 8 1 1 32.0189015971
1 8 1 0 33.4238571811
1 8 2 1 41.6825932911
1 8 2 0 30.9601934486
1 8 4 1 70.6505012256
1 8 4 0 57.749371623
1 8 8 1 56.7531468867
1 8 8 0 60.0695920569
1 8 16 1 89.8110896053
1 8 16 0 53.7836713214
1 8 32 1 66.1430566302
1 8 32 0 98.7560304379
2 8 1 1 43.045330968
2 8 2 1 63.7640209847
2 8 2 0 67.479797205
2 8 4 1 110.983345317
2 8 4 0 73.4261963743
2 8 8 1 76.7488193157
2 8 8 0 48.8220168779
2 8 16 1 127.216087502
2 8 16 0 57.7286440989
2 8 32 1 202.403848655
2 8 32 0 75.0625299522
4 8 1 1 59.3165497735
4 8 1 0 184.712338436
4 8 2 1 62.931557753
4 8 2 0 203.139828581
4 8 4 1 185.13438757
4 8 4 0 59.7525048581
4 8 8 1 126.530462037
4 8 8 0 189.016375671
4 8 16 1 236.443495448
4 8 16 0 66.739106407
4 8 32 1 146.77150231
4 8 32 0 85.3289146661
8 8 1 1 98.6207671064
8 8 1 0 94.9682100968
8 8 2 1 107.836201017
8 8 2 0 166.449493223
8 8 4 1 155.972005602
8 8 4 0 256.81405531
8 8 8 1 52.2315117779
8 8 8 0 136.348276617
8 8 16 1 264.999878916
8 8 16 0 263.479581116
8 8 32 1 199.264570427
8 8 32 0 102.568923272
16 8 1 1 139.472590695
16 8 1 0 153.576692593
16 8 2 1 234.248304729
16 8 2 0 199.576824509
16 8 4 1 205.842397066
16 8 4 0 79.6940202697
16 8 8 1 72.1225590789
16 8 8 0 138.976340705
16 8 16 1 111.523275335
16 8 16 0 74.7964149353
16 8 32 1 149.349650948
16 8 32 0 144.776958003
32 8 1 1 139.671392531
32 8 1 0 70.33133165
32 8 2 1 87.6805082451
32 8 2 0 177.641988624
32 8 4 1 204.95189989
32 8 4 0 80.6010792576
32 8 8 1 148.90963324
32 8 8 0 134.78013158
32 8 16 1 141.10910297
32 8 16 0 179.545221714
32 8 32 1 99.3136042793
32 8 32 0 142.605568998
1 16 1 1 35.114198699
1 16 1 0 34.8203298668
1 16 2 1 34.6592466703
1 16 2 0 36.9049979229
1 16 4 1 64.0661160619
1 16 4 0 70.6450883682
1 16 8 1 39.8759587958
1 16 8 0 78.9822841792
1 16 16 1 25.5123004398
1 16 16 0 43.4753841271
1 16 32 1 44.3137556253
1 16 32 0 56.0628421544
2 16 1 1 39.2658549739
2 16 1 0 60.5949791257
2 16 2 1 65.5791573917
2 16 2 0 62.5598568497
2 16 4 1 74.4916437823
2 16 4 0 58.3547651403
2 16 8 1 117.670872432
2 16 8 0 59.8344945901
2 16 16 1 47.2805673384
2 16 16 0 80.7130084329
2 16 32 1 93.3715894172
2 16 32 0 58.8297437164
4 16 1 1 54.4983528586
4 16 1 0 68.3847741567
4 16 2 1 68.8385582749
4 16 2 0 78.2573948817
4 16 4 1 120.845062345
4 16 4 0 127.37245667
4 16 8 1 73.6392663405
4 16 8 0 119.315343905
4 16 16 1 65.6864792713
4 16 16 0 64.6977588658
4 16 32 1 88.1695031522
4 16 32 0 100.259041122
8 16 1 1 66.1322157358
8 16 1 0 91.4274544891
8 16 2 1 131.872479837
8 16 2 0 100.137817383
8 16 4 1 114.10532369
8 16 4 0 218.149917596
8 16 8 1 68.5234245761
8 16 8 0 131.831324376
8 16 16 1 104.169868633
8 16 16 0 217.382842756
8 16 32 1 156.961473225
8 16 32 0 100.542985715
16 16 1 1 81.6659976731
16 16 1 0 93.8048396957
16 16 2 1 114.509367765
16 16 2 0 74.5580902818
16 16 4 1 130.811533472
16 16 4 0 127.016115019
16 16 8 1 166.173727497
16 16 8 0 216.320851761
16 16 16 1 101.4079517
16 16 16 0 76.011632588
16 16 32 1 132.134075777
16 16 32 0 184.192585898
32 16 1 1 204.433032121
32 16 1 0 106.715471382
32 16 2 1 169.496650878
32 16 2 0 106.172035607
32 16 4 1 94.542692992
32 16 4 0 173.518053599
32 16 8 1 138.51954723
32 16 8 0 127.801317966
32 16 16 1 144.719357803
32 16 16 0 126.327996754
32 16 32 1 227.912074867
32 16 32 0 224.270860171
1 32 1 1 30.8936331196
1 32 1 0 25.0977489376
1 32 2 1 29.7541071288
1 32 2 0 41.4464665552
1 32 4 1 53.6346505099
1 32 4 0 44.070813749
1 32 8 1 46.8969574425
1 32 8 0 40.9008131187
1 32 16 1 59.6396806496
1 32 16 0 41.4733721033
1 32 32 1 55.8535299735
1 32 32 0 53.1898726493
2 32 1 1 43.9648680405
2 32 1 0 46.7275699105
2 32 2 1 53.8818619615
2 32 2 0 65.0057005984
2 32 4 1 74.1194000261
2 32 4 0 54.1589085239
2 32 8 1 88.5725893252
2 32 8 0 36.7887485109
2 32 16 1 51.851790925
2 32 16 0 67.6557672755
2 32 32 1 67.6220087279
2 32 32 0 151.258980323
4 32 1 1 48.8570093406
4 32 1 0 74.2680176896
4 32 2 1 60.8449986797
4 32 2 0 84.5788506771
4 32 4 1 113.244941598
4 32 4 0 156.194350236
4 32 8 1 180.509914983
4 32 8 0 54.3636549426
4 32 16 1 80.1987761415
4 32 16 0 139.474556623
4 32 32 1 176.991715001
4 32 32 0 82.9448058932
8 32 1 1 89.6413383407
8 32 1 0 55.9971731027
8 32 2 1 56.3138977215
8 32 2 0 226.040777473
8 32 4 1 97.4915027883
8 32 4 0 88.2892859445
8 32 8 1 108.443809578
8 32 8 0 111.019832286
8 32 16 1 148.784531427
8 32 16 0 262.915011475
8 32 32 1 39.6968652856
8 32 32 0 198.784943229
16 32 1 1 86.315001009
16 32 1 0 208.278286094
16 32 2 1 92.3548253862
16 32 2 0 244.641419356
16 32 4 1 68.3088441875
16 32 4 0 78.1038745555
16 32 8 1 111.578931624
16 32 8 0 146.520586057
16 32 16 1 228.431670297
16 32 16 0 93.654847582
16 32 32 1 148.405985035
16 32 32 0 85.3440643038
32 32 1 1 95.9904491934
32 32 1 0 108.18728761
32 32 2 1 120.303659261
32 32 2 0 200.752303612
32 32 4 1 83.9252243041
32 32 4 0 97.0572139874
32 32 8 1 87.328767103
32 32 8 0 89.0770391259
32 32 16 1 171.61369029
32 32 16 0 146.820990273
32 32 32 1 86.2710868754
32 32 32 0 68.2899902973
1 1 1 1 62.9999441948
1 1 1 0 110.999240776
1 1 2 1 122.682202451
1 1 2 0 120.730295543
1 1 4 1 151.524963191
1 1 4 0 168.299049289
1 1 8 1 169.132061676
1 1 8 0 165.298837385
1 1 16 1 150.34680199
1 1 16 0 169.828832906
1 1 32 1 166.807788129
1 1 32 0 153.006449256
2 1 1 1 127.162694719
2 1 1 0 127.493691918
2 1 2 1 110.640992672
2 1 2 0 126.8379828
2 1 4 1 176.207798911
2 1 4 0 153.731390181
2 1 8 1 156.105774844
2 1 8 0 180.717424179
2 1 16 1 179.911256215
2 1 16 0 152.654235385
2 1 32 1 166.10447481
2 1 32 0 168.80653064
4 1 1 1 151.796231106
4 1 1 0 141.866869318
4 1 2 1 164.266165126
4 1 2 0 154.569420586
4 1 4 1 186.082583933
4 1 4 0 194.534348693
4 1 8 1 168.205601755
4 1 8 0 175.340993556
4 1 16 1 181.371935713
4 1 16 0 154.964899341
4 1 32 1 196.063908259
4 1 32 0 176.534921516
8 1 1 1 161.288875721
8 1 1 0 197.682226192
8 1 2 1 187.124623919
8 1 2 0 193.401140079
8 1 4 1 167.611842514
8 1 4 0 167.053639986
8 1 8 1 162.893903799
8 1 8 0 180.556604717
8 1 16 1 157.838300461
8 1 16 0 187.282729128
8 1 32 1 189.637629153
8 1 32 0 177.434476785
16 1 1 1 158.329066605
16 1 1 0 168.084223807
16 1 2 1 147.520628425
16 1 2 0 175.197995862
16 1 4 1 172.659080696
16 1 4 0 163.753035299
16 1 8 1 173.546952354
16 1 8 0 143.732485041
16 1 16 1 177.690185478
16 1 16 0 146.621348377
16 1 32 1 178.837779513
16 1 32 0 138.486702493
32 1 1 1 144.982952584
32 1 1 0 155.788266511
32 1 2 1 131.325969637
32 1 2 0 143.647930655
32 1 4 1 138.305079989
32 1 4 0 163.469237
32 1 8 1 148.56884826
32 1 8 0 149.873335004
32 1 16 1 173.029467087
32 1 16 0 154.354636095
32 1 32 1 131.185724899
32 1 32 0 143.260737801
1 2 1 1 83.0524051161
1 2 1 0 98.5369129875
1 2 2 1 125.88708517
1 2 2 0 123.417805543
1 2 4 1 136.859677128
1 2 4 0 136.102008057
1 2 8 1 156.364025197
1 2 8 0 139.084807612
1 2 16 1 164.62561849
1 2 16 0 161.814312918
1 2 32 1 139.081395375
1 2 32 0 163.881833237
2 2 1 1 105.878602388
2 2 1 0 131.113391292
2 2 2 1 150.816578925
2 2 2 0 140.91867834
2 2 4 1 167.664616606
2 2 4 0 166.172257698
2 2 8 1 181.526246355
2 2 8 0 159.385318296
2 2 16 1 134.888467873
2 2 16 0 162.690842793
2 2 32 1 162.618947944
2 2 32 0 172.35156134
4 2 1 1 125.498098004
4 2 1 0 168.645943053
4 2 2 1 164.124497504
4 2 2 0 158.283306901
4 2 4 1 170.198680342
4 2 4 0 156.63922541
4 2 8 1 154.830939774
4 2 8 0 161.88612261
4 2 16 1 178.772832229
4 2 16 0 165.654456123
4 2 32 1 154.608943701
4 2 32 0 196.936070906
8 2 1 1 158.865428848
8 2 1 0 150.236908362
8 2 2 1 169.054362601
8 2 2 0 213.968022697
8 2 4 1 99.7582224804
8 2 4 0 156.051851695
8 2 8 1 160.747163995
8 2 8 0 137.504176071
8 2 16 1 142.934072118
8 2 16 0 165.959777597
8 2 32 1 132.690420154
8 2 32 0 160.967161642
16 2 1 1 159.462418806
16 2 1 0 158.821944108
16 2 2 1 162.320985751
16 2 2 0 165.951584323
16 2 4 1 149.191797338
16 2 4 0 178.569394657
16 2 8 1 145.254776996
16 2 8 0 181.235752866
16 2 16 1 200.752498513
16 2 16 0 131.532590095
16 2 32 1 181.069008033
16 2 32 0 195.707735854
32 2 1 1 145.248611166
32 2 1 0 149.944560382
32 2 2 1 127.812427682
32 2 2 0 142.850784998
32 2 4 1 152.290845358
32 2 4 0 177.661409301
32 2 8 1 155.328386826
32 2 8 0 126.621074967
32 2 16 1 100.957655542
32 2 16 0 117.90920518
32 2 32 1 132.113228579
32 2 32 0 145.393974241
1 4 1 1 97.9283301462
1 4 1 0 87.5859724328
1 4 2 1 117.071250008
1 4 2 0 109.170011231
1 4 4 1 127.262661073
1 4 4 0 130.539514937
1 4 8 1 135.144038598
1 4 8 0 124.164686596
1 4 16 1 122.800022294
1 4 16 0 126.90863852
1 4 32 1 141.453033311
1 4 32 0 129.431384611
2 4 1 1 108.279852292
2 4 1 0 107.410461343
2 4 2 1 136.628225904
2 4 2 0 129.273894878
2 4 4 1 144.878486074
2 4 4 0 135.558974089
2 4 8 1 148.691438351
2 4 8 0 153.56012908
2 4 16 1 126.430454623
2 4 16 0 130.198596281
2 4 32 1 109.034795723
2 4 32 0 158.361807594
4 4 1 1 133.193533366
4 4 1 0 137.381028204
4 4 2 1 143.640090547
4 4 2 0 149.175117856
4 4 4 1 151.402477577
4 4 4 0 144.372443278
4 4 8 1 119.776102376
4 4 8 0 140.150349921
4 4 16 1 135.853397816
4 4 16 0 152.343041098
4 4 32 1 134.316959419
4 4 32 0 153.843004599
8 4 1 1 158.569074488
8 4 1 0 145.024703172
8 4 2 1 153.512758447
8 4 2 0 164.519453624
8 4 4 1 144.522101104
8 4 4 0 158.131307145
8 4 8 1 150.557680616
8 4 8 0 140.942151667
8 4 16 1 134.733262539
8 4 16 0 135.244464559
8 4 32 1 144.666920889
8 4 32 0 143.873988994
16 4 1 1 165.208014342
16 4 1 0 137.908850888
16 4 2 1 164.011077605
16 4 2 0 174.319643726
16 4 4 1 145.470901245
16 4 4 0 167.917613189
16 4 8 1 138.287791821
16 4 8 0 142.950875641
16 4 16 1 145.156166399
16 4 16 0 157.729770174
16 4 32 1 133.613197272
16 4 32 0 136.86978636
32 4 1 1 137.831007648
32 4 1 0 142.582263502
32 4 2 1 160.983901343
32 4 2 0 140.555523495
32 4 4 1 127.07981343
32 4 4 0 140.982554701
32 4 8 1 155.076340718
32 4 8 0 142.567910888
32 4 16 1 140.342366169
32 4 16 0 108.487429539
32 4 32 1 125.699133758
32 4 32 0 113.726057914
1 8 1 1 86.766652623
1 8 1 0 84.4694467006
1 8 2 1 101.866756881
1 8 2 0 78.4527005867
1 8 4 1 114.003800878
1 8 4 0 130.070942232
1 8 8 1 132.535907674
1 8 8 0 137.764706369
1 8 16 1 133.71730139
1 8 16 0 137.249290114
1 8 32 1 124.727268878
1 8 32 0 120.260234441
2 8 1 1 105.652991477
2 8 1 0 114.530992237
2 8 2 1 124.562709158
2 8 2 0 133.757216022
2 8 4 1 153.391043882
2 8 4 0 151.668568912
2 8 8 1 134.067135028
2 8 8 0 131.968126499
2 8 16 1 158.030624206
2 8 16 0 151.237966278
2 8 32 1 151.032062534
2 8 32 0 141.250909677
4 8 1 1 124.133251436
4 8 1 0 129.813491338
4 8 2 1 123.305785112
4 8 2 0 147.43776721
4 8 4 1 134.730648953
4 8 4 0 135.69322645
4 8 8 1 164.476004546
4 8 8 0 154.169008809
4 8 16 1 155.276401657
4 8 16 0 153.892950336
4 8 32 1 141.319286376
4 8 32 0 123.692723823
8 8 1 1 149.287468657
8 8 1 0 132.495479838
8 8 2 1 155.898311749
8 8 2 0 170.502452866
8 8 4 1 154.10976846
8 8 4 0 150.881279889
8 8 8 1 148.67932832
8 8 8 0 136.200493714
8 8 16 1 139.622743552
8 8 16 0 165.19486005
8 8 32 1 121.97928752
8 8 32 0 131.26402788
16 8 1 1 141.167215777
16 8 1 0 162.781293476
16 8 2 1 166.166136412
16 8 2 0 163.342116835
16 8 4 1 151.230606021
16 8 4 0 156.718937015
16 8 8 1 133.892297379
16 8 8 0 155.865909609
16 8 16 1 134.992206403
16 8 16 0 129.442782648
16 8 32 1 148.021805559
16 8 32 0 154.080040854
32 8 1 1 161.084449822
32 8 1 0 138.316325089
32 8 2 1 135.09044044
32 8 2 0 120.652995946
32 8 4 1 130.552092181
32 8 4 0 150.165222284
32 8 8 1 125.140692454
32 8 8 0 140.741522142
32 8 16 1 152.897348937
32 8 16 0 131.890482516
32 8 32 1 151.17337313
32 8 32 0 134.498600411
1 16 1 1 88.1168462587
1 16 1 0 82.1327352293
1 16 2 1 106.077313447
1 16 2 0 88.517041136
1 16 4 1 108.703482054
1 16 4 0 112.12465063
1 16 8 1 131.151462887
1 16 8 0 122.821557971
1 16 16 1 125.564464664
1 16 16 0 121.42173749
1 16 32 1 134.819056544
1 16 32 0 98.1173896519
2 16 1 1 113.006800519
2 16 1 0 116.899725382
2 16 2 1 104.419293442
2 16 2 0 130.424206609
2 16 4 1 120.779375301
2 16 4 0 93.845606523
2 16 8 1 139.050195011
2 16 8 0 154.444740311
2 16 16 1 117.54479935
2 16 16 0 153.182618226
2 16 32 1 105.834459401
2 16 32 0 145.563797971
4 16 1 1 120.175004035
4 16 1 0 142.355827603
4 16 2 1 132.394430326
4 16 2 0 120.6985401
4 16 4 1 127.001869052
4 16 4 0 146.455256353
4 16 8 1 129.357597561
4 16 8 0 143.293543288
4 16 16 1 136.34606127
4 16 16 0 144.287392553
4 16 32 1 132.516021363
4 16 32 0 120.320989173
8 16 1 1 111.783240581
8 16 1 0 132.279009801
8 16 2 1 134.088526821
8 16 2 0 155.007649047
8 16 4 1 150.455939166
8 16 4 0 155.425666415
8 16 8 1 144.492493097
8 16 8 0 115.951235748
8 16 16 1 129.859300929
8 16 16 0 129.580828554
8 16 32 1 125.253963941
8 16 32 0 133.718622685
16 16 1 1 157.358488143
16 16 1 0 143.805218368
16 16 2 1 168.095013348
16 16 2 0 146.415171845
16 16 4 1 150.125241188
16 16 4 0 167.898325367
16 16 8 1 137.471597964
16 16 8 0 154.59254639
16 16 16 1 124.665273734
16 16 16 0 138.345910349
16 16 32 1 128.423088229
16 16 32 0 146.163584151
32 16 1 1 131.932234775
32 16 1 0 146.694891344
32 16 2 1 120.227767872
32 16 2 0 134.221933727
32 16 4 1 109.911775157
32 16 4 0 135.909699072
32 16 8 1 111.449078619
32 16 8 0 134.844641814
32 16 16 1 136.467093467
32 16 16 0 130.998057274
32 16 32 1 112.83578903
32 16 32 0 131.892431418
1 32 1 1 78.9795860151
1 32 1 0 81.0717338545
1 32 2 1 98.5740468753
1 32 2 0 98.2182914525
1 32 4 1 114.048673021
1 32 4 0 123.252212072
1 32 8 1 99.706729068
1 32 8 0 126.328283362
1 32 16 1 108.772310211
1 32 16 0 129.307692967
1 32 32 1 118.347489175
1 32 32 0 118.310501318
2 32 1 1 85.5119228977
2 32 1 0 100.799725427
2 32 2 1 118.741225
2 32 2 0 113.914626426
2 32 4 1 106.955246148
2 32 4 0 129.159212037
2 32 8 1 116.787845907
2 32 8 0 104.619953256
2 32 16 1 130.595765725
2 32 16 0 122.848043906
2 32 32 1 135.540832839
2 32 32 0 135.872670198
4 32 1 1 120.726772511
4 32 1 0 133.733636138
4 32 2 1 107.558120053
4 32 2 0 127.182070837
4 32 4 1 111.266004574
4 32 4 0 140.399386714
4 32 8 1 110.94720455
4 32 8 0 137.446276112
4 32 16 1 130.478653561
4 32 16 0 117.635818126
4 32 32 1 133.424084096
4 32 32 0 133.94214335
8 32 1 1 126.022894276
8 32 1 0 149.851428173
8 32 2 1 124.208323928
8 32 2 0 157.567562049
8 32 4 1 130.547216992
8 32 4 0 132.83810851
8 32 8 1 87.7696191521
8 32 8 0 136.815979919
8 32 16 1 111.085490027
8 32 16 0 132.582242896
8 32 32 1 107.564231436
8 32 32 0 138.97503605
16 32 1 1 132.164198395
16 32 1 0 141.590522152
16 32 2 1 132.39046943
16 32 2 0 142.324357785
16 32 4 1 132.384227739
16 32 4 0 140.235954761
16 32 8 1 115.989424647
16 32 8 0 137.02325125
16 32 16 1 114.235234114
16 32 16 0 125.828490975
16 32 32 1 126.332620265
16 32 32 0 117.910318698
32 32 1 1 128.195080654
32 32 1 0 115.652436385
32 32 2 1 112.728786996
32 32 2 0 106.991858592
32 32 4 1 120.620199075
32 32 4 0 146.142442857
32 32 8 1 108.867448758
32 32 8 0 138.780276092
32 32 16 1 95.3774736677
32 32 16 0 113.544258706
32 32 32 1 92.5495374675
32 32 32 0 136.877806938
1 1 1 1 75.5700851686
1 1 1 0 108.788219494
1 1 2 1 158.797280834
1 1 2 0 155.050076485
1 1 4 1 218.850804596
1 1 4 0 231.481691414
1 1 8 1 235.529841724
1 1 8 0 258.374819575
1 1 16 1 260.078212693
1 1 16 0 247.261871544
1 1 32 1 237.378989159
1 1 32 0 191.697396126
2 1 1 1 175.956307046
2 1 1 0 181.58049366
2 1 2 1 227.438868232
2 1 2 0 227.83784892
2 1 4 1 279.933421245
2 1 4 0 302.350744677
2 1 8 1 344.883127061
2 1 8 0 262.129732542
2 1 16 1 296.115711988
2 1 16 0 279.022930054
2 1 32 1 258.771888181
2 1 32 0 328.252531697
4 1 1 1 247.028888527
4 1 1 0 224.264065128
4 1 2 1 236.952977737
4 1 2 0 272.750159019
4 1 4 1 171.485140291
4 1 4 0 138.215306477
4 1 8 1 295.43858547
4 1 8 0 328.559091906
4 1 16 1 293.812765704
4 1 16 0 268.746437874
4 1 32 1 285.437773588
4 1 32 0 310.537514183
8 1 1 1 294.846694751
8 1 1 0 259.210519291
8 1 2 1 318.531052674
8 1 2 0 334.343095928
8 1 4 1 308.946800098
8 1 4 0 300.012441161
8 1 8 1 288.1448478
8 1 8 0 299.973739351
8 1 16 1 372.751284783
8 1 16 0 340.491463403
8 1 32 1 362.502997268
8 1 32 0 263.230957566
16 1 1 1 285.715837828
16 1 1 0 332.393328045
16 1 2 1 318.016515944
16 1 2 0 331.596239133
16 1 4 1 277.959159685
16 1 4 0 309.000734243
16 1 8 1 311.875081036
16 1 8 0 281.087873544
16 1 16 1 266.74496518
16 1 16 0 357.625110965
16 1 32 1 349.245951122
16 1 32 0 380.952080668
32 1 1 1 312.352523505
32 1 1 0 290.114460427
32 1 2 1 261.404601912
32 1 2 0 316.359461434
32 1 4 1 301.681974928
32 1 4 0 245.606908161
32 1 8 1 276.834341253
32 1 8 0 292.122271102
32 1 16 1 352.244736808
32 1 16 0 286.020515404
32 1 32 1 282.98190126
32 1 32 0 276.667628472
1 2 1 1 119.41715098
1 2 1 0 121.934122381
1 2 2 1 172.492155026
1 2 2 0 155.697652495
1 2 4 1 175.749241988
1 2 4 0 209.158246324
1 2 8 1 243.327715957
1 2 8 0 248.032049717
1 2 16 1 226.854633549
1 2 16 0 205.068008445
1 2 32 1 235.926529011
1 2 32 0 235.336585629
2 2 1 1 190.535458425
2 2 1 0 167.525528922
2 2 2 1 235.872723757
2 2 2 0 223.786951478
2 2 4 1 270.747012767
2 2 4 0 263.961104781
2 2 8 1 271.446493819
2 2 8 0 244.172876304
2 2 16 1 319.24193347
2 2 16 0 276.2007316
2 2 32 1 274.176676718
2 2 32 0 290.971800432
4 2 1 1 264.082774353
4 2 1 0 266.472621055
4 2 2 1 266.694971998
4 2 2 0 232.892317433
4 2 4 1 273.462341882
4 2 4 0 330.027936604
4 2 8 1 308.211333485
4 2 8 0 319.07929026
4 2 16 1 331.273000104
4 2 16 0 288.618142802
4 2 32 1 297.968563479
4 2 32 0 317.973439751
8 2 1 1 266.66254072
8 2 1 0 303.228884729
8 2 2 1 310.581887281
8 2 2 0 264.988254179
8 2 4 1 330.049176624
8 2 4 0 333.656894309
8 2 8 1 283.494056535
8 2 8 0 286.119597513
8 2 16 1 326.179883378
8 2 16 0 337.684911247
8 2 32 1 299.021130057
8 2 32 0 335.441801523
16 2 1 1 284.793564078
16 2 1 0 275.30564867
16 2 2 1 330.795399132
16 2 2 0 322.430517856
16 2 4 1 277.002114745
16 2 4 0 212.678292043
16 2 8 1 222.983522926
16 2 8 0 286.824767104
16 2 16 1 286.607775884
16 2 16 0 254.616484984
16 2 32 1 321.419180184
16 2 32 0 314.580623971
32 2 1 1 293.736727278
32 2 1 0 251.586893557
32 2 2 1 297.210618379
32 2 2 0 284.936749881
32 2 4 1 249.633779235
32 2 4 0 274.098926822
32 2 8 1 267.209755958
32 2 8 0 300.239554121
32 2 16 1 286.945819658
32 2 16 0 274.484364185
32 2 32 1 286.097098545
32 2 32 0 281.740516418
1 4 1 1 119.527397484
1 4 1 0 118.769764351
1 4 2 1 143.338188428
1 4 2 0 149.941788781
1 4 4 1 180.198852111
1 4 4 0 203.301146339
1 4 8 1 216.48932656
1 4 8 0 204.850614599
1 4 16 1 208.701808445
1 4 16 0 221.765952871
1 4 32 1 234.830218906
1 4 32 0 217.267655887
2 4 1 1 159.2245949
2 4 1 0 172.407651587
2 4 2 1 187.650977074
2 4 2 0 214.90181863
2 4 4 1 224.392603456
2 4 4 0 237.374193854
2 4 8 1 219.586807432
2 4 8 0 243.503677464
2 4 16 1 227.553679321
2 4 16 0 234.547771023
2 4 32 1 221.178179863
2 4 32 0 206.166687701
4 4 1 1 220.826293144
4 4 1 0 220.455919872
4 4 2 1 216.846716317
4 4 2 0 256.958378404
4 4 4 1 242.065671697
4 4 4 0 291.317431437
4 4 8 1 293.553438265
4 4 8 0 279.267881007
4 4 16 1 234.208544435
4 4 16 0 278.098503776
4 4 32 1 231.869052356
4 4 32 0 276.616984368
8 4 1 1 222.110305547
8 4 1 0 251.548348151
8 4 2 1 263.119527672
8 4 2 0 243.273741225
8 4 4 1 235.196908535
8 4 4 0 248.743970717
8 4 8 1 276.190039023
8 4 8 0 282.074794184
8 4 16 1 304.583496729
8 4 16 0 257.773615672
8 4 32 1 264.560031145
8 4 32 0 290.026888761
16 4 1 1 265.018370784
16 4 1 0 288.231227033
16 4 2 1 314.264923477
16 4 2 0 285.094494279
16 4 4 1 258.155539265
16 4 4 0 257.726405933
16 4 8 1 274.912137688
16 4 8 0 283.705224778
16 4 16 1 272.498677281
16 4 16 0 261.059434879
16 4 32 1 255.344162222
16 4 32 0 237.577122557
32 4 1 1 269.147468578
32 4 1 0 288.138534228
32 4 2 1 301.800392395
32 4 2 0 328.455932884
32 4 4 1 266.682307094
32 4 4 0 277.861709239
32 4 8 1 160.379274087
32 4 8 0 303.135167727
32 4 16 1 245.216441995
32 4 16 0 267.059428843
32 4 32 1 227.288811566
32 4 32 0 257.326033341
1 8 1 1 103.533882834
1 8 1 0 118.974425412
1 8 2 1 158.304451202
1 8 2 0 69.7556466787
1 8 4 1 62.5190071546
1 8 4 0 177.001981851
1 8 8 1 194.18213396
1 8 8 0 198.427913492
1 8 16 1 207.110969009
1 8 16 0 199.186464268
1 8 32 1 213.75691481
1 8 32 0 213.628584647
2 8 1 1 145.443065474
2 8 1 0 171.43564213
2 8 2 1 206.596635885
2 8 2 0 189.305398596
2 8 4 1 199.294417764
2 8 4 0 235.179701177
2 8 8 1 234.227924795
2 8 8 0 258.066540595
2 8 16 1 238.030880536
2 8 16 0 257.821191313
2 8 32 1 250.615603915
2 8 32 0 216.844642619
4 8 1 1 212.910735688
4 8 1 0 207.17828395
4 8 2 1 210.71345706
4 8 2 0 270.744286805
4 8 4 1 259.083663774
4 8 4 0 233.678582719
4 8 8 1 285.956896369
4 8 8 0 299.314364396
4 8 16 1 232.816032372
4 8 16 0 266.836554889
4 8 32 1 252.087788455
4 8 32 0 261.843009395
8 8 1 1 249.844440401
8 8 1 0 210.395143461
8 8 2 1 259.217983365
8 8 2 0 261.55727159
8 8 4 1 237.376114639
8 8 4 0 289.892965919
8 8 8 1 267.726052646
8 8 8 0 258.426947631
8 8 16 1 263.007713881
8 8 16 0 290.564182059
8 8 32 1 241.529437945
8 8 32 0 267.135532382
16 8 1 1 300.558956231
16 8 1 0 283.666529892
16 8 2 1 258.497955197
16 8 2 0 276.092062293
16 8 4 1 275.489393096
16 8 4 0 309.30192791
16 8 8 1 281.707557861
16 8 8 0 307.560764368
16 8 16 1 279.602873426
16 8 16 0 252.074624907
16 8 32 1 270.641369486
16 8 32 0 253.484929465
32 8 1 1 285.249465144
32 8 1 0 309.86778231
32 8 2 1 265.208653586
32 8 2 0 287.049256282
32 8 4 1 192.519521187
32 8 4 0 288.772973507
32 8 8 1 306.978314754
32 8 8 0 260.23040198
32 8 16 1 279.816737272
32 8 16 0 256.293258536
32 8 32 1 262.7102985
32 8 32 0 206.905826801
1 16 1 1 113.536879098
1 16 1 0 108.852773291
1 16 2 1 146.416749875
1 16 2 0 133.717466695
1 16 4 1 178.025641288
1 16 4 0 183.487165594
1 16 8 1 203.486406394
1 16 8 0 216.389703733
1 16 16 1 192.475169316
1 16 16 0 203.410510146
1 16 32 1 180.435716691
1 16 32 0 200.058533068
2 16 1 1 148.916495447
2 16 1 0 164.550670722
2 16 2 1 203.963164722
2 16 2 0 201.123433164
2 16 4 1 221.89280469
2 16 4 0 234.411058721
2 16 8 1 218.178176375
2 16 8 0 224.136500291
2 16 16 1 230.65643147
2 16 16 0 251.256405603
2 16 32 1 229.840397172
2 16 32 0 259.52131433
4 16 1 1 201.573729946
4 16 1 0 191.813869882
4 16 2 1 215.765195405
4 16 2 0 239.657458475
4 16 4 1 250.370926181
4 16 4 0 264.408619968
4 16 8 1 269.241787244
4 16 8 0 262.819653036
4 16 16 1 226.105100598
4 16 16 0 228.626055818
4 16 32 1 218.629063146
4 16 32 0 290.619075894
8 16 1 1 239.207099758
8 16 1 0 226.653203138
8 16 2 1 295.585117642
8 16 2 0 259.008048221
8 16 4 1 262.479971082
8 16 4 0 280.958783985
8 16 8 1 282.059279955
8 16 8 0 298.804560763
8 16 16 1 236.122084687
8 16 16 0 242.928081357
8 16 32 1 275.228069835
8 16 32 0 248.771629109
16 16 1 1 289.025254093
16 16 1 0 299.426377728
16 16 2 1 302.72574593
16 16 2 0 288.609485293
16 16 4 1 258.901921818
16 16 4 0 269.802357407
16 16 8 1 262.37894003
16 16 8 0 244.163922827
16 16 16 1 224.763050033
16 16 16 0 241.911617383
16 16 32 1 237.542992301
16 16 32 0 253.460133507
32 16 1 1 240.040764409
32 16 1 0 295.416344605
32 16 2 1 252.557241193
32 16 2 0 288.617904515
32 16 4 1 275.901525023
32 16 4 0 223.463700674
32 16 8 1 273.811885431
32 16 8 0 282.952850358
32 16 16 1 255.291561306
32 16 16 0 255.736032501
32 16 32 1 255.633987572
32 16 32 0 207.379015295
1 32 1 1 104.562625257
1 32 1 0 110.063702182
1 32 2 1 130.753171434
1 32 2 0 132.754084047
1 32 4 1 169.886373061
1 32 4 0 168.381945813
1 32 8 1 176.359781139
1 32 8 0 196.083616473
1 32 16 1 174.925219682
1 32 16 0 180.316036251
1 32 32 1 169.685164834
1 32 32 0 211.998833818
2 32 1 1 156.839086399
2 32 1 0 161.448768692
2 32 2 1 168.799211935
2 32 2 0 196.112033556
2 32 4 1 201.749866889
2 32 4 0 215.065075631
2 32 8 1 185.247462759
2 32 8 0 206.45386243
2 32 16 1 205.626039812
2 32 16 0 222.656040006
2 32 32 1 210.376425496
2 32 32 0 204.470303216
4 32 1 1 181.140667001
4 32 1 0 191.828105719
4 32 2 1 183.052641606
4 32 2 0 201.476123959
4 32 4 1 211.348318603
4 32 4 0 237.75853927
4 32 8 1 204.488523184
4 32 8 0 267.864576319
4 32 16 1 217.729337649
4 32 16 0 237.332911203
4 32 32 1 203.069912396
4 32 32 0 247.42000132
8 32 1 1 212.35438448
8 32 1 0 234.581386997
8 32 2 1 203.519616473
8 32 2 0 252.518109095
8 32 4 1 249.936464284
8 32 4 0 249.445690628
8 32 8 1 251.824687739
8 32 8 0 216.18292293
8 32 16 1 215.778879801
8 32 16 0 258.277193774
8 32 32 1 238.379503733
8 32 32 0 244.794641566
16 32 1 1 245.81347528
16 32 1 0 277.0126142
16 32 2 1 251.258678017
16 32 2 0 292.968210162
16 32 4 1 234.137000886
16 32 4 0 308.037157204
16 32 8 1 213.330848941
16 32 8 0 192.925784894
16 32 16 1 289.897753903
16 32 16 0 263.01012138
16 32 32 1 235.96070066
16 32 32 0 179.430993358
32 32 1 1 209.261529113
32 32 1 0 272.863400982
32 32 2 1 199.741146299
32 32 2 0 128.893223266
32 32 4 1 238.056275233
32 32 4 0 267.90397309
32 32 8 1 212.048557012
32 32 8 0 242.53272995
32 32 16 1 215.803977921
32 32 16 0 237.321136059
32 32 32 1 207.515290241
32 32 32 0 219.291008312
1 1 1 1 93.6811999885
1 1 1 0 126.617364953
1 1 2 1 183.379336293
1 1 2 0 197.770670876
1 1 4 1 284.610134901
1 1 4 0 232.228619057
1 1 8 1 309.498812384
1 1 8 0 328.828554799
1 1 16 1 331.847680037
1 1 16 0 326.500783777
1 1 32 1 274.883685807
1 1 32 0 319.739840581
2 1 1 1 222.949446249
2 1 1 0 235.440000736
2 1 2 1 301.136967918
2 1 2 0 307.241767305
2 1 4 1 384.148577596
2 1 4 0 405.96217469
2 1 8 1 434.473887122
2 1 8 0 425.799129379
2 1 16 1 461.365676307
2 1 16 0 449.775197739
2 1 32 1 466.342226262
2 1 32 0 451.646378743
4 1 1 1 391.997500123
4 1 1 0 364.234182719
4 1 2 1 368.671127451
4 1 2 0 452.718855878
4 1 4 1 509.74123434
4 1 4 0 483.898554301
4 1 8 1 440.793505555
4 1 8 0 476.163911004
4 1 16 1 531.362226068
4 1 16 0 615.604512737
4 1 32 1 484.60192687
4 1 32 0 476.497386809
8 1 1 1 410.321768292
8 1 1 0 453.849904846
8 1 2 1 319.351972694
8 1 2 0 429.151514166
8 1 4 1 476.127322279
8 1 4 0 535.484032566
8 1 8 1 366.981455551
8 1 8 0 332.238475488
8 1 16 1 532.195209069
8 1 16 0 614.57765638
8 1 32 1 418.352217403
8 1 32 0 531.592987408
16 1 1 1 581.057868457
16 1 1 0 278.35960253
16 1 2 1 592.91291055
16 1 2 0 523.69431233
16 1 4 1 494.390362833
16 1 4 0 519.710835731
16 1 8 1 606.867091803
16 1 8 0 525.261040559
16 1 16 1 486.752972532
16 1 16 0 471.576809413
16 1 32 1 507.683131387
16 1 32 0 663.365540822
32 1 1 1 647.616006323
32 1 1 0 663.870347192
32 1 2 1 471.518210618
32 1 2 0 454.568255585
32 1 4 1 374.757435483
32 1 4 0 613.747759965
32 1 8 1 550.300665789
32 1 8 0 498.60465302
32 1 16 1 546.62750621
32 1 16 0 584.176876246
32 1 32 1 447.362218307
32 1 32 0 596.673736943
1 2 1 1 135.576054743
1 2 1 0 127.786675232
1 2 2 1 186.752889356
1 2 2 0 186.274003739
1 2 4 1 287.287512224
1 2 4 0 300.642177481
1 2 8 1 317.082236244
1 2 8 0 348.379022717
1 2 16 1 274.656194679
1 2 16 0 291.750263799
1 2 32 1 307.95313121
1 2 32 0 378.822707885
2 2 1 1 227.12886787
2 2 1 0 243.317909217
2 2 2 1 293.410424286
2 2 2 0 315.684361681
2 2 4 1 390.72975766
2 2 4 0 377.247338068
2 2 8 1 477.621861585
2 2 8 0 266.448587682
2 2 16 1 436.149825988
2 2 16 0 432.011161103
2 2 32 1 485.825305654
2 2 32 0 389.052159072
4 2 1 1 365.400562235
4 2 1 0 306.557315428
4 2 2 1 405.441326951
4 2 2 0 394.338196475
4 2 4 1 459.728649557
4 2 4 0 529.889167497
4 2 8 1 508.360016224
4 2 8 0 564.278090007
4 2 16 1 503.825062706
4 2 16 0 456.865055745
4 2 32 1 414.507294871
4 2 32 0 515.641647642
8 2 1 1 450.919121551
8 2 1 0 440.576890333
8 2 2 1 490.086402141
8 2 2 0 409.561768945
8 2 4 1 335.76728681
8 2 4 0 601.261020895
8 2 8 1 596.024426964
8 2 8 0 581.873081461
8 2 16 1 549.334041527
8 2 16 0 573.622491603
8 2 32 1 562.705500723
8 2 32 0 501.721243319
16 2 1 1 509.603483711
16 2 1 0 466.13455873
16 2 2 1 569.557929581
16 2 2 0 452.025645966
16 2 4 1 575.616530616
16 2 4 0 439.614125772
16 2 8 1 554.962462222
16 2 8 0 535.465372225
16 2 16 1 556.011611725
16 2 16 0 406.535612937
16 2 32 1 596.940092166
16 2 32 0 549.274915715
32 2 1 1 482.710230977
32 2 1 0 403.370088442
32 2 2 1 422.276257905
32 2 2 0 386.062862932
32 2 4 1 507.538231361
32 2 4 0 428.589319406
32 2 8 1 352.625948673
32 2 8 0 579.131936428
32 2 16 1 509.572562753
32 2 16 0 467.485095429
32 2 32 1 503.345964377
32 2 32 0 440.503445071
1 4 1 1 131.914114034
1 4 1 0 129.970273048
1 4 2 1 170.111283941
1 4 2 0 189.035698143
1 4 4 1 243.032831264
1 4 4 0 250.23421346
1 4 8 1 291.359427135
1 4 8 0 328.530492043
1 4 16 1 293.673327024
1 4 16 0 306.50300945
1 4 32 1 268.112758234
1 4 32 0 332.070180594
2 4 1 1 187.986604618
2 4 1 0 191.73195788
2 4 2 1 266.223653203
2 4 2 0 307.967736204
2 4 4 1 344.150162546
2 4 4 0 342.435573973
2 4 8 1 374.607373317
2 4 8 0 385.1693667
2 4 16 1 401.236607516
2 4 16 0 367.902934313
2 4 32 1 392.200869521
2 4 32 0 377.986025426
4 4 1 1 300.292484695
4 4 1 0 306.562568976
4 4 2 1 692.695416098
4 4 2 0 395.504934839
4 4 4 1 448.414517817
4 4 4 0 423.026156031
4 4 8 1 482.75997746
4 4 8 0 448.046308333
4 4 16 1 261.012929022
4 4 16 0 439.047338822
4 4 32 1 452.338522544
4 4 32 0 464.284631502
8 4 1 1 397.373199478
8 4 1 0 437.548656251
8 4 2 1 409.150197816
8 4 2 0 439.082632576
8 4 4 1 397.514389438
8 4 4 0 434.906062993
8 4 8 1 535.105236498
8 4 8 0 492.40894242
8 4 16 1 483.918901445
8 4 16 0 577.585988001
8 4 32 1 508.004337583
8 4 32 0 446.558722761
16 4 1 1 525.262980788
16 4 1 0 533.517725796
16 4 2 1 537.534859634
16 4 2 0 554.366942718
16 4 4 1 494.944807125
16 4 4 0 573.750493188
16 4 8 1 552.707978472
16 4 8 0 475.070303861
16 4 16 1 447.713080693
16 4 16 0 477.0677914
16 4 32 1 498.84766531
16 4 32 0 473.404951591
32 4 1 1 430.008861174
32 4 1 0 500.010915175
32 4 2 1 501.550130906
32 4 2 0 465.021316862
32 4 4 1 508.307933833
32 4 4 0 435.422764063
32 4 8 1 488.62739855
32 4 8 0 443.856340963
32 4 16 1 448.661558854
32 4 16 0 427.014618317
32 4 32 1 367.940156944
32 4 32 0 475.284799843
1 8 1 1 133.861041829
1 8 1 0 137.459842122
1 8 2 1 169.40425654
1 8 2 0 172.015711193
1 8 4 1 251.150295913
1 8 4 0 236.295763374
1 8 8 1 286.24094503
1 8 8 0 289.114430011
1 8 16 1 297.165940918
1 8 16 0 284.693326898
1 8 32 1 177.893903977
1 8 32 0 286.213261364
2 8 1 1 204.47712032
2 8 1 0 188.614942
2 8 2 1 293.231833452
2 8 2 0 287.365062093
2 8 4 1 304.840390143
2 8 4 0 357.948603423
2 8 8 1 366.504103989
2 8 8 0 367.408622331
2 8 16 1 402.479974939
2 8 16 0 404.047086595
2 8 32 1 398.352405416
2 8 32 0 351.523198123
4 8 1 1 307.998555931
4 8 1 0 317.245778946
4 8 2 1 379.566570513
4 8 2 0 374.457715401
4 8 4 1 373.156100663
4 8 4 0 418.193296825
4 8 8 1 325.443727881
4 8 8 0 478.352280877
4 8 16 1 471.868296931
4 8 16 0 432.955868553
4 8 32 1 461.333203563
4 8 32 0 402.477387682
8 8 1 1 414.542952258
8 8 1 0 374.875220049
8 8 2 1 438.700034998
8 8 2 0 417.213047154
8 8 4 1 471.777921145
8 8 4 0 461.711235843
8 8 8 1 423.085012689
8 8 8 0 497.267575786
8 8 16 1 430.930058333
8 8 16 0 514.527373365
8 8 32 1 504.080641966
8 8 32 0 516.9404342
16 8 1 1 426.345660133
16 8 1 0 462.662528002
16 8 2 1 389.748185546
16 8 2 0 525.159543814
16 8 4 1 565.669762399
16 8 4 0 545.968677264
16 8 8 1 561.052379544
16 8 8 0 487.633819232
16 8 16 1 501.812110809
16 8 16 0 546.363833732
16 8 32 1 470.83719149
16 8 32 0 512.568018428
32 8 1 1 424.859995112
32 8 1 0 509.882344132
32 8 2 1 437.620457454
32 8 2 0 519.828176516
32 8 4 1 229.118267453
32 8 4 0 348.043514422
32 8 8 1 426.413744634
32 8 8 0 504.859145427
32 8 16 1 436.620424913
32 8 16 0 426.157728066
32 8 32 1 402.718222304
32 8 32 0 383.442665918
1 16 1 1 133.035432894
1 16 1 0 126.370947069
1 16 2 1 163.553046284
1 16 2 0 182.393551549
1 16 4 1 245.357418859
1 16 4 0 262.932522348
1 16 8 1 234.276543625
1 16 8 0 289.477976845
1 16 16 1 243.179297272
1 16 16 0 305.330971611
1 16 32 1 276.91512858
1 16 32 0 286.802068746
2 16 1 1 216.774453701
2 16 1 0 221.292643084
2 16 2 1 285.138030794
2 16 2 0 221.994356438
2 16 4 1 346.715584198
2 16 4 0 363.858777413
2 16 8 1 329.693681589
2 16 8 0 401.621060603
2 16 16 1 368.864548938
2 16 16 0 373.060410192
2 16 32 1 285.310282037
2 16 32 0 390.574361724
4 16 1 1 296.353988858
4 16 1 0 327.81478207
4 16 2 1 336.056904406
4 16 2 0 387.985484814
4 16 4 1 387.02068814
4 16 4 0 449.480087207
4 16 8 1 477.594591056
4 16 8 0 479.165080718
4 16 16 1 417.504856565
4 16 16 0 462.233399065
4 16 32 1 453.795726715
4 16 32 0 456.605695002
8 16 1 1 400.040341108
8 16 1 0 332.716766514
8 16 2 1 424.579453174
8 16 2 0 491.50680221
8 16 4 1 476.038927239
8 16 4 0 525.695450213
8 16 8 1 496.596990274
8 16 8 0 448.449224294
8 16 16 1 473.066159103
8 16 16 0 287.195649988
8 16 32 1 466.17397931
8 16 32 0 502.457471378
16 16 1 1 459.046472765
16 16 1 0 503.697052715
16 16 2 1 521.437247199
16 16 2 0 427.586415312
16 16 4 1 480.381399734
16 16 4 0 492.100856834
16 16 8 1 311.929008069
16 16 8 0 516.121715777
16 16 16 1 485.463565384
16 16 16 0 439.129446913
16 16 32 1 394.9184453
16 16 32 0 386.038934968
32 16 1 1 400.498083671
32 16 1 0 298.340963493
32 16 2 1 413.418517509
32 16 2 0 437.220328143
32 16 4 1 411.794366383
32 16 4 0 557.59457369
32 16 8 1 528.532310395
32 16 8 0 432.878844515
32 16 16 1 369.922928333
32 16 16 0 449.651149665
32 16 32 1 444.315205714
32 16 32 0 459.93498405
1 32 1 1 127.201128313
1 32 1 0 118.460066122
1 32 2 1 170.789421675
1 32 2 0 170.738047586
1 32 4 1 236.098023401
1 32 4 0 246.866776664
1 32 8 1 276.430994043
1 32 8 0 298.692322815
1 32 16 1 260.252716685
1 32 16 0 286.479294723
1 32 32 1 290.177467139
1 32 32 0 289.106818507
2 32 1 1 198.487150092
2 32 1 0 217.559194467
2 32 2 1 229.232170771
2 32 2 0 259.460244953
2 32 4 1 302.713370809
2 32 4 0 321.904574096
2 32 8 1 348.94861691
2 32 8 0 349.554502468
2 32 16 1 224.116378059
2 32 16 0 298.583045164
2 32 32 1 318.046146745
2 32 32 0 359.197014145
4 32 1 1 313.572225902
4 32 1 0 232.781234261
4 32 2 1 306.369873826
4 32 2 0 353.471776776
4 32 4 1 414.113853293
4 32 4 0 440.554773214
4 32 8 1 402.23313831
4 32 8 0 445.028122246
4 32 16 1 321.750432926
4 32 16 0 411.422538405
4 32 32 1 376.247315997
4 32 32 0 438.446539263
8 32 1 1 350.947964059
8 32 1 0 378.378347876
8 32 2 1 412.87936949
8 32 2 0 230.506763896
8 32 4 1 465.513284277
8 32 4 0 411.768678501
8 32 8 1 420.470782229
8 32 8 0 446.171960302
8 32 16 1 251.639609965
8 32 16 0 461.657832014
8 32 32 1 313.540515038
8 32 32 0 477.385203905
16 32 1 1 388.635349925
16 32 1 0 426.479010881
16 32 2 1 433.494371768
16 32 2 0 477.147315256
16 32 4 1 412.695810943
16 32 4 0 467.55718305
16 32 8 1 423.237745166
16 32 8 0 414.169560768
16 32 16 1 439.734563839
16 32 16 0 472.248620481
16 32 32 1 469.119557614
16 32 32 0 494.943055213
32 32 1 1 382.205781703
32 32 1 0 487.172897683
32 32 2 1 443.696650831
32 32 2 0 436.051218137
32 32 4 1 389.758451794
32 32 4 0 458.725705813
32 32 8 1 401.835830247
32 32 8 0 359.521100973
32 32 16 1 411.708260951
32 32 16 0 373.633759462
32 32 32 1 283.709810609
32 32 32 0 406.201102329
1 1 1 1 130.150643377
1 1 1 0 202.689303801
1 1 2 1 257.845112744
1 1 2 0 248.477904793
1 1 4 1 258.6111652
1 1 4 0 299.591021923
1 1 8 1 296.61660415
1 1 8 0 337.757560751
1 1 16 1 262.054822514
1 1 16 0 316.677764474
1 1 32 1 270.75143524
1 1 32 0 291.257759859
2 1 1 1 218.191061521
2 1 1 0 281.465829116
2 1 2 1 253.567954345
2 1 2 0 281.167079414
2 1 4 1 287.671720379
2 1 4 0 309.57832139
2 1 8 1 328.284206827
2 1 8 0 299.840913506
2 1 16 1 213.292161155
2 1 16 0 343.627823822
2 1 32 1 310.146022254
2 1 32 0 274.706057979
4 1 1 0 273.34146641
4 1 2 1 239.527932133
4 1 2 0 291.493621101
4 1 4 1 362.48229931
4 1 4 0 301.078120516
4 1 8 1 308.30604476
4 1 8 0 333.004195578
4 1 16 1 311.941816223
4 1 16 0 227.987577498
4 1 32 1 385.191254677
4 1 32 0 370.545119895
8 1 1 1 289.910588954
8 1 1 0 328.132632989
8 1 2 1 337.82875368
8 1 2 0 342.825012297
8 1 4 1 233.22934071
8 1 4 0 355.889991415
8 1 8 1 308.022764665
8 1 8 0 344.817357428
8 1 16 1 330.995051134
8 1 16 0 323.382070613
8 1 32 1 333.731564199
8 1 32 0 316.184506405
16 1 1 1 302.396455296
16 1 1 0 289.497449806
16 1 2 1 286.594228043
16 1 2 0 332.072325544
16 1 4 1 296.211228946
16 1 4 0 311.306960007
16 1 8 1 353.34913649
16 1 8 0 348.655193694
16 1 16 1 249.258309107
16 1 16 0 338.856040081
16 1 32 1 325.045545086
16 1 32 0 214.854794709
32 1 1 1 330.798235942
32 1 1 0 345.433468302
32 1 2 1 309.256914192
32 1 2 0 373.780877148
32 1 4 1 298.165744721
32 1 4 0 320.87972622
32 1 8 1 346.565722065
32 1 8 0 293.053703195
32 1 16 1 372.490378891
32 1 16 0 300.8072451
32 1 32 1 286.909534429
32 1 32 0 312.996750426
1 2 1 1 192.818381272
1 2 1 0 190.094239973
1 2 2 1 238.223050236
1 2 2 0 219.052003732
1 2 4 1 155.003603829
1 2 4 0 285.875571836
1 2 8 1 257.196189193
1 2 8 0 286.849658851
1 2 16 1 258.714655181
1 2 16 0 246.890405437
1 2 32 1 262.023378576
1 2 32 0 281.859602259
2 2 1 1 227.728921097
2 2 1 0 207.126976794
2 2 2 1 255.72940658
2 2 2 0 247.376745854
2 2 4 1 277.08898119
2 2 4 0 258.240829072
2 2 8 1 258.976287963
2 2 8 0 283.191811637
2 2 16 1 318.304697479
2 2 16 0 302.614120826
2 2 32 1 288.585071064
2 2 32 0 242.667618801
4 2 1 1 271.30287922
4 2 1 0 292.693379096
4 2 2 1 339.856622767
4 2 2 0 283.912295847
4 2 4 1 311.774582451
4 2 4 0 313.227939483
4 2 8 1 293.353055567
4 2 8 0 263.664631514
4 2 16 1 304.3773594
4 2 16 0 141.954702966
4 2 32 1 343.959069183
4 2 32 0 287.558711079
8 2 1 1 296.348050511
8 2 1 0 278.383084025
8 2 2 1 240.004123143
8 2 2 0 293.118377335
8 2 4 1 295.216946106
8 2 4 0 279.617722852
8 2 8 1 310.466184361
8 2 8 0 299.93892178
8 2 16 1 269.67689844
8 2 16 0 309.941743924
8 2 32 1 254.00183481
8 2 32 0 321.579811244
16 2 1 1 293.662616605
16 2 1 0 308.716754697
16 2 2 1 290.58363523
16 2 2 0 309.149185034
16 2 4 1 297.267974102
16 2 4 0 296.327360786
16 2 8 1 342.262447128
16 2 8 0 309.888681889
16 2 16 1 258.265967569
16 2 16 0 272.292584159
16 2 32 1 294.989305183
16 2 32 0 305.694153014
32 2 1 1 258.199615011
32 2 1 0 286.51797034
32 2 2 1 312.39705759
32 2 2 0 271.70777198
32 2 4 1 310.384298806
32 2 4 0 285.140482932
32 2 8 1 288.727784077
32 2 8 0 251.032405359
32 2 16 1 250.508981145
32 2 16 0 202.214632228
32 2 32 1 207.202702681
32 2 32 0 264.182033267
1 4 1 1 178.508392369
1 4 1 0 104.042805552
1 4 2 1 172.568607419
1 4 2 0 202.491158762
1 4 4 1 225.319737648
1 4 4 0 226.793190207
1 4 8 1 226.55056957
1 4 8 0 231.295350519
1 4 16 1 237.876924336
1 4 16 0 217.469794209
1 4 32 1 230.249593841
1 4 32 0 224.691597407
2 4 1 1 185.40482398
2 4 1 0 206.758809593
2 4 2 1 242.990235893
2 4 2 0 153.897093011
2 4 4 1 244.664219394
2 4 4 0 259.546193744
2 4 8 1 217.552865442
2 4 8 0 240.260250882
2 4 16 1 264.922243799
2 4 16 0 250.837491095
2 4 32 1 169.625129992
2 4 32 0 159.351377172
4 4 1 1 231.649244205
4 4 1 0 227.987625902
4 4 2 1 262.013788637
4 4 2 0 268.855080935
4 4 4 1 256.822735736
4 4 4 0 234.386568087
4 4 8 1 265.96728685
4 4 8 0 239.05964068
4 4 16 1 233.476751146
4 4 16 0 232.817530605
4 4 32 1 174.217662542
4 4 32 0 153.885994272
8 4 1 1 233.622392276
8 4 1 0 262.795668463
8 4 2 1 267.749458406
8 4 2 0 264.592516264
8 4 4 1 275.006809737
8 4 4 0 209.841728716
8 4 8 1 257.659060794
8 4 8 0 252.985151636
8 4 16 1 270.931229612
8 4 16 0 188.636113841
8 4 32 1 230.275935445
8 4 32 0 244.960762347
16 4 1 1 206.172478491
16 4 1 0 321.272730999
16 4 2 1 303.283048494
16 4 2 0 273.39211112
16 4 4 1 242.21683687
16 4 4 0 260.824762027
16 4 8 1 260.052439123
16 4 8 0 242.958871449
16 4 16 1 217.648053468
16 4 16 0 239.722931009
16 4 32 1 210.78874513
16 4 32 0 260.913944136
32 4 1 1 296.369458831
32 4 1 0 237.301040855
32 4 2 1 312.87072065
32 4 2 0 270.533928185
32 4 4 1 288.788096878
32 4 4 0 214.688676665
32 4 8 1 226.205626776
32 4 8 0 228.276237726
32 4 16 1 229.682062861
32 4 16 0 239.407244641
32 4 32 1 259.954609622
32 4 32 0 181.145622784
1 8 1 1 159.188983046
1 8 1 0 174.483062143
1 8 2 1 140.482317639
1 8 2 0 182.760315943
1 8 4 1 213.724292332
1 8 4 0 203.336421484
1 8 8 1 222.490492606
1 8 8 0 207.961467563
1 8 16 1 205.799548803
1 8 16 0 232.349405568
1 8 32 1 141.962181408
1 8 32 0 245.978236161
2 8 1 1 207.400346076
2 8 1 0 199.719937198
2 8 2 1 208.597026749
2 8 2 0 210.583045561
2 8 4 1 250.549062489
2 8 4 0 234.851132298
2 8 8 1 174.133650853
2 8 8 0 261.883530933
2 8 16 1 222.808285386
2 8 16 0 237.986500234
2 8 32 1 255.156612736
2 8 32 0 172.93535285
4 8 1 1 204.318862699
4 8 1 0 266.678999634
4 8 2 1 193.677128592
4 8 2 0 241.956577312
4 8 4 1 273.502634256
4 8 4 0 215.201894139
4 8 8 1 227.54362151
4 8 8 0 255.222608342
4 8 16 1 254.76224623
4 8 16 0 236.626401246
4 8 32 1 156.209435305
4 8 32 0 246.026885417
8 8 1 1 289.107629068
8 8 1 0 245.332351858
8 8 2 1 249.736142741
8 8 2 0 266.593891422
8 8 4 1 241.225520023
8 8 4 0 274.958750815
8 8 8 1 251.396436054
8 8 8 0 241.40475954
8 8 16 1 268.402224871
8 8 16 0 258.286870874
8 8 32 1 250.871596821
8 8 32 0 264.351497547
16 8 1 1 281.819824056
16 8 1 0 263.182724898
16 8 2 1 242.036048906
16 8 2 0 253.783359637
16 8 4 1 268.586855356
16 8 4 0 255.888212151
16 8 8 1 255.488497737
16 8 8 0 269.836366115
16 8 16 1 266.590896576
16 8 16 0 276.540974074
16 8 32 1 263.807733162
16 8 32 0 253.758576453
32 8 1 1 290.610274467
32 8 1 0 314.102479198
32 8 2 1 254.667464933
32 8 2 0 308.012560121
32 8 4 1 265.082778002
32 8 4 0 310.354763307
32 8 8 1 207.99056969
32 8 8 0 255.71524797
32 8 16 1 198.01641144
32 8 16 0 198.521034369
32 8 32 1 236.938189863
32 8 32 0 250.290170167
1 16 1 1 153.916890565
1 16 1 0 163.826746036
1 16 2 1 178.068019757
1 16 2 0 196.85047851
1 16 4 1 202.841407247
1 16 4 0 225.910531686
1 16 8 1 131.848372916
1 16 8 0 240.607192963
1 16 16 1 205.745597641
1 16 16 0 208.642581926
1 16 32 1 224.729909197
1 16 32 0 199.02273038
2 16 1 1 204.235090949
2 16 1 0 150.080579414
2 16 2 1 219.03391926
2 16 2 0 202.447963669
2 16 4 1 215.686775774
2 16 4 0 265.36309541
2 16 8 1 196.037603018
2 16 8 0 232.728435321
2 16 16 1 176.247178005
2 16 16 0 230.489717721
2 16 32 1 230.833605993
2 16 32 0 260.551764834
4 16 1 1 216.657703255
4 16 1 0 248.321140912
4 16 2 1 236.941313597
4 16 2 0 278.525743475
4 16 4 1 231.806085848
4 16 4 0 245.742068575
4 16 8 1 251.886262285
4 16 8 0 237.401925143
4 16 16 1 207.86876766
4 16 16 0 250.295303974
4 16 32 1 243.319542154
4 16 32 0 194.635353381
8 16 1 1 246.53284598
8 16 1 0 251.030380776
8 16 2 1 238.253587038
8 16 2 0 257.537759062
8 16 4 0 221.128340045
8 16 8 1 249.384444396
8 16 8 0 238.766745802
8 16 16 1 219.446907987
8 16 16 0 262.843493661
8 16 32 1 247.966571254
8 16 32 0 247.606660919
16 16 1 1 241.496291811
16 16 1 0 246.683576732
16 16 2 1 253.268138447
16 16 2 0 264.610511357
16 16 4 1 190.615176576
16 16 4 0 225.683655691
16 16 8 1 217.785995026
16 16 8 0 247.292888977
16 16 16 1 215.211479614
16 16 16 0 240.244931495
16 16 32 1 228.501879729
16 16 32 0 252.356011958
32 16 1 1 280.177090456
32 16 1 0 270.930153004
32 16 2 1 202.633032375
32 16 2 0 287.869179633
32 16 4 1 210.330153999
32 16 4 0 271.400298016
32 16 8 1 221.76126716
32 16 8 0 247.124961784
32 16 16 1 197.093281537
32 16 16 0 156.137151285
32 16 32 1 224.733953917
32 16 32 0 201.428229595
1 32 1 1 146.986647204
1 32 1 0 169.475516
1 32 2 1 166.687836069
1 32 2 0 185.933045481
1 32 4 1 175.496541497
1 32 4 0 219.776759937
1 32 8 1 179.783948051
1 32 8 0 233.6787215
1 32 16 1 189.586777973
1 32 16 0 207.613939891
1 32 32 1 206.328825863
1 32 32 0 196.537375846
2 32 1 1 168.002983827
2 32 1 0 179.657565534
2 32 2 1 190.356026388
2 32 2 0 219.533752104
2 32 4 1 190.466956158
2 32 4 0 207.252180706
2 32 8 1 214.462620106
2 32 8 0 215.231925731
2 32 16 1 214.68588678
2 32 16 0 236.158053064
2 32 32 1 229.972446955
2 32 32 0 212.822846069
4 32 1 1 171.513791107
4 32 1 0 157.678759374
4 32 2 1 194.019476114
4 32 2 0 217.238263619
4 32 4 1 213.214798436
4 32 4 0 224.950759139
4 32 8 1 198.589128197
4 32 8 0 149.990198623
4 32 16 1 205.466043595
4 32 16 0 234.246372799
4 32 32 1 197.761969546
4 32 32 0 246.82989624
8 32 1 1 191.932192451
8 32 1 0 260.547118312
8 32 2 1 204.791954178
8 32 2 0 243.976252623
8 32 4 1 202.46501618
8 32 4 0 223.967922351
8 32 8 1 209.055805671
8 32 8 0 231.137756227
8 32 16 1 192.661971701
8 32 16 0 234.640311952
8 32 32 1 155.401341093
8 32 32 0 215.673552578
16 32 1 1 223.607207325
16 32 1 0 259.134603608
16 32 2 1 198.548315855
16 32 2 0 241.107338714
16 32 4 1 223.432666194
16 32 4 0 237.16645225
16 32 8 1 177.494962149
16 32 8 0 232.922746525
16 32 16 1 212.754801379
16 32 16 0 219.996100941
16 32 32 1 204.134418765
16 32 32 0 243.715450036
32 32 1 1 189.636663779
32 32 1 0 267.486298285
32 32 2 1 183.296087394
32 32 2 0 261.272920182
32 32 4 1 203.73836403
32 32 4 0 226.551776423
32 32 8 1 185.733649341
32 32 8 0 219.548530183
32 32 16 1 192.853797841
32 32 16 0 222.117769316
32 32 32 1 169.156471608
32 32 32 0 209.07761249
1 1 1 1 188.500179908
1 1 1 0 247.774764844
1 1 2 1 336.895511719
1 1 2 0 295.766435617
1 1 4 1 452.069858994
1 1 4 0 446.73879167
1 1 8 1 375.236459262
1 1 8 0 399.79437144
1 1 16 1 402.367385468
1 1 16 0 428.534590269
1 1 32 1 328.676834952
1 1 32 0 408.616971347
2 1 1 1 366.884908421
2 1 1 0 393.83522644
2 1 2 1 473.460552945
2 1 2 0 414.713485103
2 1 4 1 531.508917754
2 1 4 0 481.021933542
2 1 8 1 561.508543168
2 1 8 0 487.565020163
2 1 16 1 552.734092678
2 1 16 0 387.85137653
2 1 32 1 454.863820371
2 1 32 0 515.578893038
4 1 1 1 320.389251504
4 1 1 0 351.520491869
4 1 2 1 349.851315338
4 1 2 0 489.709311756
4 1 4 1 517.412939025
4 1 4 0 541.020448917
4 1 8 1 589.042865045
4 1 8 0 305.379690176
4 1 16 1 625.056067608
4 1 16 0 553.807036322
4 1 32 1 387.049690929
4 1 32 0 245.798970393
8 1 1 1 524.306239243
8 1 1 0 486.57176537
8 1 2 1 344.590602011
8 1 2 0 532.59812676
8 1 4 1 524.461740305
8 1 4 0 517.693441311
8 1 8 1 551.108955355
8 1 8 0 454.218834902
8 1 16 1 602.46960171
8 1 16 0 622.094628506
8 1 32 1 649.027964309
8 1 32 0 529.238378594
16 1 1 1 373.043105406
16 1 1 0 585.672273349
16 1 2 1 601.272072186
16 1 2 0 344.99243145
16 1 4 1 538.92181459
16 1 4 0 481.836486023
16 1 8 1 544.691427311
16 1 8 0 692.066247218
16 1 16 1 609.246273126
16 1 16 0 584.696524344
16 1 32 1 522.157020007
16 1 32 0 505.237402456
32 1 1 1 311.037189709
32 1 1 0 402.287663223
32 1 2 1 306.862326081
32 1 2 0 373.595360603
32 1 4 1 514.8097694
32 1 4 0 346.546943337
32 1 8 1 589.190607287
32 1 8 0 491.518397003
32 1 16 1 476.49691721
32 1 16 0 683.375681579
32 1 32 1 663.476376843
32 1 32 0 458.776278933
1 2 1 1 236.693893651
1 2 1 0 225.884031424
1 2 2 1 294.861360561
1 2 2 0 295.426511632
1 2 4 1 361.521546509
1 2 4 0 406.01374964
1 2 8 1 335.188446742
1 2 8 0 400.863320595
1 2 16 1 422.880172063
1 2 16 0 394.386776509
1 2 32 1 412.248612895
1 2 32 0 351.561447759
2 2 1 1 354.116304996
2 2 1 0 340.346051986
2 2 2 1 414.469599633
2 2 2 0 427.80426993
2 2 4 1 472.252167758
2 2 4 0 431.951753448
2 2 8 1 380.708876094
2 2 8 0 309.967657042
2 2 16 1 472.85115068
2 2 16 0 491.753474295
2 2 32 1 466.317342714
2 2 32 0 492.805134826
4 2 1 1 433.22650093
4 2 1 0 438.654475735
4 2 2 1 261.440538627
4 2 2 0 458.019257241
4 2 4 1 457.744209853
4 2 4 0 518.355615684
4 2 8 1 471.32667658
4 2 8 0 422.732133978
4 2 16 1 318.595074851
4 2 16 0 334.340227093
4 2 32 1 538.728058969
4 2 32 0 460.503121772
8 2 1 1 288.730821834
8 2 1 0 453.506978434
8 2 2 1 557.105411113
8 2 2 0 270.75084555
8 2 4 1 362.19103156
8 2 4 0 555.710984151
8 2 8 1 485.37867231
8 2 8 0 500.535749258
8 2 16 1 383.709087908
8 2 16 0 395.784860596
8 2 32 1 445.994430073
8 2 32 0 563.324872587
16 2 1 1 236.453538268
16 2 1 0 522.771045901
16 2 2 1 525.497700662
16 2 2 0 510.652371681
16 2 4 1 565.898911968
16 2 4 0 487.900415175
16 2 8 1 573.176804227
16 2 8 0 537.767460029
16 2 16 1 423.512026965
16 2 16 0 505.249912558
16 2 32 1 554.53846635
16 2 32 0 579.621812417
32 2 1 1 391.206213221
32 2 1 0 618.001822369
32 2 2 1 621.249613246
32 2 2 0 515.024150336
32 2 4 1 438.62130582
32 2 4 0 491.805218663
32 2 8 1 484.588681677
32 2 8 0 426.348003528
32 2 16 1 473.093639398
32 2 16 0 454.167157564
32 2 32 1 493.450905897
32 2 32 0 501.875973055
1 4 1 1 221.415020913
1 4 1 0 216.649698671
1 4 2 1 272.943710608
1 4 2 0 294.904147183
1 4 4 1 327.284246277
1 4 4 0 335.280779618
1 4 8 1 356.637855517
1 4 8 0 302.483804302
1 4 16 1 334.105558827
1 4 16 0 381.944468555
1 4 32 1 370.205221474
1 4 32 0 363.957619093
2 4 1 1 325.884789543
2 4 1 0 253.352680166
2 4 2 1 321.382550096
2 4 2 0 374.530956258
2 4 4 1 421.855005869
2 4 4 0 400.955073432
2 4 8 1 404.50551241
2 4 8 0 330.302498323
2 4 16 1 397.343483413
2 4 16 0 409.599453167
2 4 32 1 395.971123104
2 4 32 0 405.319309147
4 4 1 1 341.474616365
4 4 1 0 399.248773789
4 4 2 1 409.371063475
4 4 2 0 267.162900955
4 4 4 1 240.950286198
4 4 4 0 484.539729134
4 4 8 1 400.206786575
4 4 8 0 529.474541666
4 4 16 1 395.502408348
4 4 16 0 280.636975136
4 4 32 1 454.012915913
4 4 32 0 399.698350922
8 4 1 1 442.746088177
8 4 1 0 428.380687691
8 4 2 1 407.615845554
8 4 2 0 363.432255084
8 4 4 1 425.890117485
8 4 4 0 471.330477965
8 4 8 1 439.557473898
8 4 8 0 536.494211257
8 4 16 1 391.702565421
8 4 16 0 414.351531667
8 4 32 1 391.794657145
8 4 32 0 475.353740821
16 4 1 1 499.685839131
16 4 1 0 334.124960065
16 4 2 1 448.80521013
16 4 2 0 538.94581984
16 4 4 1 471.86537721
16 4 4 0 475.152815687
16 4 8 1 469.314970229
16 4 8 0 505.932457649
16 4 16 1 405.419599441
16 4 16 0 238.361804708
16 4 32 1 511.302274954
16 4 32 0 440.233353365
32 4 1 1 497.168645501
32 4 1 0 523.47049118
32 4 2 1 373.699859666
32 4 2 0 449.15745375
32 4 4 1 443.585410688
32 4 4 0 386.368764514
32 4 8 1 486.86707883
32 4 8 0 455.99813749
32 4 16 1 414.832079973
32 4 16 0 479.975149834
32 4 32 1 481.661072269
32 4 32 0 373.407295877
1 8 1 1 188.533391097
1 8 1 0 214.815117575
1 8 2 1 279.063895948
1 8 2 0 286.662622699
1 8 4 1 336.875615672
1 8 4 0 312.020071065
1 8 8 1 356.306055588
1 8 8 0 330.397660776
1 8 16 1 353.872656115
1 8 16 0 357.145691092
1 8 32 1 354.942369499
1 8 32 0 309.540702762
2 8 1 1 304.447274133
2 8 1 0 301.214109359
2 8 2 1 320.650131986
2 8 2 0 364.342796477
2 8 4 1 421.856310974
2 8 4 0 326.936522574
2 8 8 1 319.457375952
2 8 8 0 307.68296619
2 8 16 1 386.082755717
2 8 16 0 402.470330604
2 8 32 1 420.320753265
2 8 32 0 431.462471043
4 8 1 1 380.14521311
4 8 1 0 373.890530021
4 8 2 1 378.371062442
4 8 2 0 385.269574745
4 8 4 1 360.71872204
4 8 4 0 435.747593979
4 8 8 1 458.473429527
4 8 8 0 274.83003464
4 8 16 1 449.016968749
4 8 16 0 417.733862965
4 8 32 1 402.676473361
4 8 32 0 431.596499556
8 8 1 1 314.490459842
8 8 1 0 445.166113132
8 8 2 1 306.942112585
8 8 2 0 458.792400976
8 8 4 1 496.275959011
8 8 4 0 486.956413535
8 8 8 1 436.408384765
8 8 8 0 429.166401366
8 8 16 1 398.701498996
8 8 16 0 447.759977938
8 8 32 1 494.616560709
8 8 32 0 392.980970506
16 8 1 1 455.898169002
16 8 1 0 505.674374777
16 8 2 1 502.361577721
16 8 2 0 453.278934029
16 8 4 1 454.964444084
16 8 4 0 370.654352525
16 8 8 1 453.811330885
16 8 8 0 448.981227654
16 8 16 1 488.711758485
16 8 16 0 508.129390788
16 8 32 1 470.551468825
16 8 32 0 467.915558752
32 8 1 1 501.579015982
32 8 1 0 506.418842581
32 8 2 1 487.697827055
32 8 2 0 457.013294556
32 8 4 1 443.1320336
32 8 4 0 448.813768556
32 8 8 1 392.777862201
32 8 8 0 481.404759853
32 8 16 1 388.185701793
32 8 16 0 259.192798471
32 8 32 1 371.038361047
32 8 32 0 405.458443458
1 16 1 1 211.452987962
1 16 1 0 220.648642734
1 16 2 1 254.530621383
1 16 2 0 282.451291578
1 16 4 1 307.400583119
1 16 4 0 332.1765163
1 16 8 1 338.89201488
1 16 8 0 335.281564757
1 16 16 1 267.708760848
1 16 16 0 325.306672388
1 16 32 1 310.69944862
1 16 32 0 369.094420157
2 16 1 1 278.83840561
2 16 1 0 281.95642369
2 16 2 1 338.657777806
2 16 2 0 361.153801351
2 16 4 1 388.36308795
2 16 4 0 405.747270533
2 16 8 1 402.716360422
2 16 8 0 396.101684262
2 16 16 1 321.509228796
2 16 16 0 384.344016439
2 16 32 1 420.086786806
2 16 32 0 384.950014693
4 16 1 1 251.186451436
4 16 1 0 345.847619617
4 16 2 1 349.074437307
4 16 2 0 375.566670069
4 16 4 1 441.306852151
4 16 4 0 391.698743344
4 16 8 1 413.447446233
4 16 8 0 458.74832531
4 16 16 1 371.909438175
4 16 16 0 248.174545956
4 16 32 1 253.170072896
4 16 32 0 442.907907415
8 16 1 1 354.599897491
8 16 1 0 429.644255581
8 16 2 1 452.075045198
8 16 2 0 269.092128656
8 16 4 1 453.36462119
8 16 4 0 495.803359077
8 16 8 1 467.065572645
8 16 8 0 420.813956622
8 16 16 1 427.722988173
8 16 16 0 487.371254151
8 16 32 1 424.832086734
8 16 32 0 408.74353975
16 16 1 1 447.063995756
16 16 1 0 495.130358582
16 16 2 1 464.819676527
16 16 2 0 469.7531697
16 16 4 1 388.35985747
16 16 4 0 462.162067977
16 16 8 1 421.91540131
16 16 8 0 339.054593316
16 16 16 1 396.859525395
16 16 16 0 399.246769844
16 16 32 1 378.055801429
16 16 32 0 466.702085347
32 16 1 1 516.779095116
32 16 1 0 426.29841142
32 16 2 1 399.827008829
32 16 2 0 327.06243829
32 16 4 1 383.294964171
32 16 4 0 387.066014103
32 16 8 1 328.848500713
32 16 8 0 371.96684691
32 16 16 1 396.403576837
32 16 16 0 354.394906767
32 16 32 1 341.586648577
32 16 32 0 382.550941331
1 32 1 1 200.005456165
1 32 1 0 210.026529296
1 32 2 1 233.77859933
1 32 2 0 254.957248386
1 32 4 1 305.524736735
1 32 4 0 296.512372156
1 32 8 1 310.268415468
1 32 8 0 357.975837415
1 32 16 1 223.084918337
1 32 16 0 294.730587637
1 32 32 1 329.135601835
1 32 32 0 330.639172925
2 32 1 1 277.927478657
2 32 1 0 243.772403267
2 32 2 1 317.009953134
2 32 2 0 363.430963562
2 32 4 1 346.385956808
2 32 4 0 363.373454029
2 32 8 1 330.539979509
2 32 8 0 250.125635156
2 32 16 1 218.950195259
2 32 16 0 351.370991118
2 32 32 1 382.530363522
2 32 32 0 411.964860804
4 32 1 1 341.472960399
4 32 1 0 348.2422656
4 32 2 1 373.628881695
4 32 2 0 323.799711932
4 32 4 1 283.741817038
4 32 4 0 296.609682112
4 32 8 1 335.746370456
4 32 8 0 319.610661033
4 32 16 1 366.572018155
4 32 16 0 416.524660518
4 32 32 1 389.372887639
4 32 32 0 370.783728676
8 32 1 1 293.168491541
8 32 1 0 351.090320181
8 32 2 1 411.567853344
8 32 2 0 290.168815041
8 32 4 1 394.503685165
8 32 4 0 398.803817038
8 32 8 1 365.942722864
8 32 8 0 467.412612059
8 32 16 1 363.208482276
8 32 16 0 413.420744336
8 32 32 1 394.624995659
8 32 32 0 288.877226867
16 32 1 1 404.420447487
16 32 1 0 484.787682205
16 32 2 1 393.602864756
16 32 2 0 331.63865466
16 32 4 1 357.36472935
16 32 4 0 424.075086248
16 32 8 1 427.285054665
16 32 8 0 471.017237554
16 32 16 1 349.139839964
16 32 16 0 447.146976695
16 32 32 1 346.347175289
16 32 32 0 312.332208481
32 32 1 1 427.50998319
32 32 1 0 421.959128869
32 32 2 1 424.377952417
32 32 2 0 477.699177952
32 32 4 1 290.741440004
32 32 4 0 483.951596897
32 32 8 1 420.137471473
32 32 8 0 431.912054064
32 32 16 1 282.922068491
32 32 16 0 382.842095478
32 32 32 1 334.275685503
32 32 32 0 389.309451526
1 1 1 1 201.690315921
1 1 1 0 270.222400501
1 1 2 1 382.213383583
1 1 2 0 393.512551395
1 1 4 1 562.51692118
1 1 4 0 517.245085478
1 1 8 1 556.843497383
1 1 8 0 588.356121498
1 1 16 1 578.435746174
1 1 16 0 518.059851894
1 1 32 1 508.870587705
1 1 32 0 554.863233035
2 1 1 1 450.675204451
2 1 1 0 456.892349148
2 1 2 1 450.502129912
2 1 2 0 641.781987696
2 1 4 1 757.752055866
2 1 4 0 764.669567123
2 1 8 1 773.576513346
2 1 8 0 798.915066194
2 1 16 1 684.73973847
2 1 16 0 703.266574878
2 1 32 1 841.159678878
2 1 32 0 720.057477467
4 1 1 1 560.108667013
4 1 1 0 414.695526196
4 1 2 1 583.816610367
4 1 2 0 687.518675559
4 1 4 1 808.927110144
4 1 4 0 980.239851536
4 1 8 1 750.944268969
4 1 8 0 797.63615927
4 1 16 1 659.829706973
4 1 16 0 569.522946587
4 1 32 1 508.498959882
4 1 32 0 899.992439001
8 1 1 1 543.316925069
8 1 1 0 699.054079808
8 1 2 1 943.835750149
8 1 2 0 523.034457027
8 1 4 1 677.848588787
8 1 4 0 727.404788413
8 1 8 1 911.196874306
8 1 8 0 935.159043659
8 1 16 1 822.312923034
8 1 16 0 987.768693947
8 1 32 1 834.135150738
8 1 32 0 704.745867776
16 1 1 1 640.76203496
16 1 1 0 868.676118315
16 1 2 1 695.879365104
16 1 2 0 745.148973259
16 1 4 1 873.821910672
16 1 4 0 651.2482872
16 1 8 1 650.792585906
16 1 8 0 791.268371367
16 1 16 1 659.177147618
16 1 16 0 682.600813324
16 1 32 1 666.175518101
16 1 32 0 802.918811953
32 1 1 1 659.697962018
32 1 1 0 660.222466947
32 1 2 1 595.801631681
32 1 2 0 636.703749529
32 1 4 1 586.41927421
32 1 4 0 625.304251227
32 1 8 1 700.953930204
32 1 8 0 978.300749345
32 1 16 1 650.541338861
32 1 16 0 621.494162897
32 1 32 1 584.475929315
32 1 32 0 815.187612429
1 2 1 1 275.728398604
1 2 1 0 275.787596144
1 2 2 1 347.502052034
1 2 2 0 374.991092473
1 2 4 1 502.212621256
1 2 4 0 499.382643136
1 2 8 1 437.428524102
1 2 8 0 560.035235352
1 2 16 1 540.587377537
1 2 16 0 503.545815386
1 2 32 1 527.206685066
1 2 32 0 445.586989949
2 2 1 1 461.885382087
2 2 1 0 422.690178401
2 2 2 1 580.027276031
2 2 2 0 582.379571406
2 2 4 1 694.857209416
2 2 4 0 683.745914011
2 2 8 1 731.236870892
2 2 8 0 583.754225282
2 2 16 1 519.077802101
2 2 16 0 709.824812365
2 2 32 1 491.51988282
2 2 32 0 754.536176298
4 2 1 1 636.504076595
4 2 1 0 543.325498754
4 2 2 1 783.993342892
4 2 2 0 639.904795596
4 2 4 1 619.345583512
4 2 4 0 880.462567658
4 2 8 1 541.017407297
4 2 8 0 610.451073308
4 2 16 1 758.317544796
4 2 16 0 809.914757961
4 2 32 1 800.62914346
4 2 32 0 690.105007645
8 2 1 1 709.467828034
8 2 1 0 618.820932477
8 2 2 1 788.945623611
8 2 2 0 696.901422962
8 2 4 1 696.327093487
8 2 4 0 574.115860684
8 2 8 1 698.498944156
8 2 8 0 871.171992313
8 2 16 1 515.299923927
8 2 16 0 511.516599643
8 2 32 1 564.41961233
8 2 32 0 662.158796776
16 2 1 1 653.524343451
16 2 1 0 851.303453352
16 2 2 1 806.997191866
16 2 2 0 981.040702963
16 2 4 1 614.028982192
16 2 4 0 750.769596487
16 2 8 1 682.576270745
16 2 8 0 639.328620242
16 2 16 1 753.197169165
16 2 16 0 816.177743566
16 2 32 1 514.523145177
16 2 32 0 820.32643906
32 2 1 1 657.428758982
32 2 1 0 653.092139042
32 2 2 1 638.13938894
32 2 2 0 633.748793848
32 2 4 1 705.039261982
32 2 4 0 826.614136974
32 2 8 1 926.778973188
32 2 8 0 722.357713538
32 2 16 1 799.539110335
32 2 16 0 647.778598538
32 2 32 1 575.977411627
32 2 32 0 773.595635785
1 4 1 1 268.300271308
1 4 1 0 265.209115711
1 4 2 1 344.231279647
1 4 2 0 364.875854649
1 4 4 1 487.172529655
1 4 4 0 389.336479403
1 4 8 1 513.781443846
1 4 8 0 513.050625687
1 4 16 1 518.691701171
1 4 16 0 486.71935533
1 4 32 1 417.162077069
1 4 32 0 489.556442814
2 4 1 1 417.611738473
2 4 1 0 427.031800612
2 4 2 1 420.974034836
2 4 2 0 500.362124587
2 4 4 1 629.409418004
2 4 4 0 679.624992044
2 4 8 1 672.509716033
2 4 8 0 698.65133175
2 4 16 1 654.568754812
2 4 16 0 611.096766557
2 4 32 1 625.561227704
2 4 32 0 620.49004972
4 4 1 1 561.555382173
4 4 1 0 416.418402616
4 4 2 1 606.972617988
4 4 2 0 678.271320091
4 4 4 1 494.446273785
4 4 4 0 619.358198215
4 4 8 1 481.254089006
4 4 8 0 726.734005959
4 4 16 1 715.050933212
4 4 16 0 459.958747813
4 4 32 1 579.695555973
4 4 32 0 749.676845015
8 4 1 1 614.924316452
8 4 1 0 633.649504104
8 4 2 1 580.039103621
8 4 2 0 775.72191268
8 4 4 1 749.884326701
8 4 4 0 632.361399895
8 4 8 1 718.153386025
8 4 8 0 785.951135572
8 4 16 1 651.312970364
8 4 16 0 589.354640716
8 4 32 1 753.599429786
8 4 32 0 666.464711492
16 4 1 1 610.0519603
16 4 1 0 597.877237165
16 4 2 1 491.608669957
16 4 2 0 592.257735143
16 4 4 1 665.774897334
16 4 4 0 679.083390741
16 4 8 1 827.219606311
16 4 8 0 662.415651483
16 4 16 1 755.107128507
16 4 16 0 865.766966829
16 4 32 1 754.876813145
16 4 32 0 775.654497337
32 4 1 1 847.343314222
32 4 1 0 675.039767855
32 4 2 1 491.597163653
32 4 2 0 868.126184041
32 4 4 1 613.31969109
32 4 4 0 829.540781484
32 4 8 1 851.514582127
32 4 8 0 905.96858292
32 4 16 1 611.251042015
32 4 16 0 908.256016399
32 4 32 1 580.22643157
32 4 32 0 614.208521091
1 8 1 1 251.722094606
1 8 1 0 263.264650213
1 8 2 1 351.266408458
1 8 2 0 275.486588031
1 8 4 1 489.875173472
1 8 4 0 452.22909555
1 8 8 1 478.150623316
1 8 8 0 428.728274706
1 8 16 1 449.629674895
1 8 16 0 496.736553304
1 8 32 1 479.506791929
1 8 32 0 503.292899415
2 8 1 1 394.98458355
2 8 1 0 338.821870821
2 8 2 1 460.238329644
2 8 2 0 512.544047123
2 8 4 1 514.967265358
2 8 4 0 592.29918295
2 8 8 1 569.143111706
2 8 8 0 656.336944624
2 8 16 1 375.830510107
2 8 16 0 626.977547228
2 8 32 1 495.050758433
2 8 32 0 670.880064064
4 8 1 1 572.614267772
4 8 1 0 506.691427749
4 8 2 1 386.329517203
4 8 2 0 670.422618398
4 8 4 1 573.12637749
4 8 4 0 692.194261073
4 8 8 1 490.11472465
4 8 8 0 612.078992305
4 8 16 1 754.644848317
4 8 16 0 494.639416043
4 8 32 1 611.553492126
4 8 32 0 657.797635041
8 8 1 1 492.376729123
8 8 1 0 584.443760022
8 8 2 1 696.247207562
8 8 2 0 477.992507548
8 8 4 1 688.228971402
8 8 4 0 462.075256312
8 8 8 1 637.030100363
8 8 8 0 581.243553886
8 8 16 1 558.690805676
8 8 16 0 468.382777836
8 8 32 1 504.320938337
8 8 32 0 638.160176259
16 8 1 1 540.802051589
16 8 1 0 786.480624039
16 8 2 1 781.551998385
16 8 2 0 780.681365745
16 8 4 1 706.885468536
16 8 4 0 818.132629644
16 8 8 1 778.913664798
16 8 8 0 804.33663913
16 8 16 1 757.183104948
16 8 16 0 537.471182385
16 8 32 1 559.803637369
16 8 32 0 848.860286098
32 8 1 1 575.470392943
32 8 1 0 712.952863137
32 8 2 1 765.919190569
32 8 2 0 611.364994086
32 8 4 1 550.120408777
32 8 4 0 827.254537487
32 8 8 1 771.476168183
32 8 8 0 598.613428921
32 8 16 1 574.9031621
32 8 16 0 648.81519796
32 8 32 1 629.037114612
32 8 32 0 644.650142142
1 16 1 1 250.54169836
1 16 1 0 255.645468019
1 16 2 1 349.938118644
1 16 2 0 362.705813946
1 16 4 1 477.072457687
1 16 4 0 422.974234835
1 16 8 1 468.132907767
1 16 8 0 440.759919814
1 16 16 1 475.830928965
1 16 16 0 418.853519707
1 16 32 1 461.495006544
1 16 32 0 475.529205842
2 16 1 1 412.221710265
2 16 1 0 387.540873679
2 16 2 1 538.868309659
2 16 2 0 496.305631214
2 16 4 1 601.765543233
2 16 4 0 603.542738713
2 16 8 1 579.698274731
2 16 8 0 626.555967897
2 16 16 1 504.756748007
2 16 16 0 533.665995116
2 16 32 1 405.111368433
2 16 32 0 482.384385687
4 16 1 1 600.673003114
4 16 1 0 538.326190135
4 16 2 1 506.537157321
4 16 2 0 466.602592173
4 16 4 1 554.468461127
4 16 4 0 440.581913509
4 16 8 1 778.739364464
4 16 8 0 615.55070896
4 16 16 1 615.031870409
4 16 16 0 574.503555295
4 16 32 1 451.203236977
4 16 32 0 596.62628843
8 16 1 1 480.210964023
8 16 1 0 693.151007509
8 16 2 1 536.422927714
8 16 2 0 525.390550588
8 16 4 1 784.263106856
8 16 4 0 652.999154985
8 16 8 1 446.812394278
8 16 8 0 732.09822546
8 16 16 1 516.943770234
8 16 16 0 660.705728313
8 16 32 1 697.511869349
8 16 32 0 584.956464268
16 16 1 1 688.806914643
16 16 1 0 711.661944668
16 16 2 1 621.589409666
16 16 2 0 625.227224476
16 16 4 1 739.281475723
16 16 4 0 603.380059895
16 16 8 1 525.024283673
16 16 8 0 651.331093829
16 16 16 1 745.68463539
16 16 16 0 549.31667473
16 16 32 1 485.400132125
16 16 32 0 766.407151633
32 16 1 1 643.844380558
32 16 1 0 653.301611493
32 16 2 1 644.38667211
32 16 2 0 550.33193397
32 16 4 1 506.710167092
32 16 4 0 591.380730369
32 16 8 1 673.222744184
32 16 8 0 668.77103266
32 16 16 1 835.886320084
32 16 16 0 786.895985282
32 16 32 1 784.257522171
32 16 32 0 602.797912129
1 32 1 1 222.012580489
1 32 1 0 243.590239869
1 32 2 1 261.951577102
1 32 2 0 345.854017825
1 32 4 1 435.459928459
1 32 4 0 467.256830016
1 32 8 1 421.60199119
1 32 8 0 489.828078958
1 32 16 1 466.372770519
1 32 16 0 475.825552284
1 32 32 1 438.437585823
1 32 32 0 434.446394657
2 32 1 1 381.80347527
2 32 1 0 403.81379547
2 32 2 1 480.972392484
2 32 2 0 513.925508413
2 32 4 1 582.688976154
2 32 4 0 610.292280286
2 32 8 1 594.362834007
2 32 8 0 477.521600723
2 32 16 1 553.748519616
2 32 16 0 673.602563411
2 32 32 1 445.891405705
2 32 32 0 635.202591074
4 32 1 1 463.069841891
4 32 1 0 492.050959322
4 32 2 1 525.832506625
4 32 2 0 437.095347715
4 32 4 1 462.193284287
4 32 4 0 627.689284243
4 32 8 1 587.740275094
4 32 8 0 650.854219852
4 32 16 1 463.282464598
4 32 16 0 658.294275924
4 32 32 1 474.96144904
4 32 32 0 533.692833811
8 32 1 1 564.122391471
8 32 1 0 688.920680555
8 32 2 1 653.003324552
8 32 2 0 404.575293987
8 32 4 1 417.78470817
8 32 4 0 475.396034795
8 32 8 1 645.807027155
8 32 8 0 722.699153133
8 32 16 1 563.452801247
8 32 16 0 745.132814781
8 32 32 1 578.342478881
8 32 32 0 717.783059528
16 32 1 1 612.080104394
16 32 1 0 566.627525724
16 32 2 1 552.499799738
16 32 2 0 715.859552858
16 32 4 1 456.711905756
16 32 4 0 568.317726491
16 32 8 1 667.686943524
16 32 8 0 596.792497128
16 32 16 1 606.550028878
16 32 16 0 808.461578857
16 32 32 1 620.999511468
16 32 32 0 598.50976799
32 32 1 1 520.536751976
32 32 1 0 602.241542464
32 32 2 1 592.133528559
32 32 2 0 697.136042199
32 32 4 1 650.478754428
32 32 4 0 634.756795839
32 32 8 1 551.042942522
32 32 8 0 824.644799388
32 32 16 1 562.767323046
32 32 16 0 764.216481089
32 32 32 1 714.14711634
32 32 32 0 598.27644857
