2 2 6 1 1352.57496427
2 1 6 0 1117.57022644
8 32 0 0 2471.79482521
2 32 1 0 1978.91631591
2 32 4 0 2219.84645744
2 2 6 1 1431.37051648
8 1 0 0 1609.65782356
2 32 6 0 2059.76885597
8 32 0 1 2509.57455572
8 32 0 0 2511.23240661
8 32 0 0 2501.78602746
2 1 1 1 1189.5599799
2 1 4 1 1013.85464126
8 1 0 1 1655.61099854
8 32 0 1 2469.81942088
8 32 0 1 2483.8762563
8 1 0 0 1772.74555095
8 1 0 1 1640.91019702
4 1 1 0 1591.63314292
8 1 0 1 1870.12724406
8 1 0 0 1862.72111915
2 1 6 0 1239.76656606
8 1 0 1 1536.68113753
2 1 1 0 852.849084594
1 2 7 0 967.91878145
2 2 4 1 1695.27299501
4 32 1 1 2475.31718961
8 1 0 1 1572.89918278
1 1 7 0 939.231913986
1 2 7 0 1623.95902666
8 1 0 1 1482.71619526
4 1 1 1 1556.71649049
8 1 0 0 1656.9334068
8 32 0 1 2450.62865585
2 1 4 0 1406.74794525
2 1 2 1 1379.74817307
4 1 4 1 1648.53891443
8 1 0 0 1800.52528879
4 1 4 1 1086.60366096
2 2 1 1 1587.66190652
1 32 4 1 1903.97318673
8 1 0 1 1678.80846752
1 32 7 1 1676.92582842
2 2 2 1 1602.92368568
1 2 7 1 1223.11409842
4 32 4 1 2529.59523148
4 32 4 1 2505.88190881
4 1 2 0 1679.13116919
1 1 4 0 1446.26627016
1 2 7 1 1586.46690986
2 1 6 1 838.248871131
1 1 2 0 1601.16468183
8 32 0 0 2427.89592874
8 32 0 0 2541.89174307
2 32 6 1 2259.64028142
8 1 0 1 1834.84740317
2 32 6 1 2296.66022914
8 32 0 1 2483.9388346
8 32 0 0 2543.86113031
1 2 1 1 1462.63604376
8 32 0 0 2464.81005453
8 1 0 0 1580.05947452
8 32 0 0 2540.17878023
1 32 7 0 2019.98768491
1 1 7 0 1330.66347497
8 1 0 1 1701.17503502
8 32 0 1 2512.76352673
8 32 0 0 2490.19117365
1 2 2 0 1929.65351013
8 1 0 0 1736.91622023
1 2 7 0 813.426261516
8 32 0 1 2434.72978951
8 32 0 1 2440.02026153
4 32 4 1 2478.71526537
4 1 4 1 1571.37040391
8 1 0 1 1529.53491244
8 1 0 1 1554.00558272
1 2 2 1 1448.63835518
2 2 2 0 1631.33676462
8 1 0 0 1388.21923951
8 32 0 1 2461.97747988
2 2 4 0 1880.56820526
8 1 0 1 1544.66790895
8 32 0 0 2554.06038591
8 1 0 0 1815.65029055
8 1 0 1 1861.66762298
8 1 0 0 1613.20790623
1 32 4 0 1250.06288054
1 2 1 0 937.092617347
1 32 7 1 2241.22598602
8 1 0 0 1557.73585528
8 1 0 0 1697.4976801
8 32 0 1 2464.38969167
1 2 4 0 907.911899269
1 2 7 1 1116.90875242
1 1 4 1 1295.94320707
1 2 4 1 1596.0821479
8 1 0 0 1956.92556004
8 1 0 0 1515.2258464
2 2 1 0 1969.64189858
8 1 0 0 1777.96580482
8 32 0 1 2546.37764875
1 1 7 0 1163.86124707
8 1 0 0 1748.56759507
8 32 0 1 2487.4322919
8 32 0 1 2490.66278976
4 32 4 0 2608.11638277
1 1 7 1 1000.15835705
2 1 2 0 1034.2078704
8 32 0 1 2426.90926549
2 32 1 1 2791.71568412
4 1 4 0 1545.59436517
1 1 2 1 1029.92645056
2 1 6 1 1087.23646362
4 1 4 0 1661.55742661
4 1 4 0 1619.42856012
2 32 2 1 2609.06087018
1 32 7 1 1763.14566806
8 32 0 1 2408.11247203
1 32 2 0 2219.00140491
4 32 4 0 2558.67489161
4 32 1 0 2526.607668
2 32 6 1 2460.87537946
1 32 7 0 2228.6478321
8 1 0 1 1875.64936952
1 32 7 0 1686.173113
2 1 6 0 1269.66665306
1 1 1 0 1230.2524696
4 32 2 1 2615.06562227
8 32 0 0 2515.06551734
4 1 2 1 1495.48201784
1 1 7 1 1108.84889273
2 1 6 1 1028.9410724
8 1 0 1 1536.5527548
2 32 6 0 2177.67360019
8 1 0 1 1768.96185044
4 32 4 0 2480.43553139
8 32 0 0 2505.01340385
4 32 4 0 2530.00339169
8 1 0 1 1395.39852687
8 8 0 0 2394.86314261
2 8 1 0 2186.30351632
2 4 4 0 1687.84651107
8 4 0 0 1940.25924424
8 2 0 1 1889.67371754
8 4 0 1 1887.60141545
8 4 0 1 1975.70009226
4 8 2 1 2400.30217971
8 4 0 0 1913.39911528
1 8 7 1 1460.02423333
4 2 4 1 1776.48649576
4 4 4 0 2016.78277354
8 2 0 0 1870.39106658
8 2 0 0 1767.50034053
4 8 2 0 2146.87594822
1 4 7 0 991.293003559
8 4 0 1 1870.86665425
4 2 2 1 1807.98405367
8 2 0 0 2046.45927992
2 4 2 1 1839.6848222
2 2 6 0 1275.07022963
2 4 2 0 1720.56565984
4 2 4 0 1927.77605967
8 2 0 0 1980.94373341
8 4 0 0 2254.81465238
1 4 7 1 1101.10723204
2 8 4 1 2027.44179027
2 8 2 0 2015.57222489
8 4 0 0 2223.43263232
4 4 2 0 2250.11616479
8 4 0 1 2192.64630208
1 8 7 1 909.370248406
8 4 0 1 2288.09725427
1 8 1 1 1597.53926731
8 4 0 1 2124.75670081
4 2 4 1 1861.06116968
4 8 4 1 2207.41228388
8 2 0 0 1933.46262219
2 8 6 0 1615.53367408
8 4 0 1 2135.82143096
8 2 0 0 2011.93442881
8 2 0 1 1905.87362974
2 4 6 1 1465.22798066
8 2 0 1 2000.83680825
4 2 1 0 1866.1011269
4 4 4 1 1712.9394622
8 2 0 0 1766.30147602
8 2 0 0 1855.32219917
4 2 4 1 1669.38812437
1 8 2 1 995.220097019
8 4 0 0 2139.06448668
1 4 7 1 1799.11393917
4 8 4 1 2395.2515408
8 2 0 1 1858.62094568
2 4 6 1 1798.13183408
8 4 0 0 2219.13545215
2 4 6 0 1985.64354352
2 8 6 1 1798.77300252
8 2 0 1 1862.70843332
8 2 0 0 1836.84227509
4 8 1 1 2386.88553128
8 2 0 0 1841.31410212
8 4 0 1 2104.48187802
8 4 0 0 2312.09254502
8 2 0 1 1908.69580974
8 2 0 0 1978.09247665
2 4 1 1 1695.83523071
8 2 0 1 1885.41545396
4 2 4 0 1566.1240421
1 4 2 0 1921.26362771
8 4 0 0 2103.48720983
8 8 0 0 2344.70833735
8 2 0 1 2022.08214295
2 8 6 0 645.674260579
8 4 0 1 2322.62622256
8 4 0 1 2132.3625844
8 4 0 0 2141.16917403
1 8 7 0 895.655913056
1 8 4 1 1027.1918943
8 4 0 0 1908.05248532
8 2 0 1 2008.77793565
4 4 1 0 1855.44738893
4 2 4 0 1514.72240722
1 8 7 0 1894.33568344
4 4 1 1 2284.43756831
4 4 4 0 2191.38135253
8 2 0 1 2002.86613754
1 8 7 0 1567.80765704
8 8 0 1 2299.70804278
1 4 1 1 1919.44754744
1 8 1 0 1480.53800633
8 2 0 1 2013.39018933
8 4 0 0 2185.85247991
4 8 4 1 1954.18817815
2 8 4 0 1539.10913496
4 8 4 0 2482.24611254
2 8 2 1 2166.93214894
4 4 4 0 1613.20032271
8 2 0 1 1775.57599391
2 8 6 0 1855.21299075
4 4 2 1 2363.45783746
2 2 6 0 1603.74773635
8 2 0 0 1846.00569008
8 2 0 0 1842.6659712
4 4 4 1 1689.48542799
1 8 4 0 1644.89405553
8 4 0 0 2104.66609234
8 2 0 0 2182.84297592
2 4 6 0 1571.47472642
1 4 2 1 1717.15171488
4 8 4 0 2026.77628239
4 8 1 0 2528.06937576
4 4 4 1 2255.23574698
8 2 0 1 2090.50661633
4 4 4 1 1913.75140521
1 4 7 0 1744.1318736
2 2 6 1 1084.6579285
8 2 0 0 1755.51936902
8 4 0 0 2206.15396529
4 8 4 0 2273.74929016
1 8 7 1 1542.1532433
1 4 4 0 1198.79061603
2 4 4 1 1503.2659809
8 4 0 0 2194.02307544
8 4 0 1 2087.75569651
8 4 0 1 2042.00014332
4 8 4 1 2241.24831696
8 2 0 0 2189.76639392
2 8 6 1 1443.49465643
8 4 0 0 1885.76656967
1 4 4 1 1626.60965913
8 4 0 1 2197.67931687
8 4 0 0 2257.59439939
8 4 0 1 2028.41400096
4 2 1 1 2180.01646589
4 2 4 0 2253.19627787
2 4 6 0 1607.0584831
4 2 2 0 2169.9598914
4 8 4 0 2430.5416909
8 2 0 1 1852.34122445
8 2 0 0 1948.29321554
8 4 0 1 2209.47254246
2 4 1 0 1860.3984444
8 4 0 1 2067.17416534
8 4 0 0 1816.00539004
8 2 0 1 1927.93862756
8 2 0 1 2129.8042898
4 2 4 1 1444.77073874
4 4 4 0 2184.64177041
2 8 1 1 2068.66767548
2 4 6 1 1955.79566196
8 4 0 0 2236.84536761
8 2 0 0 1936.50069087
8 2 0 1 1650.44973941
1 4 7 1 1807.64518372
8 4 0 1 1869.37070013
8 4 0 1 2242.91959304
1 4 7 0 1479.80751381
8 8 0 1 2350.0409797
1 4 1 0 1123.39665487
1 8 2 0 2034.87224121
8 2 0 1 2025.3389562
2 8 6 1 1889.70267
8 32 0 0 2476.09075917
8 8 0 0 2266.36637941
8 32 0 0 2412.80462556
8 8 0 0 2396.22255498
8 32 0 1 2343.93090798
8 16 0 0 2390.88591317
4 32 4 1 1782.83154174
8 16 0 1 2342.30541284
8 16 0 1 2470.96323696
8 32 0 0 2411.33847238
2 32 4 1 1979.16124263
4 16 4 0 2527.91988965
8 16 0 1 2334.70829031
8 32 0 0 2433.12052144
4 32 2 0 2511.74896334
2 32 6 0 1781.09224327
8 8 0 1 2276.67106229
8 16 0 0 2420.41119444
8 8 0 0 2370.84320869
8 8 0 0 2241.9193419
8 8 0 1 2149.10959486
1 16 2 1 1796.03087308
2 16 6 1 1863.00751986
2 32 2 0 2458.85468055
8 8 0 1 2200.38810975
1 32 2 1 1605.61966224
