1 4 16 1 589.284305787
1 2 1 0 595.807847402
8 1 2 0 679.978790567
32 4 1 1 749.754121247
4 2 2 0 773.981736628
1 2 32 1 1955.22167636
8 1 16 1 757.959854092
4 4 4 1 766.980687862
4 1 32 1 752.476891385
4 1 2 0 774.090507383
16 1 16 1 718.975096222
4 1 2 1 728.998983834
2 8 8 0 1700.21228831
32 2 8 1 753.470738139
2 1 32 1 888.865142812
32 32 8 0 740.767525015
2 1 32 0 749.066648995
1 2 2 0 1806.0310259
16 32 4 0 750.941348279
16 32 1 0 4262.77877621
2 8 16 0 1670.3369811
4 2 8 1 762.58499592
2 2 16 1 774.32605099
8 32 32 0 1715.83242847
8 4 16 0 766.057657938
2 1 4 1 515.39967257
16 2 4 1 732.376618271
8 1 4 0 761.895011289
32 32 8 1 740.099076894
2 2 32 0 1591.96492846
32 4 2 1 719.663548155
8 2 1 0 772.104077525
2 1 16 1 765.341553058
2 1 8 1 780.737497448
1 8 32 0 673.651702779
1 4 8 0 1238.87829029
8 1 4 1 752.007066192
8 4 4 0 777.759707328
32 2 32 0 762.094275544
8 4 8 1 774.117881348
16 1 32 0 759.818156363
4 2 32 1 778.318706059
1 4 8 1 1387.56473461
32 1 1 0 703.994717488
32 2 4 1 732.201092612
1 1 1 1 563.096753003
4 1 32 0 769.003300865
16 1 2 1 721.399289517
32 1 2 1 725.936209377
2 8 2 1 780.226393355
4 1 4 0 765.1990353
1 1 32 1 1856.68284381
16 2 32 1 768.004313071
1 8 8 1 590.440027067
32 1 1 1 726.232748726
8 2 2 0 763.893648697
1 8 4 0 1347.09674513
32 2 8 0 760.444993615
16 32 8 1 744.202877578
32 32 16 0 733.488580357
8 4 2 0 773.644417321
1 4 32 1 583.413523136
16 2 16 1 769.280497969
2 4 32 1 775.07583181
16 2 32 0 769.347644845
32 1 16 0 739.673280534
16 2 8 0 753.491374974
8 1 32 0 558.486908614
16 1 1 1 739.312049301
4 4 2 1 767.56295572
32 4 8 0 745.485106185
2 4 2 0 773.776782654
2 2 1 1 705.76262944
16 2 8 1 765.342720472
16 32 16 0 738.944750367
2 2 2 0 1338.45660427
16 4 32 0 757.081704156
32 4 8 1 752.063037605
4 1 4 1 774.293999995
16 4 1 1 770.307166724
32 32 32 1 743.577352368
1 1 1 0 475.000945136
2 8 4 0 1738.94319234
8 4 8 0 762.763756753
16 32 4 1 735.529532028
1 1 2 0 1773.05024079
4 2 16 0 781.063875778
16 4 1 0 765.612054571
32 32 16 1 732.895521423
2 4 4 0 1486.57377643
2 2 1 0 1406.41958361
8 2 32 1 765.277536219
2 8 4 1 778.700888911
2 4 8 1 767.244082013
16 2 1 1 761.960856085
4 2 2 1 769.889426441
1 2 4 1 864.771407109
2 1 4 0 1016.35864177
1 1 8 0 1739.71380525
32 2 4 0 739.888887143
2 1 16 0 708.802648817
16 4 2 0 770.355648492
2 8 1 1 766.11463908
1 8 16 0 1216.41335093
8 4 1 1 762.019168115
32 4 32 1 755.405212332
16 4 4 1 737.539883447
4 4 16 0 781.802042674
1 2 1 1 586.516768241
32 4 1 0 753.383674562
1 8 16 1 2096.39417649
4 1 8 0 777.921497481
32 4 4 0 741.740159028
8 2 32 0 773.53526199
2 4 2 1 1494.4191448
16 1 8 1 744.239364582
4 2 8 0 774.850125877
8 4 1 0 754.227348769
2 8 2 0 1446.29113851
16 32 8 0 749.144234501
1 2 4 0 561.045286895
4 1 8 1 742.976312448
32 1 4 0 755.128990251
16 1 2 0 761.588204689
16 2 16 0 768.229609502
2 2 32 1 569.354834641
8 1 1 1 757.700407479
8 4 2 1 765.501729342
8 32 16 0 2184.62071455
1 1 8 1 1683.40845442
32 1 16 1 736.300582968
8 32 16 1 2029.82626212
16 32 1 1 4002.83881774
16 2 1 0 757.709703026
16 2 2 0 765.323341316
1 2 8 1 2486.59093836
2 1 2 0 987.467543747
32 2 1 0 740.792904648
1 2 32 0 1592.93496441
8 1 1 0 762.975289049
1 1 2 1 1585.45728417
2 2 4 1 656.451634649
4 4 4 0 780.136851791
16 2 4 0 742.974158365
4 2 16 1 777.58196087
2 2 8 1 624.137005377
8 2 16 0 765.05543405
32 1 2 0 758.919701821
2 4 16 1 769.902542712
8 1 8 0 770.250604545
1 4 32 0 2403.17179126
1 1 32 0 1454.55287227
8 2 1 1 751.691406321
16 4 8 1 752.569434153
8 32 32 1 1704.72290436
32 2 1 1 713.519344811
2 8 8 1 775.827839652
16 32 32 1 736.291095915
32 1 32 0 752.560939437
32 2 16 1 731.883975493
4 1 1 1 771.66086672
32 32 2 0 750.843878811
1 1 4 1 468.933914747
4 4 8 1 774.928114032
16 1 4 1 729.18730815
16 1 16 0 696.587938429
1 4 1 1 1786.36338348
1 8 8 0 2280.73919909
32 32 1 0 743.922773908
4 4 32 0 776.207167186
32 32 4 1 721.429602411
16 1 8 0 745.895586995
2 4 4 1 771.328298563
1 2 2 1 1512.68890286
4 4 2 0 771.485317377
16 4 32 1 762.099595336
2 1 8 0 924.489047671
8 2 8 1 766.546643143
4 4 32 1 771.536145699
1 4 4 0 2423.46626799
1 8 32 1 586.634592765
16 4 4 0 735.946435911
32 1 32 1 713.757722695
2 4 16 0 1522.51419633
1 8 2 1 843.551176456
8 4 4 1 773.962514443
2 2 8 0 1373.53372807
4 1 16 0 775.267690245
4 4 1 1 777.0701675
8 2 2 1 772.955558261
2 8 16 1 765.367981673
1 4 1 0 2276.64731107
32 32 1 1 741.515248153
32 1 8 1 720.355994718
32 2 2 0 741.684801624
4 2 32 0 778.492268445
8 2 4 0 773.344945048
4 1 1 0 775.233546281
2 2 2 1 638.65774962
1 1 4 0 528.393608089
4 2 4 1 722.293265639
2 4 8 0 1635.1291698
16 4 2 1 751.14088474
32 2 2 1 733.789187003
1 4 4 1 601.962557084
1 2 8 0 2034.79995514
4 2 1 1 777.506970474
2 4 32 0 1582.45960654
8 4 32 1 756.381312866
16 1 4 0 713.381267261
1 8 4 1 2196.06957213
2 1 1 1 358.910176802
16 4 16 1 751.356341951
1 4 2 0 594.334926608
32 32 32 0 730.873138485
4 1 16 1 775.166020056
32 32 2 1 730.0588332
2 4 1 1 1478.15879548
4 2 4 0 751.697002863
16 32 32 0 747.523825638
32 2 32 1 746.019235613
1 8 1 0 2162.00909802
16 1 32 1 728.702224037
2 4 1 0 766.540226819
8 2 8 0 773.254614821
1 4 16 0 1548.53965898
8 1 2 1 769.782658067
2 2 4 0 1324.09318756
16 32 2 1 3750.32211296
1 2 16 1 789.066624619
1 1 16 1 346.117316941
32 32 4 0 743.268833709
8 4 32 0 771.226113423
16 32 16 1 737.735508284
16 1 1 0 757.744497182
2 1 2 1 417.505285527
32 4 32 0 747.334910646
32 4 2 0 740.688244032
32 16 2 0 732.975416986
2 8 32 1 773.287980442
32 1 4 1 743.618734825
32 8 16 0 738.322843484
8 16 32 1 761.289045094
32 8 2 1 744.147876577
16 8 4 0 759.473781641
8 1 16 0 772.40486467
8 32 8 0 768.331738795
8 16 2 1 751.188518412
2 16 32 1 1523.3124286
8 32 4 1 769.532370239
2 16 8 1 1752.4034463
1 1 16 0 557.819080988
8 1 32 1 757.326692012
8 1 8 1 755.313721556
2 1 1 0 767.109966
4 32 8 1 767.473244246
32 1 8 0 747.618602652
