2 1 2 0 100.110033798
2 1 16 0 149.252216151
1 1 8 0 106.536700947
4 1 8 0 169.94476531
4 1 4 0 150.35315523
2 1 8 0 165.756216429
1 1 16 0 125.622803794
1 1 1 1 45.6449770597
2 1 1 1 97.9251160704
2 1 1 0 93.5015517424
4 1 16 0 218.187228073
1 1 1 0 60.3898021678
2 1 2 1 104.443506458
4 1 8 1 183.952257112
4 1 2 0 119.051205288
2 1 16 1 160.092358421
2 1 32 1 154.793890496
2 1 4 0 145.002074315
1 1 2 1 87.5367281174
2 1 32 0 150.220715835
1 1 4 1 112.924773675
4 1 4 1 132.330825398
1 1 8 1 145.283021455
2 1 4 1 144.945348237
1 1 4 0 115.869386309
4 1 1 0 122.917662974
4 1 32 1 182.785015933
2 1 8 1 148.467450158
4 1 16 1 125.543181814
1 1 32 1 126.947042065
4 1 2 1 140.577912713
1 1 16 1 136.862100598
4 1 1 1 138.670777375
1 1 2 0 83.3033833214
1 1 32 0 138.640571119
4 2 8 0 170.074483736
16 1 8 0 145.239940691
1 2 2 0 83.1215491286
4 2 4 1 149.447954245
8 2 1 1 128.919174635
32 1 2 1 150.205732729
4 2 1 1 115.505547253
1 2 32 0 129.308141613
2 2 1 0 91.7959750814
8 1 8 0 173.030252392
1 2 16 0 131.909221773
8 2 2 1 142.985696914
2 2 32 1 151.884218555
4 2 4 0 132.170455817
4 2 8 1 151.786356641
8 1 8 1 182.959783177
16 1 1 1 183.50580585
32 1 16 1 131.608011762
1 2 2 1 57.626652791
32 1 8 1 150.780136767
4 2 1 0 103.312283205
8 1 2 0 180.547092434
8 2 2 0 163.69642683
4 2 2 0 132.018657497
32 1 2 0 124.435893288
8 1 4 0 163.81432245
1 2 8 0 143.045571222
8 2 1 0 150.570963262
4 2 32 0 174.468401353
16 1 8 1 157.472143337
2 2 16 1 142.515035766
4 2 32 1 164.594713812
32 1 4 0 133.002206467
1 2 8 1 133.76341519
1 2 4 0 106.250588028
2 2 8 1 146.755674905
8 1 16 0 191.957378255
8 1 1 1 163.496878739
16 1 2 1 167.189336198
2 2 8 0 150.218317047
16 1 4 1 168.266456515
32 1 32 0 138.261229764
2 2 16 0 157.577180849
32 1 8 0 110.248847878
8 1 1 0 143.502646663
16 1 16 1 155.362859283
1 2 1 1 62.2770558689
2 2 4 1 100.189870075
32 1 4 1 167.08109131
4 2 16 0 198.702345064
8 1 32 1 178.131203216
16 1 32 1 155.778718955
4 1 32 0 170.996394074
32 1 32 1 153.036857621
8 1 16 1 149.54929417
1 2 16 1 111.481422848
2 2 2 0 110.427437116
32 1 1 1 159.023756146
2 2 2 1 111.428514063
16 1 16 0 181.554730666
8 1 4 1 180.218503645
4 2 16 1 150.99507623
2 2 32 0 150.993848127
32 1 16 0 156.070727512
2 2 4 0 138.811754902
16 1 32 0 175.456541287
2 2 1 1 84.0478400326
1 2 4 1 106.113007377
16 1 4 0 137.526842323
4 2 2 1 115.642131581
8 1 32 0 142.412501952
32 1 1 0 187.870036088
1 2 1 0 60.1583974396
8 1 2 1 135.218698299
1 2 32 1 135.061030272
16 1 2 0 180.980885697
16 1 1 0 151.466847808
1 4 4 1 103.229655752
32 2 32 0 149.924277714
1 4 16 1 112.484319383
8 2 32 1 152.867572972
16 2 2 0 134.359832533
1 4 2 0 80.5357771775
8 2 16 0 137.425416119
1 4 1 1 57.3865222297
32 2 1 1 154.614590324
4 4 2 1 118.952983797
4 4 8 0 151.432406364
4 4 1 0 109.391437306
1 4 16 0 119.490118803
16 2 32 0 172.628210435
4 4 32 0 140.188809834
2 4 4 1 125.233422987
32 2 8 0 159.561923508
1 4 32 0 115.917943336
4 4 1 1 116.534002723
16 2 4 0 196.040841169
8 2 4 1 160.103391413
16 2 1 1 148.593204545
4 4 16 0 159.546293246
2 4 1 1 84.6626014662
4 4 16 1 137.828407979
8 4 4 0 153.559894261
8 2 4 0 141.590898905
2 4 8 0 147.848109259
2 4 16 0 128.058461553
8 4 2 0 146.052984506
4 4 4 0 133.473658546
4 4 8 1 144.514652775
32 2 4 1 172.197382918
32 2 8 1 134.337926644
32 2 32 1 157.33363253
32 2 16 0 136.531609449
32 2 4 0 164.025188076
8 2 8 1 143.428374638
2 4 8 1 139.900914648
16 2 2 1 180.988552242
8 4 1 0 134.101684237
16 2 32 1 150.800448676
2 4 32 0 151.687567802
2 4 4 0 120.95422621
8 4 8 1 175.372010899
16 2 8 1 180.666042
16 2 8 0 180.053969653
8 4 1 1 134.620402023
1 4 8 0 103.994326881
8 2 16 1 174.39559146
8 4 16 1 135.197530904
1 4 32 1 117.026325643
2 4 32 1 127.876906992
16 2 1 0 135.407003831
2 4 2 1 96.4366670799
2 4 2 0 88.7911590422
16 2 16 1 153.092129058
32 2 2 1 118.316131269
4 4 2 0 124.925471659
16 2 16 0 156.658848438
4 4 4 1 143.037056477
8 4 2 1 161.225425755
8 4 8 0 153.227197564
32 2 2 0 149.501952434
8 2 32 0 175.572828405
1 4 8 1 122.373524711
32 2 1 0 144.347824053
1 4 4 0 114.023012696
32 2 16 1 160.548959493
8 2 8 0 141.534966901
4 4 32 1 141.964168689
2 4 1 0 93.9602872493
16 2 4 1 160.675111897
1 4 2 1 81.2499890101
1 4 1 0 61.5111565036
2 4 16 1 126.18236819
8 4 4 1 136.428043077
2 8 4 0 132.779231472
16 4 8 1 124.31804638
1 8 16 1 93.7948289802
32 4 1 0 137.963630289
8 4 32 0 152.97918293
16 8 1 1 137.110543664
2 8 4 1 126.210137879
32 4 8 1 134.509328963
4 8 8 1 161.894971758
4 8 32 0 162.2780045
8 8 1 1 117.289563871
8 8 4 1 148.800092267
16 4 1 1 136.408579782
2 8 1 1 89.011835885
1 8 1 1 59.4102232067
32 4 32 0 127.162158886
8 8 8 0 125.921779547
16 8 1 0 153.364623662
4 8 4 0 139.790843565
16 4 16 1 134.505413507
32 4 2 0 129.141136275
8 8 32 1 151.556939745
16 4 32 1 138.736055349
4 8 1 1 110.940889994
4 8 2 0 120.302336408
8 4 16 0 149.015251883
16 4 8 0 138.391834211
1 8 2 0 77.1946379169
16 4 32 0 177.530222895
1 8 1 0 59.1810948408
2 8 16 1 127.047649606
1 8 2 1 70.6359652372
16 8 2 1 162.399044591
16 4 4 1 153.91753606
32 4 4 1 126.437590298
2 8 2 1 99.1513209842
32 4 4 0 135.144123377
8 8 1 0 123.716258717
16 4 1 0 140.682500199
16 4 4 0 161.558721206
32 4 16 0 136.414753498
1 8 32 0 111.852694922
32 4 2 1 143.318765353
8 8 4 0 144.15810635
8 8 8 1 160.285269799
8 8 16 0 145.055444549
2 8 8 0 143.265892245
1 8 4 1 96.2683882393
2 8 32 0 142.562124194
32 4 8 0 113.3934417
16 4 16 0 164.395946931
1 8 16 0 113.324351545
8 8 16 1 139.907371215
32 4 16 1 134.241371256
2 8 1 0 91.5935932563
8 8 2 0 156.412028906
2 8 16 0 133.43826352
16 4 2 0 144.541925727
2 8 8 1 134.143805133
1 8 4 0 107.071593018
4 8 1 0 96.7578333996
32 4 1 1 169.966300155
8 8 2 1 140.057533013
1 8 8 0 78.8285971772
2 8 2 0 104.855089505
16 4 2 1 156.163160973
1 8 8 1 119.359095455
4 8 16 1 136.800857503
8 4 32 1 136.957859198
32 4 32 1 147.657711228
4 8 8 0 164.757036844
4 8 4 1 139.027601501
4 8 2 1 119.425726971
8 8 32 0 162.975899338
2 8 32 1 127.073245918
1 8 32 1 110.355637126
4 8 32 1 134.038501079
4 8 16 0 154.606465723
16 16 4 1 125.045159277
16 16 1 1 117.287832657
8 16 2 1 122.240727964
16 8 8 0 163.883735608
16 8 32 1 112.504944532
1 16 4 0 104.52216776
16 16 16 0 127.517360943
8 16 1 1 112.001876764
16 16 16 1 112.920032465
16 8 4 0 140.411689001
4 16 2 1 103.742878396
16 16 1 0 143.736235546
16 8 32 0 152.808445183
4 16 2 0 113.113657367
4 16 8 1 131.22638881
1 16 4 1 101.57614165
4 16 32 0 139.357284704
4 16 16 1 139.149984823
16 8 2 0 162.165104492
32 8 2 1 147.09227403
32 16 1 0 130.940830095
32 8 16 1 150.277900673
1 16 2 0 78.9838060046
2 16 4 1 106.481742973
4 16 4 1 113.904187248
2 16 16 0 126.365936711
16 16 8 0 118.260297793
8 16 8 0 140.610910639
16 8 4 1 170.095941137
1 16 2 1 69.5987885116
32 8 8 0 141.278894793
32 8 32 1 126.76837026
1 16 8 1 95.3690553096
2 16 32 1 111.267261667
4 16 32 1 116.959963738
16 8 16 0 150.027080301
2 16 8 0 117.293387149
2 16 8 1 121.538984747
1 16 1 0 61.1997358309
8 16 4 1 125.742716487
16 8 8 1 162.947922483
32 8 1 1 144.670443156
16 16 2 1 116.577190551
16 16 32 0 129.39534995
1 16 32 0 117.790084297
2 16 4 0 115.966887252
8 16 32 1 141.095445104
8 16 16 0 130.655860472
8 16 32 0 152.633201614
1 16 32 1 107.735108144
16 16 32 1 130.278404682
4 16 16 0 138.483529476
8 16 16 1 137.400924378
4 16 8 0 131.357736933
2 16 2 1 85.4475580181
32 8 4 1 125.476373106
16 8 16 1 126.688873678
2 16 32 0 151.433226216
2 16 1 0 93.1265686309
32 16 2 1 101.771977913
4 16 4 0 132.766441561
4 16 1 0 111.675598696
2 16 2 0 103.072828132
32 8 1 0 159.019103147
16 16 8 1 102.413177578
2 16 16 1 118.407361663
4 16 1 1 97.8053211913
1 16 16 1 104.707553846
32 16 1 1 101.901510093
32 8 4 0 144.677267652
16 16 2 0 134.641847076
16 16 4 0 122.936902964
32 8 16 0 136.795692457
8 16 8 1 119.537187913
32 8 2 0 162.805402438
32 8 32 0 145.257157861
8 16 4 0 143.324718713
1 16 8 0 108.154520086
8 16 2 0 133.370310861
1 16 16 0 101.947059541
1 16 1 1 58.7614903899
2 16 1 1 83.7956274239
32 8 8 1 139.014546843
8 16 1 0 133.870713431
1 32 1 0 54.4629731616
16 32 2 1 114.71986424
16 32 32 1 117.643077606
1 32 4 1 79.8864335581
4 32 16 0 145.769105132
16 32 4 0 135.009007755
4 32 4 1 92.748077246
32 16 8 0 104.259664797
16 32 8 0 137.503855607
16 32 1 1 97.5773369081
32 32 8 1 124.204503673
32 16 4 0 107.124382727
1 32 2 0 80.1051956465
2 32 16 1 95.1950561548
1 32 32 0 116.932732199
4 32 32 0 130.671868939
4 32 2 1 101.380729359
4 32 32 1 101.58986565
8 32 2 1 111.671431415
2 32 8 0 123.924758595
2 32 1 1 72.1916308383
4 32 4 0 130.413633194
2 32 4 0 119.644564838
2 32 8 1 108.013397157
8 32 16 1 104.016607692
1 32 1 1 48.005813951
16 32 4 1 109.946972182
32 16 16 1 112.040058693
4 32 16 1 114.608228949
32 16 32 1 100.843115285
16 32 32 0 118.690796115
16 32 1 0 126.321255298
8 32 16 0 118.030835321
32 32 4 1 116.033044467
1 32 16 0 102.365257652
8 32 4 1 119.341923024
32 16 16 0 113.308082071
32 32 32 0 106.205548479
32 16 8 1 125.058756187
32 32 32 1 103.284887059
2 32 2 0 96.3019395376
32 32 4 0 104.870851535
4 32 8 1 110.555858233
8 32 1 1 90.7135030022
4 32 1 0 98.5624747786
2 32 32 0 116.458492891
32 32 16 1 110.577833834
1 32 32 1 93.2825031888
8 32 8 0 128.37310093
8 32 32 0 128.085905789
4 32 2 0 129.824998645
1 32 8 1 96.285479156
8 32 8 1 110.196378734
32 32 1 0 114.889046859
16 32 2 0 143.566167531
16 32 16 0 83.7382762134
32 32 2 0 121.047371721
32 16 4 1 104.191187825
2 32 32 1 100.496750562
2 32 16 0 118.913956265
1 32 4 0 99.261553038
8 32 4 0 123.756451132
32 16 2 0 112.178498476
32 32 1 1 102.735370325
1 32 16 1 93.0566885713
32 16 32 0 120.243710184
2 32 4 1 92.1938706629
8 32 1 0 126.247917591
2 32 1 0 72.9081581816
32 32 2 1 136.309699124
32 32 16 0 134.15175722
1 32 2 1 76.5376276272
16 32 16 1 115.025916929
1 32 8 0 109.430280146
32 32 8 0 103.773423511
16 32 8 1 114.09777304
2 32 2 1 80.5031656613
8 32 32 1 106.744221582
4 32 1 1 100.463383696
8 32 2 0 129.766286035
4 32 8 0 121.248997856
8 1 1 1 287.512256057
1 1 32 0 212.732250466
1 1 1 1 98.4362276422
4 1 1 1 215.138069463
2 1 8 1 160.683698716
1 1 2 1 142.694550257
4 1 2 1 223.641578032
2 1 16 0 279.744579721
2 1 8 0 263.230891495
8 1 4 1 326.993777938
4 1 4 1 340.257128192
8 1 2 1 284.92190619
2 1 4 1 258.905549045
1 1 16 1 235.731522178
1 1 16 0 199.881935577
1 1 4 1 214.349538145
4 1 1 0 256.788171396
8 1 8 0 336.647763116
2 1 2 0 219.880143981
4 1 2 0 250.085152584
2 1 32 1 257.448897893
1 1 2 0 160.492376251
2 1 2 1 192.49287758
4 1 4 0 283.475244195
8 1 1 0 186.164285383
1 1 32 1 211.843160409
1 1 8 1 245.614558462
2 1 1 1 188.733120145
1 1 8 0 238.475786713
2 1 1 0 179.863580192
2 1 4 0 256.854443677
4 1 16 1 312.990029809
4 1 16 0 260.287222131
2 1 16 1 297.745653901
4 1 8 0 254.482969313
8 1 2 0 255.684127146
4 1 32 1 303.476855524
4 1 8 1 160.695215224
1 1 1 0 114.831443327
8 1 4 0 280.51601538
2 1 32 0 260.076519655
8 1 8 1 355.997302371
4 1 32 0 355.458429306
1 1 4 0 217.97233673
1 2 2 1 153.083766789
2 2 16 0 254.336208199
32 1 8 0 254.882976897
16 2 16 0 280.459452524
4 2 4 0 284.610410369
16 2 16 1 271.561978132
32 1 2 1 215.18829389
32 1 32 1 228.497153399
32 2 8 0 265.319343226
16 2 8 0 282.724163681
4 2 8 1 272.346408771
1 2 8 0 221.260576173
2 4 2 1 189.579967616
1 2 1 0 116.165631919
2 2 32 0 271.230444467
16 1 2 1 259.569489158
32 2 32 0 250.931888111
2 2 1 0 187.105165138
16 1 8 0 270.947311379
16 1 4 1 342.380567809
4 2 16 0 317.221694817
1 4 16 1 178.417915799
16 2 32 0 266.249170383
1 4 32 1 207.501125068
8 2 4 0 288.56167978
16 2 2 1 310.068671082
32 2 1 1 239.187200379
2 2 4 0 272.873464779
4 2 8 0 300.18154612
16 1 1 0 294.458659709
1 4 1 0 118.310384986
2 4 1 1 167.088069649
2 2 32 1 270.134199076
1 2 16 0 210.233238874
32 1 4 1 326.228814363
32 2 2 0 245.996354997
16 2 4 0 285.293812288
1 4 1 1 116.011794988
32 2 4 0 273.794568411
2 2 8 0 261.451294985
2 2 1 1 166.556489243
1 2 4 1 203.588924597
32 1 8 1 241.884877482
1 2 1 1 120.64909439
2 2 16 1 227.939847205
1 2 32 0 240.806477028
8 1 32 0 298.314839767
16 1 4 0 313.542167645
1 4 32 0 190.735605017
32 2 2 1 203.054735665
8 2 2 1 255.546267267
32 1 4 0 242.839359715
1 4 4 0 189.144973474
8 2 4 1 297.516093152
32 1 32 0 253.452047918
4 2 2 0 232.644412298
16 2 32 1 333.568200488
2 4 1 0 166.918128312
16 1 16 0 298.092471099
4 2 1 1 221.538373142
16 1 16 1 226.226303239
1 2 2 0 166.964055017
2 2 8 1 267.965340855
4 2 4 1 273.256350943
32 2 8 1 295.573142308
1 4 16 0 210.064440583
8 2 16 1 201.878686337
1 2 32 1 227.091219664
32 2 16 1 242.78702059
8 2 32 1 271.542800091
32 1 1 0 284.480631666
8 2 16 0 328.452383926
4 2 1 0 222.02559485
16 2 1 1 295.111967057
32 2 32 1 231.243113836
32 2 16 0 301.209622172
2 2 2 1 203.572514348
1 2 16 1 213.344996645
32 1 16 0 288.074385029
16 1 1 1 325.346536972
8 1 32 1 253.512564525
16 2 8 1 288.260955998
8 1 16 1 288.776313146
32 1 2 0 263.554189905
4 2 2 1 251.574808188
32 1 1 1 270.243189661
8 1 16 0 285.521779261
8 2 8 0 261.767555273
1 4 2 0 145.897050357
4 2 32 0 321.55766957
2 2 4 1 217.438833915
1 4 2 1 146.146017625
2 2 2 0 217.10527498
4 2 16 1 297.523689534
32 2 1 0 137.452713433
1 2 8 1 248.202062458
1 4 8 1 206.115228324
16 2 4 1 287.741888841
16 1 8 1 308.591919315
32 1 16 1 308.766337357
8 2 32 0 298.081710851
8 2 1 0 270.752290106
8 2 2 0 294.155900772
32 2 4 1 311.850876298
8 2 1 1 255.632242857
8 2 8 1 304.709515317
1 4 4 1 180.954614504
16 1 32 0 297.250906287
1 4 8 0 183.532088479
16 2 1 0 298.061293932
1 2 4 0 223.76152583
4 2 32 1 278.217873566
16 1 32 1 308.879624947
16 1 2 0 290.701264171
16 2 2 0 266.311422198
32 4 16 1 235.201761333
2 4 32 0 224.562297879
4 4 8 0 244.745097408
1 8 8 0 200.868957473
8 4 1 1 259.810744464
8 4 4 1 262.936564169
8 4 2 0 274.789628979
16 8 2 1 239.863858931
32 4 32 0 253.756209602
16 8 2 0 207.237175637
16 8 1 1 205.125164725
4 4 32 1 248.917309581
8 8 4 0 259.569746138
32 4 16 0 211.003650725
4 4 4 0 284.413337738
16 4 32 1 260.585615783
8 4 8 0 276.216135458
2 8 4 1 206.050140663
4 8 1 0 203.49825179
16 4 4 1 247.437864329
16 4 1 1 262.259572848
8 4 32 1 252.125211341
32 4 2 1 256.710449226
1 8 8 1 188.125078424
4 8 4 1 221.19065844
2 4 4 1 194.469581974
32 4 32 1 242.477579566
2 8 16 0 257.020770175
2 4 8 0 201.73364505
16 8 4 0 267.982356305
16 4 16 1 255.228096122
4 8 1 1 204.423283194
16 8 1 0 221.198286227
8 4 32 0 283.36450891
4 8 4 0 242.023425441
8 8 16 1 263.96952598
16 8 16 0 248.313838584
4 4 4 1 237.870505898
8 8 8 0 265.398403874
4 4 1 1 206.130481122
16 4 8 0 279.730570507
4 4 32 0 249.744678095
2 8 8 1 218.730804687
4 8 16 0 285.706439
1 8 1 0 112.867727965
2 4 4 0 212.601990268
1 8 2 0 137.77291198
8 8 1 0 231.870513407
2 4 8 1 239.351022087
2 8 1 0 164.403417524
16 4 32 0 281.24692754
32 4 8 1 217.257224999
4 8 2 1 217.101308732
1 8 16 0 168.580357992
16 4 1 0 270.812469812
2 8 8 0 234.11272288
16 4 16 0 228.469700567
16 8 16 1 244.133656412
2 4 32 1 221.581623221
32 4 1 0 233.877260359
32 4 8 0 273.939605756
2 4 2 0 169.186550043
16 4 8 1 305.928533819
16 4 2 0 297.079342552
8 8 32 1 259.48172801
2 8 2 1 193.169068502
4 4 8 1 225.781794394
1 8 32 1 191.648983012
8 8 32 0 254.778052459
16 4 4 0 259.477683373
4 8 16 1 263.032401078
16 4 2 1 264.476716871
2 8 1 1 152.13390118
4 4 16 1 262.711351451
4 8 32 0 279.438729717
8 8 2 0 256.891769316
4 8 32 1 272.618106034
2 8 2 0 204.039732052
1 8 2 1 145.576858837
4 4 1 0 184.384635262
16 8 4 1 190.582219556
4 4 16 0 233.014617351
4 8 8 0 259.329274652
1 8 32 0 206.868890898
2 8 32 0 264.003814278
4 8 8 1 234.91361787
32 4 2 0 278.795194335
4 8 2 0 247.32521293
32 4 1 1 259.491567277
1 8 4 1 193.520151825
32 4 4 1 283.926239106
2 8 32 1 227.529871111
4 4 2 0 221.417079873
1 8 16 1 203.074109988
8 8 2 1 264.235793079
2 4 16 0 238.308571062
2 4 16 1 209.808099001
8 4 8 1 261.321830327
2 8 4 0 253.117729243
8 8 8 1 244.280639538
4 4 2 1 215.873941571
16 8 8 1 259.605262506
1 8 4 0 189.286478272
32 4 4 0 244.549958135
2 8 16 1 233.110021216
8 4 16 0 253.971228868
8 4 2 1 263.766802485
8 8 4 1 245.950505015
1 8 1 1 111.949261274
8 4 16 1 267.048174302
8 8 1 1 218.716503856
8 4 4 0 247.263897382
8 8 16 0 217.467814452
8 4 1 0 215.590414331
16 8 8 0 297.351473627
8 16 2 0 204.116565458
2 16 32 1 222.520405637
2 32 16 1 200.229956906
32 16 2 1 279.390192197
1 32 1 1 101.428187024
4 16 2 1 175.986431755
1 16 4 1 181.934882121
2 16 4 0 231.323869127
16 16 32 0 250.33783164
16 16 4 0 261.977981021
32 8 16 0 221.267100038
32 8 32 1 199.040664995
4 32 1 0 193.794736817
2 16 1 1 156.01574692
2 16 16 1 187.0872077
4 16 2 0 235.326459864
32 16 16 1 223.151139523
16 16 32 1 221.141067333
1 32 8 0 172.489864118
1 16 16 1 173.521897
4 32 2 0 214.88404038
2 16 2 1 183.977414459
1 32 1 0 110.889565505
8 16 16 0 277.785773642
4 16 16 1 226.28363318
8 16 8 1 151.338049114
4 16 8 1 201.041523073
32 16 4 0 313.382820658
4 16 32 0 243.761524889
2 32 2 1 168.620886852
1 16 32 0 193.352809842
4 32 4 1 207.876940416
1 32 2 1 123.806630055
32 16 16 0 240.351050003
32 8 2 1 261.742419005
16 16 4 1 209.962560235
32 16 1 1 255.987174522
32 8 8 1 215.30962003
4 16 32 1 256.585792936
8 16 32 0 268.621620914
2 16 4 1 225.743072405
16 16 16 1 225.781235401
2 32 32 0 234.49366207
1 16 8 1 191.607490514
2 32 1 1 142.258076352
16 16 16 0 237.897255972
32 8 1 0 242.777522137
4 16 16 0 244.302049944
4 32 2 1 186.0710502
2 32 4 0 202.713554275
8 16 1 0 256.280575882
32 16 1 0 283.33390586
1 32 16 0 197.173337018
4 16 1 1 196.445264387
1 32 16 1 138.499822738
1 32 4 0 195.861440812
32 8 8 0 266.417958383
8 16 32 1 229.052163682
32 8 4 1 204.304688402
16 16 8 1 234.132675426
4 32 1 1 178.78795509
2 32 8 0 194.6720035
1 16 32 1 199.629563888
32 8 4 0 266.113088564
16 16 2 1 278.304495534
32 16 2 0 271.25499814
2 16 8 1 205.169347295
1 32 2 0 141.416427172
4 16 4 1 232.895174893
8 16 4 0 288.150924132
32 16 8 1 212.661332558
2 32 16 0 196.622520148
2 32 32 1 185.680424207
32 16 32 1 236.58981606
2 32 8 1 182.197501225
2 32 1 0 150.086283813
8 16 4 1 269.094016138
32 8 2 0 285.309276892
8 16 1 1 236.024956885
1 16 1 1 111.832632566
16 16 1 1 226.834773681
2 16 32 0 206.574071015
16 8 32 1 258.613379917
1 16 8 0 201.039258915
1 16 2 0 136.894755663
1 32 4 1 159.701100601
8 16 8 0 276.380938715
32 16 32 0 205.970105519
1 16 1 0 120.237274725
1 16 4 0 178.152263267
8 16 2 1 243.014010024
2 16 2 0 211.284556062
2 16 16 0 232.573859687
1 32 32 1 169.464269173
1 16 16 0 191.716205715
16 8 32 0 290.050190578
16 16 2 0 241.850781177
32 16 4 1 261.910902979
2 32 4 1 177.54471271
4 16 1 0 201.135361862
16 16 8 0 244.249547785
1 32 32 0 178.815444263
1 32 8 1 143.332291787
32 16 8 0 292.09957078
32 8 1 1 237.391159626
16 16 1 0 230.159338192
32 8 16 1 216.943562943
32 8 32 0 242.036439905
2 32 2 0 176.122235305
1 16 2 1 134.461807156
4 16 4 0 275.325976316
4 16 8 0 285.124974988
8 16 16 1 255.078783928
2 16 8 0 224.502160165
2 16 1 0 151.480298596
16 32 1 1 228.853517873
4 32 4 0 250.778173706
4 32 32 1 211.342600758
16 32 16 1 220.960102278
4 32 16 0 237.021485146
8 32 1 0 236.480224678
32 32 2 1 215.914519051
16 32 4 1 214.26142783
32 32 32 0 250.731827848
8 32 16 0 238.332075189
8 32 16 1 236.434281736
16 32 1 0 300.096336507
8 32 32 0 211.524424148
32 32 1 1 208.132898335
16 32 2 1 209.605876177
8 32 8 1 233.906484675
32 32 2 0 229.200914277
32 32 32 1 195.385611329
16 32 8 0 241.092237151
16 32 32 1 204.84419263
8 32 32 1 210.192683169
8 32 2 1 215.8233522
8 32 4 0 268.156229397
32 32 4 1 199.206734478
16 32 4 0 253.925708911
4 32 32 0 235.033309781
4 32 8 1 206.431186518
32 32 16 0 220.779584211
32 32 8 1 202.157996559
32 32 4 0 225.052795912
8 32 2 0 229.177861936
16 32 32 0 274.550904325
16 32 8 1 178.376993457
8 32 8 0 250.62897489
8 32 1 1 206.248021573
4 32 8 0 229.043459384
16 32 2 0 231.069374639
8 32 4 1 190.491583392
32 32 16 1 145.205557159
4 32 16 1 218.310566885
32 32 1 0 215.160612927
32 32 8 0 232.96911827
16 32 16 0 221.914015553
1 1 2 1 306.114113357
1 1 8 1 407.286347917
1 1 1 0 229.344322168
1 1 2 0 316.190155994
1 1 1 1 156.008766255
1 1 4 1 430.562805276
1 1 4 0 400.294154154
16 2 2 0 471.380289536
1 2 1 1 227.175487676
2 1 32 1 471.043219552
8 2 8 1 526.011113564
4 1 4 1 534.5211593
4 2 1 1 442.049852389
16 2 4 1 423.807084818
2 2 16 1 408.127864187
4 1 1 0 445.526990702
4 2 8 1 331.048432065
2 1 16 1 451.446787696
8 2 1 0 438.450048836
1 2 16 0 413.738764597
4 2 32 0 494.019550789
8 1 4 0 565.891083658
4 2 2 1 423.345353347
8 1 8 1 371.255121834
16 1 8 1 552.822447555
1 1 32 0 426.526473981
2 1 2 1 388.629770244
4 1 1 1 435.977938291
16 1 1 1 322.594682998
16 2 2 1 516.271840104
2 1 8 1 417.449571497
2 2 2 1 480.473045635
8 2 2 0 505.14782921
4 1 4 0 531.589860115
1 2 32 1 370.857696176
32 1 2 1 516.185445544
1 2 1 0 224.452359535
8 1 8 0 539.22856643
1 1 32 1 432.599134539
2 1 4 1 494.248723744
4 1 8 0 520.586443806
1 2 2 0 304.400713787
2 1 32 0 418.585557276
16 1 16 1 481.54829466
2 2 4 1 447.849754693
1 1 8 0 374.731874725
2 1 2 0 383.119101007
16 1 4 0 546.807864021
2 2 32 0 475.843645082
8 1 2 0 520.114734153
16 1 2 0 319.776531831
4 2 2 0 389.487283683
8 1 32 1 568.462048632
8 2 16 0 331.238331861
4 2 16 0 466.195721138
32 1 1 1 289.07451937
32 1 16 1 490.07662709
8 2 32 0 492.574954094
4 1 2 1 495.107729369
2 1 1 0 352.388240689
8 1 1 0 320.588805136
4 1 32 1 497.690039768
2 2 8 1 389.921876733
16 1 8 0 572.826213928
2 2 1 0 288.675236719
32 1 4 0 544.631754809
2 2 4 0 446.951813371
16 1 4 1 515.06271834
8 1 32 0 534.592575523
4 2 16 1 416.65233633
16 2 1 0 348.005995825
4 2 4 1 466.513118111
2 2 2 0 413.448540646
4 2 1 0 469.074084699
32 1 2 0 537.411732087
8 2 8 0 480.847785129
8 2 32 1 471.679665079
32 1 4 1 529.870260523
1 2 4 1 341.059864719
2 2 32 1 321.301738164
32 1 8 1 443.563606138
8 1 16 0 549.772001209
2 1 1 1 360.667533889
2 1 4 0 265.349587881
8 1 2 1 523.875364523
1 2 2 1 315.053315793
4 1 16 1 547.252411536
32 1 1 0 370.995625662
4 2 8 0 464.963908884
16 1 32 1 540.959261575
8 1 4 1 536.967381003
8 1 16 1 546.000736764
2 1 16 0 442.612617571
16 2 1 1 380.747870961
2 2 16 0 243.437292111
32 1 8 0 605.832557547
1 2 4 0 413.635830363
16 1 32 0 558.400846683
2 2 8 0 433.79447815
16 1 2 1 589.331510167
8 2 4 1 546.687150775
8 2 2 1 509.175220174
32 1 16 0 519.590667607
1 2 32 0 386.568862851
4 1 2 0 519.399725916
1 2 8 0 367.426846639
4 2 32 1 536.224131038
4 1 8 1 514.163572391
1 1 16 1 443.235697227
2 2 1 1 339.440845056
8 1 1 1 535.137189848
8 2 1 1 271.065859747
4 1 32 0 504.265058733
1 2 8 1 415.803270313
8 2 16 1 519.966614988
2 1 8 0 411.279169528
16 1 1 0 471.547620706
4 2 4 0 446.124411139
1 1 16 0 395.659628784
1 2 16 1 389.91295698
16 1 16 0 620.434222997
4 1 16 0 406.346187907
32 1 32 1 551.962651593
8 2 4 0 486.472984737
32 1 32 0 443.7641651
2 8 16 1 363.79884906
16 4 32 1 387.763789439
1 4 4 0 353.601715151
1 4 1 1 189.602681252
2 8 8 0 440.065186237
4 4 1 0 418.304546088
16 2 16 0 470.781000101
32 2 4 1 428.462604292
16 2 8 1 364.931790139
8 4 16 0 463.497740644
32 4 1 0 593.507648538
16 4 32 0 492.724154278
32 2 32 0 461.438921929
16 2 32 1 370.86160266
2 8 1 0 284.0709241
2 4 16 0 412.70773661
4 4 16 0 316.754317592
4 4 32 0 463.415105216
1 8 16 1 320.310789452
16 4 16 1 511.636272675
2 8 1 1 280.618127333
2 4 32 1 313.518990446
1 8 4 0 321.437938694
8 4 4 0 465.163914185
8 4 32 0 427.592077895
16 2 32 0 509.42852165
8 4 16 1 471.223002573
2 8 8 1 375.921264476
32 2 8 0 437.243433706
2 4 2 1 355.041623064
2 8 32 1 399.651863955
1 4 8 1 332.997152779
4 4 1 1 377.087670199
16 4 1 0 456.871181917
32 4 8 0 456.198835928
1 8 8 0 349.549553608
2 4 8 1 410.388741006
2 8 16 0 419.102377143
4 8 1 1 363.587350518
4 4 4 0 475.184355107
32 2 8 1 498.268300271
2 4 32 0 433.106764577
2 4 4 0 431.370608927
16 4 16 0 522.345706969
16 4 4 0 536.860702464
32 4 8 1 408.590326149
32 2 16 0 524.888064279
1 4 16 0 338.198688202
8 4 1 0 415.44102018
1 8 8 1 349.958975404
1 4 2 1 272.571717832
16 4 4 1 494.578573553
4 4 16 1 401.371669498
8 4 8 1 451.577070712
1 8 16 0 322.211581627
32 4 32 1 412.094421378
32 2 32 1 428.753304056
32 2 2 0 429.091223824
2 8 2 1 349.633091659
8 4 8 0 464.003871655
16 2 4 0 541.746690338
1 8 1 1 209.650416003
1 4 16 1 328.087938639
1 8 4 1 344.390762944
32 4 4 0 450.286347354
16 4 2 1 455.262987578
32 2 4 0 492.044600579
4 4 2 1 386.794071156
1 8 32 0 327.108828487
2 8 4 1 366.248714999
8 4 32 1 353.756660463
8 4 2 1 491.704977355
8 4 1 1 377.395896385
1 4 32 1 368.128514395
4 4 4 1 458.345984663
16 4 1 1 478.534705477
1 8 32 1 340.97560878
2 8 32 0 365.419652544
1 4 1 0 217.488206809
2 4 16 1 400.853126349
32 4 32 0 462.57990678
32 2 1 0 485.223992707
8 4 4 1 441.849794245
32 2 16 1 473.99820831
32 4 2 0 402.123776995
2 8 4 0 366.948723014
1 4 32 0 369.128026594
4 8 1 0 381.497341826
1 4 2 0 271.348014011
32 4 2 1 478.723828422
16 4 2 0 478.206442184
1 8 1 0 215.5749928
4 4 32 1 389.440634464
1 8 2 1 266.986434322
1 4 8 0 367.046321397
2 4 4 1 401.343429487
8 4 2 0 426.551888162
1 4 4 1 328.634487105
32 2 2 1 457.556040481
16 4 8 1 431.499465259
2 4 1 1 313.685813053
32 2 1 1 378.623359713
32 4 4 1 556.237545942
2 4 8 0 418.601303598
32 4 16 0 412.56516855
2 4 1 0 324.511959484
16 4 8 0 544.225928336
2 4 2 0 362.231899948
32 4 16 1 286.023699315
32 4 1 1 445.514490699
4 4 2 0 344.340280392
1 8 2 0 276.298380601
4 4 8 0 268.084546749
16 2 16 1 516.541229245
4 4 8 1 425.195522162
16 2 8 0 469.226685159
2 8 2 0 353.273460486
16 16 32 0 456.528283545
32 8 2 0 507.233422533
32 8 16 1 472.01152618
2 16 2 0 353.574980036
16 8 4 1 483.847799933
8 16 1 0 422.280399999
2 16 1 0 243.204099907
4 16 2 1 389.905010957
4 8 2 0 375.579066949
8 8 2 1 442.696235439
4 8 16 0 455.407964077
8 16 8 1 297.02876673
1 16 8 1 140.634527767
16 16 4 1 477.192220046
4 16 4 1 422.737979454
16 8 32 0 541.745392107
2 16 2 1 349.257015955
32 8 1 1 440.51232896
8 16 2 0 426.543882368
16 16 1 0 500.998192331
2 16 32 1 424.853853486
1 16 4 1 324.402172462
1 16 1 0 221.050695589
1 16 8 0 338.206677017
2 16 4 0 437.839873536
16 8 32 1 379.669965797
32 16 2 0 537.961940084
32 16 4 1 435.652793659
16 8 16 1 444.618147994
16 16 2 0 507.677486073
16 8 8 1 449.110302594
32 8 2 1 494.155329217
16 16 16 0 476.850575062
8 16 2 1 389.780058543
8 16 32 0 439.458153693
8 8 1 1 422.11052522
16 8 2 0 458.534608659
4 8 2 1 358.089004475
16 16 8 0 426.151966269
8 8 4 1 448.454689089
32 16 8 1 311.558880331
8 8 4 0 475.544674492
32 8 4 0 484.172504396
32 16 8 0 469.932431858
4 16 32 0 409.15588707
1 16 2 0 267.969604664
1 16 32 1 325.418638124
32 16 2 1 472.357048373
4 8 32 1 398.179363081
8 16 4 0 476.340767084
32 8 8 0 398.297700362
4 16 16 1 363.752974747
8 8 8 0 434.112049511
16 16 8 1 439.194207697
8 16 32 1 470.03044658
32 16 4 0 479.606293834
2 16 8 1 340.926108884
8 16 8 0 493.347952735
32 16 1 0 510.215272421
16 8 1 1 425.297258259
32 16 16 1 433.323395592
4 8 16 1 449.961295091
32 8 1 0 421.259169089
32 16 1 1 517.307844594
1 16 4 0 316.993705026
8 8 8 1 471.136091175
2 16 16 0 349.883404048
2 16 32 0 437.281893375
8 8 2 0 409.612968171
2 16 1 1 312.727599803
8 16 16 1 387.15958501
32 8 16 0 524.106348823
4 16 32 1 370.583055872
4 16 8 0 404.009376701
4 16 16 0 377.468445629
16 16 1 1 440.508059718
16 8 16 0 455.565667747
8 8 32 0 341.302264856
32 8 32 1 437.431033066
4 8 32 0 401.429718385
2 16 8 0 389.346081374
4 8 4 1 369.41542978
16 8 4 0 510.419989883
4 16 1 0 407.850896914
16 8 8 0 519.396177325
2 16 16 1 420.1439235
2 16 4 1 395.675611024
8 16 16 0 483.557633804
4 8 8 1 386.193629133
4 16 8 1 379.634915812
8 16 1 1 365.426616357
8 16 4 1 294.759813567
16 16 2 1 484.963190886
32 8 8 1 474.804977273
4 16 4 0 419.24761748
32 8 32 0 433.106393371
16 8 2 1 480.235445225
4 8 4 0 424.157291015
8 8 16 0 379.573505857
16 8 1 0 487.771790716
1 16 32 0 345.566413927
1 16 1 1 198.536086471
4 16 1 1 270.870765807
16 16 4 0 447.727283492
4 16 2 0 414.628515805
32 8 4 1 409.04777988
1 16 2 1 252.139759425
16 16 32 1 445.151095981
1 16 16 0 348.375608602
16 16 16 1 378.419231257
4 8 8 0 272.811785371
8 8 32 1 436.169258607
8 8 16 1 399.015523611
32 16 16 0 372.314479508
1 16 16 1 326.450177244
8 8 1 0 448.559968245
4 32 2 0 347.648336781
32 16 32 1 444.569414255
8 32 32 0 308.649243613
1 32 32 1 310.824962603
4 32 4 1 377.29460627
8 32 2 0 406.313611418
4 32 1 1 206.813608325
2 32 4 0 388.820497028
2 32 4 1 249.128904827
16 32 32 1 359.132475457
2 32 8 0 389.04086691
8 32 4 1 354.485560286
8 32 16 0 407.009614906
4 32 16 1 403.676462424
8 32 32 1 441.65779609
2 32 1 1 287.032461643
4 32 2 1 363.845829076
16 32 2 0 429.944135724
2 32 16 0 400.335697435
32 32 16 1 406.014555591
2 32 2 1 339.322924327
16 32 1 0 495.393357237
32 16 32 0 428.89946573
4 32 32 0 403.196227807
32 32 16 0 460.13377736
32 32 2 1 422.978782891
16 32 8 0 471.910298595
2 32 8 1 312.826857564
32 32 32 1 357.723990297
16 32 16 1 386.712722925
8 32 8 1 395.199886426
32 32 4 1 405.46950484
4 32 8 0 361.752308571
2 32 1 0 268.421301264
8 32 8 0 395.707561148
16 32 4 1 403.506192878
1 32 16 1 304.57816382
16 32 8 1 422.840270235
1 32 16 0 307.980453511
32 32 8 0 434.34448858
32 32 1 1 394.597624511
1 32 1 1 192.144791444
2 32 2 0 326.325240656
4 32 8 1 388.176563111
8 32 1 1 374.850586134
16 32 16 0 413.24651064
16 32 2 1 446.063302265
16 32 32 0 448.982893724
32 32 4 0 459.097561258
2 32 32 0 378.851882967
4 32 1 0 338.266831596
16 32 1 1 432.262977377
32 32 2 0 467.721405932
1 32 32 0 304.860099833
1 32 2 1 229.44236626
2 32 32 1 342.244026101
2 32 16 1 364.548615712
8 32 2 1 383.828960046
1 32 8 1 259.424055094
32 32 1 0 460.66664729
4 32 32 1 331.598445725
16 32 4 0 470.818980342
32 32 32 0 332.060096663
8 32 16 1 406.685216299
8 32 1 0 406.02526353
4 32 4 0 417.923348295
1 32 2 0 273.866231877
1 32 8 0 332.621619137
4 32 16 0 421.137924376
1 32 1 0 223.949786137
1 32 4 1 325.342646811
1 32 4 0 348.81529517
8 32 4 0 391.716121892
32 32 8 1 391.71762227
