4 8 32 0 1012.47183947
1 4 1 0 746.466907354
16 2 32 1 1810.49848489
32 2 32 1 1796.73111088
1 4 1 1 218.397696473
4 4 2 1 1024.67809238
2 8 32 1 683.838890099
1 4 32 0 998.83693997
8 4 32 1 1232.17942495
8 8 4 0 1444.31829099
4 8 1 0 985.728655591
32 2 16 0 2372.85405695
8 4 8 1 1405.14766125
16 8 4 1 2120.85455433
8 2 8 0 1288.17594478
32 4 4 0 2524.20293508
1 8 2 0 935.897124898
16 2 8 1 2068.72547021
8 2 32 1 1240.35786174
2 4 4 1 572.159123457
2 4 32 1 801.861129384
8 8 32 1 1373.34440037
4 4 1 0 1036.37604456
4 8 2 0 1050.86167496
2 8 1 0 793.802691528
32 4 1 0 2471.888844
32 4 4 1 2572.93922366
8 8 1 1 1604.86727099
16 2 16 1 1895.28510917
16 8 2 1 1895.00137798
32 4 1 1 2649.09634799
32 2 2 0 2654.15732473
32 2 4 1 2575.03417503
1 8 4 0 1071.32045571
16 4 16 0 1393.80670668
8 8 16 0 1577.74444537
8 8 1 0 1279.31665852
16 4 4 0 1988.43593093
8 2 16 0 1294.00522832
2 8 4 0 790.684884869
4 8 32 1 1080.23958458
1 8 16 0 361.319930776
8 8 16 1 1427.08226007
2 4 1 0 806.39607806
1 8 4 1 255.651167144
4 4 2 0 1096.14805772
1 8 32 1 857.412463845
16 4 16 1 1826.50646268
1 8 1 1 280.487731356
8 8 2 0 1452.25496553
8 4 16 0 1603.46218619
1 4 16 0 1008.73439733
1 8 2 1 1319.44221469
2 8 2 1 615.631493426
32 4 16 1 1772.9335226
16 2 1 1 2015.46680322
16 8 1 1 1966.63869684
16 4 8 1 2098.81214484
1 8 32 0 1169.53591631
1 8 1 0 921.388023693
8 2 8 1 1411.04059539
8 8 8 1 1528.26567143
8 4 2 0 1461.1702694
1 8 8 0 740.808662485
4 4 8 1 1034.62773233
16 8 2 0 1695.88924526
2 4 2 0 724.734857088
16 4 2 1 2088.4794355
32 2 4 0 2626.79450623
16 4 4 1 2269.6245117
32 4 16 0 2079.97582467
32 2 8 1 2982.70575588
8 2 4 0 1527.96461722
4 8 4 1 1103.73192667
4 8 16 1 1022.8306416
8 8 8 0 1556.97788995
8 4 4 1 1437.80231346
32 2 8 0 2277.50740138
8 8 2 1 1554.768741
2 4 4 0 691.228233924
2 4 8 0 656.859706983
8 4 2 1 1432.44777863
8 2 32 0 1352.2760355
16 4 32 0 1793.65627562
2 8 4 1 972.212577625
2 4 16 1 792.957664456
8 4 1 0 1518.30204074
16 2 2 0 1961.45354145
2 4 2 1 763.88598986
16 2 8 0 2023.47293202
4 4 16 1 1118.13521764
4 8 8 1 992.85397674
16 4 2 0 2228.37950984
1 4 4 0 989.234137749
32 2 1 0 2907.92963109
8 4 32 0 1634.81237083
8 4 1 1 1544.98821757
2 8 16 0 726.852656416
4 4 4 1 1070.80772761
32 2 16 1 1951.08466025
4 4 16 0 950.639009687
1 4 16 1 1358.95400651
32 4 32 1 2283.56866685
4 8 16 0 1090.58689459
1 4 32 1 223.305078579
2 8 1 1 712.718816478
2 8 8 0 742.101234696
2 4 32 0 666.275528693
4 8 4 0 1178.1931522
32 4 8 0 2088.2166569
16 2 2 1 1964.11656167
16 4 32 1 1222.30881621
2 4 8 1 917.959534583
8 8 32 0 1490.00612298
16 4 1 1 1948.8289452
32 2 1 1 2678.14735555
1 4 4 1 1198.52334853
8 4 4 0 1544.48238478
4 8 2 1 1107.49212522
8 8 4 1 1407.73649545
16 8 1 0 1914.98921017
32 4 2 0 2808.91351316
16 4 1 0 1966.10945297
32 4 8 1 2005.14450122
2 8 8 1 668.611622308
4 32 8 0 1121.22469459
4 16 1 1 974.770544973
1 32 2 1 1088.07870798
4 16 8 1 1069.04638261
4 16 32 1 996.542104134
1 32 8 1 1001.68597285
1 32 4 0 1184.18424444
8 16 16 0 1443.17298296
16 8 4 0 1920.36269157
1 32 32 1 615.106773733
32 16 32 1 1867.38047903
8 16 32 1 1341.33662259
1 32 8 0 392.832510064
2 32 16 1 1015.81770355
16 16 32 0 1497.38163397
1 16 16 0 880.333826913
1 32 1 0 627.450071684
16 16 1 1 1846.07918499
32 8 16 1 2239.82018055
4 16 16 0 954.967202379
32 8 2 0 2259.358922
4 16 1 0 909.427156866
2 16 8 1 770.367964745
8 32 1 0 1453.47205553
4 32 4 0 1008.38476909
2 16 2 0 715.877388894
32 16 1 1 2554.11122628
8 32 2 0 1476.40755823
16 16 16 1 1858.85099975
2 32 2 0 806.195015374
8 16 8 0 1512.6783997
4 16 8 0 1097.13202301
4 16 2 1 952.422379737
16 16 4 1 1950.3044249
1 16 1 0 291.687703585
1 16 2 1 994.582139906
1 32 1 1 362.041841952
16 16 8 0 2089.85710867
32 16 16 0 1800.65379187
8 16 1 1 1570.33690015
2 16 2 1 743.065638775
32 16 4 0 2344.86516094
32 16 32 0 2040.64137966
1 16 1 1 884.369016899
32 16 8 1 1850.01253049
8 16 4 0 1451.61611119
32 16 1 0 2339.71509696
1 32 16 0 265.023655862
32 8 2 1 2582.49143114
2 32 4 0 715.058647757
2 32 1 0 728.258125642
4 16 4 1 1040.1515535
8 16 32 0 1409.05104857
1 16 8 0 873.938410044
4 16 32 0 1076.77877231
4 32 2 0 1006.54593586
2 32 32 0 749.603934991
16 16 32 1 1516.36417046
8 16 2 0 1391.95739539
32 8 16 0 2131.76276256
2 32 8 1 835.488366117
32 16 2 0 2240.15094711
4 32 1 1 1032.14418002
2 32 4 1 716.3436216
32 8 4 1 2520.70760014
1 16 4 1 306.93192378
32 8 1 1 2602.77886054
4 16 2 0 905.99803615
4 16 4 0 986.26581408
16 16 1 0 2148.98558358
1 16 4 0 1126.24464307
4 32 2 1 1011.33649936
2 16 4 1 745.868432785
8 32 2 1 1390.17107253
16 8 32 0 1400.84763435
32 16 2 1 2349.90697595
32 16 8 0 2492.18863771
1 32 32 0 1322.37409764
8 16 1 0 1532.42940002
1 32 16 1 1158.78785147
2 16 32 1 659.071428122
4 32 1 0 1109.82137628
32 8 4 0 2067.91138675
1 32 2 0 369.592291902
32 16 4 1 2553.73796869
2 32 1 1 279.243180211
32 16 16 1 1850.32265905
1 16 2 0 941.396944547
2 16 16 1 714.005101518
4 32 32 0 995.946733986
4 16 16 1 1128.94438831
32 8 8 1 2267.9068616
4 32 16 0 1010.22260184
16 8 32 1 1622.92900375
32 8 1 0 2473.48220352
2 32 16 0 732.965758539
4 32 16 1 1040.58796237
16 16 2 1 2035.82971926
4 32 32 1 748.570468859
8 16 4 1 1312.24420862
2 32 2 1 643.541740736
16 8 16 0 1941.05568223
32 8 8 0 2103.32802305
2 16 8 0 757.997518683
4 32 8 1 979.970140249
16 8 8 1 1902.93054838
1 16 16 1 369.236440529
32 8 32 1 2142.60263028
2 16 1 1 590.230797777
8 32 1 1 1442.21665671
2 16 1 0 707.410655411
16 16 4 0 2107.45466974
1 16 8 1 1082.52527095
16 16 16 0 1947.34568324
8 16 2 1 1457.7319605
2 32 8 0 829.608376515
2 16 4 0 731.210173784
32 8 32 0 2014.36455823
2 16 16 0 709.188746848
2 16 32 0 676.924603433
1 32 4 1 986.545933646
16 16 8 1 1955.34038598
2 32 32 1 764.395683499
4 32 4 1 919.89265784
1 16 32 1 1140.03935263
8 16 8 1 1534.75954391
16 8 8 0 2009.87476045
16 8 16 1 1742.7398883
16 16 2 0 2123.3675131
8 16 16 1 1531.16815559
1 16 32 0 1031.99958468
4 1 8 1 916.640345639
1 1 16 1 1520.2829749
2 1 16 0 851.395188314
16 32 32 1 1554.11900424
2 1 4 1 880.205420544
32 1 1 0 2490.80697646
2 1 8 1 773.341692764
32 1 16 1 2092.98622156
16 32 2 0 1844.58906026
16 1 16 0 1102.90920575
2 2 2 0 975.345063635
32 1 8 0 2435.38755759
16 1 4 1 2258.39372103
32 32 16 0 2353.09194007
1 2 2 1 1501.48567779
8 32 8 1 1354.83547452
8 1 32 1 921.217030669
4 1 2 1 1255.44134071
16 1 4 0 1966.99186763
32 32 16 1 2155.51049856
8 1 2 1 1690.42748883
1 2 4 0 1196.6144423
8 32 8 0 1532.87390774
4 1 16 1 1077.21754503
1 2 16 1 1558.99604168
32 32 8 1 2136.54174219
32 32 2 1 2368.94850853
16 1 1 0 2249.84730205
8 1 1 0 1777.49060516
4 1 1 0 1229.07153835
1 2 16 0 1136.84626391
2 2 2 1 929.612176024
32 1 32 1 1432.24809175
1 1 1 1 293.268180256
16 1 16 1 1840.19318933
1 1 2 1 587.238401571
8 1 1 1 1603.41684599
32 32 4 0 2362.13373753
32 1 32 0 1164.50405779
8 32 16 1 1353.04764814
32 1 16 0 1913.60375589
16 1 8 1 1934.787917
32 32 2 0 2705.84744321
4 1 2 0 1135.99093669
32 1 1 1 2931.17769084
1 1 32 1 1424.29872176
1 2 8 0 320.040163516
4 1 4 1 919.877050853
8 32 32 0 1416.77263962
1 2 8 1 1328.29777993
16 32 32 0 1916.74195966
2 1 32 1 634.898268783
2 1 8 0 481.216767137
16 32 2 1 1856.26416593
1 2 32 0 480.735590813
8 1 16 0 1516.89956285
16 1 32 0 789.597726746
1 1 2 0 693.497892622
32 32 4 1 2385.12781381
2 1 2 1 969.260216919
1 2 32 1 732.283370173
32 1 4 0 2170.84191072
1 2 4 1 627.804996984
32 32 1 1 2337.33023929
32 32 8 0 1948.52773537
2 1 1 1 1078.92847278
1 1 32 0 1449.88807562
4 1 1 1 1292.37806822
32 32 32 1 1219.49945669
32 1 4 1 2615.84806565
8 1 8 1 1263.2964747
4 1 32 1 1144.66967821
16 1 32 1 1459.62672088
8 1 16 1 1164.54674455
1 1 1 0 560.650053087
4 1 32 0 1028.64305937
32 1 8 1 2643.23082646
8 1 8 0 1462.55991824
16 32 1 1 1746.45504282
16 32 1 0 1793.75808595
2 1 16 1 844.430378449
16 32 8 1 2031.62877692
16 1 2 1 2129.4840266
1 1 8 1 1419.73062133
4 1 16 0 1183.92500879
16 1 1 1 2065.61962858
1 2 1 0 1110.28193185
16 32 16 0 1709.04174372
8 1 4 0 1368.46125335
1 2 1 1 1535.24054778
8 1 4 1 1425.9129547
1 1 4 0 325.003819451
4 1 8 0 1148.91846156
8 32 4 0 1357.04195979
2 1 32 0 841.816713555
8 1 32 0 1503.67660423
16 32 16 1 1780.46323832
32 32 1 0 2112.32125525
32 1 2 1 1941.44216322
32 32 32 0 2111.03235621
16 32 8 0 1818.64840784
1 1 8 0 1272.80762444
2 1 4 0 1028.34018292
2 2 1 0 918.416428798
16 1 2 0 2199.91465368
1 1 16 0 255.037423555
2 2 1 1 944.417920451
16 1 8 0 1854.38209248
2 1 2 0 1143.7787985
1 2 2 0 328.303088948
8 32 4 1 1240.2444482
2 1 1 0 986.270909982
8 1 2 0 1797.90682996
8 32 32 1 1446.91443943
1 1 4 1 1092.96586432
4 1 4 0 1000.42407637
32 1 2 0 2539.30091018
16 32 4 1 1764.81443778
16 32 4 0 402.119647244
8 32 16 0 1285.29019945
4 4 32 1 1380.46854922
1 8 16 0 361.257660908
16 4 16 1 2020.6414131
1 4 1 1 1171.49288192
2 8 32 1 1169.20078071
4 2 32 0 1171.8644006
8 4 16 0 1810.88008832
4 4 2 0 1482.75011905
16 4 16 0 2284.65824631
1 8 32 1 1632.56599763
16 2 16 0 2217.08441537
32 4 1 1 2949.64057578
2 4 2 1 960.277304405
32 4 32 1 1792.50872053
16 2 1 0 2652.54843489
4 2 8 0 1222.78368848
1 8 4 0 341.538857222
4 2 4 1 1536.18997461
32 2 8 1 2210.76669579
16 2 16 1 2159.66237662
16 2 4 1 2198.24773373
2 4 32 1 1065.39208935
1 4 1 0 1305.28919388
32 2 1 1 2992.99900458
2 8 2 0 1077.92689008
8 2 2 1 1873.16666579
32 2 16 1 1854.31617841
1 8 8 0 998.838295667
8 4 32 0 1703.13731164
2 4 16 0 960.572360821
1 4 2 0 1473.96408808
2 8 8 1 1013.11617484
1 8 8 1 595.368602472
32 2 2 1 3107.89348688
2 2 32 0 819.95739383
2 2 32 1 1068.16065977
2 8 1 1 1243.22726346
8 4 1 1 1937.59974226
4 4 1 1 1436.74719507
1 4 32 0 1045.86597152
16 4 8 1 2186.27452041
2 4 1 1 1077.30297741
8 4 8 1 1866.24555903
2 2 4 0 977.757051625
2 4 16 1 1023.27512145
16 4 4 0 2711.17519837
16 2 8 1 2255.10958246
8 2 1 1 1834.09669107
2 4 32 0 782.373742778
16 2 8 0 1940.81901844
1 8 1 0 1616.36290081
8 4 16 1 1408.38339116
32 4 32 0 1935.49474114
8 2 1 0 1889.39068282
16 4 8 0 2583.53061205
8 2 16 0 1439.75587165
1 4 8 1 1109.87201357
4 2 16 0 1265.98091304
2 2 8 1 1064.52419168
16 4 1 0 2249.87071474
2 8 4 1 1382.58935371
4 4 32 0 1078.7988914
2 8 16 1 1050.38848046
4 4 4 0 1446.43404572
2 4 4 1 1007.75276797
2 4 1 0 1107.72626297
32 4 4 0 3301.32712661
8 2 16 1 1869.64848253
32 4 8 0 2781.77145551
8 2 4 0 1812.69401555
4 2 1 1 1407.15536307
4 2 16 1 1083.63293322
8 4 1 0 2113.37109449
1 8 1 1 1158.76133604
16 4 32 1 1748.58714876
2 8 1 0 1041.91833328
32 2 8 0 2467.18643038
1 4 8 0 1475.22115684
8 2 8 0 1445.44653763
2 4 4 0 1019.72104666
32 2 4 0 2630.15202941
32 2 32 1 1631.46917194
1 4 2 1 459.361948697
1 4 4 0 354.907929799
1 8 32 0 1047.08315741
4 4 1 0 1653.03590362
32 4 2 0 2783.66555931
16 2 32 0 1515.08005226
8 4 2 0 2228.67533704
32 2 2 0 3131.85087957
8 4 32 1 1336.54666768
32 4 2 1 3565.13937111
16 2 2 1 2661.67553988
32 4 4 1 2602.21435682
32 2 32 0 1415.6298959
1 4 16 1 1472.04218556
2 8 16 0 967.958350027
8 2 8 1 1528.44097499
32 4 1 0 3516.79286988
4 4 8 0 1553.70610096
4 2 2 0 1340.78051143
2 4 2 0 857.874627558
2 8 8 0 1029.04134868
4 2 32 1 1311.34898502
8 2 4 1 1795.48582773
4 4 8 1 1384.98715442
4 2 1 0 1555.43349343
4 2 4 0 1492.26352889
1 4 32 1 388.524517049
2 2 16 0 793.90027182
8 4 4 1 1896.89892461
16 4 2 1 2071.11829818
2 2 8 0 1005.44075112
16 2 4 0 2330.1463561
1 8 2 0 1519.36843066
4 4 16 1 1508.14061018
32 2 16 0 2287.71689827
32 2 4 1 2871.63589587
2 4 8 0 1083.13410466
4 4 16 0 1530.76105172
2 4 8 1 1021.71269471
4 4 2 1 1289.46831248
16 4 32 0 1854.13842234
2 8 2 1 1081.27806331
4 4 4 1 1557.51334989
1 4 4 1 1363.53777977
8 2 32 1 1426.98211422
32 2 1 0 3045.63218146
16 4 2 0 2538.39785725
32 4 16 1 2463.08801905
16 2 1 1 2659.84318303
4 2 8 1 1316.66592595
4 2 2 1 1332.8802167
8 4 8 0 1988.82817893
16 2 32 1 1743.83871273
32 4 8 1 2820.60396583
1 4 16 0 444.16381211
1 8 16 1 1127.46671148
1 8 2 1 376.912598374
2 2 4 1 963.867736723
8 2 32 0 1726.29984651
2 2 16 1 1023.47151788
16 4 4 1 2432.46585717
8 2 2 0 1826.38613071
8 4 4 0 1570.18869424
16 4 1 1 2619.50525433
16 2 2 0 2609.88086474
1 8 4 1 1649.70343859
2 8 4 0 1150.18452181
8 4 2 1 2074.96000461
32 4 16 0 2632.77918884
32 16 2 0 2545.41364415
2 32 4 1 1059.05860368
32 8 8 0 2374.00749709
32 8 1 1 2851.39546068
8 8 16 1 1756.21639238
2 16 2 1 960.130541979
8 8 4 1 2099.59853834
4 8 8 0 1480.96859165
32 16 16 0 1930.75823355
16 16 2 0 2708.45645009
16 8 4 0 2178.26889626
2 32 1 0 1082.37811579
1 16 4 0 1126.8098892
2 32 2 1 1093.01379962
4 16 32 1 1009.25188555
16 16 32 1 1666.75044716
8 8 32 0 1624.965156
8 16 32 0 1802.68601411
32 16 8 1 2612.38411007
16 16 16 0 2154.65158421
4 8 1 1 1313.0432502
1 16 2 0 1212.15975784
1 16 1 1 1278.28682348
4 8 2 1 1473.43178413
4 8 32 1 1419.96829987
8 16 2 0 2065.96525584
8 16 8 1 1850.92619111
16 16 32 0 1943.02074681
4 8 1 0 1693.11693013
4 8 32 0 1470.16295677
4 8 16 1 1326.74436009
1 16 4 1 496.295015205
32 16 1 1 2509.59581143
1 32 32 0 1214.87621942
4 8 4 0 1370.11518916
4 16 32 0 1082.1132556
8 8 1 0 1995.71122173
32 8 4 1 3056.25890449
8 8 2 1 1919.97717366
8 8 4 0 2137.26624273
16 8 2 0 2622.8582663
1 32 8 1 668.426088393
32 8 32 1 1670.09804408
1 16 16 0 377.518976196
32 16 4 1 2982.99661294
4 32 2 0 1183.24659203
2 32 16 0 886.459783667
16 8 1 1 2776.87848975
32 16 1 0 3120.19225046
4 32 1 0 1484.2533066
1 32 2 1 338.658847635
8 8 2 0 2016.24534245
1 16 16 1 1515.54244041
16 16 8 0 2103.11881011
2 16 4 0 1110.08472785
4 8 2 0 1497.73588592
4 16 16 1 1335.94538692
32 16 2 1 2369.53201369
8 8 1 1 2153.67140658
16 8 2 1 2596.53177251
1 32 2 0 1164.21569498
32 8 16 1 2004.82799515
4 32 1 1 1501.43614846
1 16 32 1 646.954563619
16 8 8 1 2395.76449244
16 8 32 0 1667.97568055
16 8 1 0 2587.60132939
16 16 4 1 2628.37556871
1 32 16 0 1240.90477657
16 8 16 0 2264.90797557
2 16 32 0 946.5484128
1 32 1 0 1346.8826841
4 16 2 0 1456.5438564
1 32 1 1 1281.54606273
2 16 2 0 1069.28146428
2 32 8 1 1019.58297701
4 8 16 0 1366.8950139
16 8 8 0 2136.8451546
2 16 1 1 1149.24321336
1 32 8 0 1191.01472197
4 8 8 1 1506.79100213
2 32 4 0 1046.43843867
2 32 2 0 991.919436627
1 16 32 0 1061.27556509
32 16 8 0 2750.40989887
16 16 2 1 2473.6326044
8 16 4 0 2000.89457739
1 16 2 1 1110.08873823
8 8 32 1 1366.81672867
2 32 32 0 799.495233049
2 16 8 0 943.745465377
32 16 16 1 1867.68411636
8 16 8 0 1834.33474054
2 16 32 1 1062.20098608
1 16 1 0 1235.42945698
2 32 8 0 969.185562711
32 8 4 0 2833.36789576
32 8 2 1 3228.72608393
8 8 8 1 2076.060867
32 16 32 0 1801.70911815
32 8 1 0 3325.76864567
2 16 1 0 1050.10723653
16 8 4 1 2737.70072303
2 16 4 1 949.457949457
8 16 16 1 1556.2663224
8 16 4 1 1854.49687941
4 8 4 1 1504.34135994
32 8 32 0 2044.83044535
16 8 32 1 1498.53978078
8 8 16 0 1988.63388296
16 16 8 1 2622.8910701
8 16 2 1 2181.49504051
16 16 16 1 2220.47892867
2 16 16 0 1090.31531206
2 32 16 1 1009.22275653
1 32 16 1 504.094462662
4 16 1 1 1454.8878777
4 16 16 0 1338.84675087
8 16 1 0 1520.46205842
4 16 4 0 1181.3439611
4 16 4 1 1118.58383865
2 32 32 1 941.525913758
8 16 1 1 1817.66308721
1 16 8 0 1266.48235968
1 32 4 1 407.818109853
2 16 8 1 942.914879878
32 16 4 0 2538.65124657
16 16 1 0 2482.59987978
2 32 1 1 1097.70259725
4 16 1 0 1459.84485537
32 8 2 0 3141.24562969
16 16 4 0 2577.3352921
2 16 16 1 949.686143701
8 16 16 0 1787.5647735
4 16 2 1 1497.91592876
4 16 8 1 1400.40556984
16 8 16 1 1729.71792991
32 16 32 1 1612.3996133
32 8 8 1 2572.34005183
4 32 4 1 1314.14973798
1 16 8 1 786.061604955
8 8 8 0 1717.92898734
16 16 1 1 2423.36158999
8 16 32 1 1208.00865375
2 8 32 0 930.603992271
1 32 4 0 988.498885421
1 32 32 1 464.901102811
4 32 2 1 1052.88693014
32 8 16 0 2472.80345549
4 16 8 0 1258.21747964
32 1 4 1 1375.62841274
8 32 8 0 1730.70365166
1 2 16 0 604.896900107
8 1 16 0 1248.65477001
32 32 4 0 2446.60801803
1 1 16 0 476.617124118
8 1 32 1 716.425300059
8 1 8 1 1404.34330408
2 1 1 0 931.555328304
32 1 8 0 1967.04726104
4 32 16 0 1270.56032271
1 2 1 0 1586.30575656
8 1 2 0 1473.55884693
4 32 8 0 1454.79449653
8 1 16 1 709.486318337
16 32 2 1 2525.8537106
4 1 32 1 620.506609277
4 1 2 0 1410.13910098
16 1 16 1 1361.91717343
4 1 2 1 1193.45814671
1 1 1 0 496.096173668
2 1 32 1 599.707843393
4 32 32 1 1176.07728246
2 1 32 0 866.180481993
1 2 2 0 838.88560036
32 32 16 1 1796.78361261
4 32 4 0 1467.10563226
16 32 16 1 1851.94217745
16 32 32 0 1345.75445889
32 32 32 0 1425.5883255
2 1 4 1 749.626128103
16 32 32 1 1231.78995259
8 1 4 0 1646.12430347
8 32 32 1 1434.72975772
2 1 16 1 761.790832319
32 32 2 1 2275.51440825
32 32 16 0 1855.48297177
2 1 8 1 725.906856341
8 1 4 1 1452.87441713
32 32 1 1 2994.81721211
8 32 16 0 1419.21152606
16 1 32 0 837.268389266
32 1 1 0 2097.21552061
16 32 1 0 2239.84979412
8 32 32 0 1474.69594245
4 1 32 0 777.436112114
16 1 2 1 1588.01665492
32 32 4 1 1801.35056413
32 1 2 1 1985.50308971
4 1 4 0 874.109725208
1 1 32 1 823.214641736
32 1 1 1 2193.81923263
8 32 8 1 1645.9156447
32 1 16 0 1115.95648511
8 1 32 0 948.305459988
16 1 1 1 1585.09881145
4 1 4 1 1255.58513979
16 32 8 0 1917.00498217
32 32 32 1 1485.9169001
1 2 4 1 1069.39958881
2 1 4 0 808.199124347
1 1 8 0 313.994907597
2 1 16 0 779.48681761
32 32 1 0 3021.42323808
16 32 8 1 2074.30858761
16 32 16 0 1542.1740186
1 2 1 1 503.562652452
4 1 8 0 1297.33249337
16 32 2 0 2511.77919556
16 1 8 1 1583.37088871
1 2 4 0 752.907022852
4 32 8 1 1472.24942209
32 32 2 0 2721.22010432
4 1 8 1 995.329675923
8 32 2 1 1792.67405108
32 1 4 0 1737.65713363
16 1 2 0 1666.58245772
8 1 1 1 1749.47950785
1 1 8 1 892.5973681
32 1 16 1 1575.77898159
1 2 8 1 1455.00863534
1 1 1 1 1117.53360356
2 1 2 0 824.573767719
8 1 1 0 1697.50492198
8 32 2 0 2002.98844164
8 32 4 1 1899.63392907
32 1 2 0 3341.6302697
16 32 4 1 2208.2424989
8 1 8 0 1338.55237076
1 1 32 0 307.319228215
8 32 1 1 1724.14436043
32 1 32 0 1191.95269535
4 1 1 1 1306.24970911
1 1 4 1 1372.23493282
16 1 4 1 1772.06566972
16 1 16 0 1289.44097087
16 1 8 0 1346.65874426
1 2 2 1 858.639386029
2 1 8 0 797.870624515
32 1 32 1 1731.1822347
4 1 16 0 1151.72333407
1 1 2 1 756.260775967
32 1 8 1 1843.26686781
4 1 1 0 958.073302709
1 1 4 0 484.119232312
4 32 32 0 928.482866346
1 2 8 0 852.393508451
32 32 8 1 2427.13052894
16 1 4 0 1652.31731584
2 1 1 1 943.994748302
8 32 1 0 1684.14661058
4 1 16 1 1026.882921
16 1 32 1 1144.62493516
4 32 16 1 1152.86427588
8 32 4 0 1811.10227571
8 1 2 1 1524.0203172
16 32 4 0 2302.01488915
1 2 16 1 1093.95399598
1 1 16 1 1352.64602388
16 1 1 0 1923.3444373
32 32 8 0 2768.43297851
8 32 16 1 1317.74551285
2 1 2 1 947.714776111
16 32 1 1 2357.21865437
16 4 16 0 1243.54846229
32 4 4 1 2619.94862586
4 4 1 0 1235.90194118
2 2 16 0 611.997268891
1 8 2 0 1572.33399018
32 2 16 0 1484.48258532
32 4 16 1 1034.3862795
8 2 4 1 1579.52777527
8 4 16 1 1121.89876666
4 4 8 0 1263.29534049
8 2 16 1 1382.05217008
16 2 2 1 1933.42588578
4 2 1 0 1690.93060182
1 4 2 1 544.959090623
32 4 16 0 1041.2084077
16 4 8 0 1591.06985229
4 4 16 1 1223.14189901
1 8 1 1 617.199177168
1 4 16 1 361.170266851
32 4 1 1 2704.88076603
4 2 2 0 1361.638889
1 2 32 1 1789.74461296
4 4 4 1 1746.95434271
32 2 8 1 1903.10945247
4 2 8 1 1178.63309278
2 2 16 1 1010.83514543
8 4 16 0 1391.57383004
16 2 4 1 1904.94839578
2 2 32 0 1078.00015416
32 4 2 1 2705.55217049
8 2 1 0 2112.61759957
1 4 8 0 722.811850596
8 4 4 0 1704.65161822
32 2 32 0 2137.32448148
8 4 8 1 1548.47554397
4 2 32 1 1023.93120584
1 4 8 1 514.201836699
32 2 4 1 2019.31900368
16 2 32 1 625.680053783
1 8 8 1 1003.79958155
8 2 2 0 1747.5298472
1 8 4 0 1129.85153359
32 2 8 0 1234.82832217
8 4 2 0 1976.32110419
1 4 32 1 979.548310585
16 2 16 1 1085.01459837
2 4 32 1 799.255858264
16 2 32 0 1466.53077019
16 2 8 0 2171.29356174
4 4 2 1 1365.50618497
32 4 8 0 1963.72522713
2 4 2 0 834.243688457
2 2 1 1 1382.87491523
16 2 8 1 1262.52641254
2 2 2 0 1046.04600036
16 4 32 0 920.435485796
32 4 8 1 1977.52945282
16 4 1 1 2309.48168052
8 4 8 0 1621.1660673
4 2 16 0 676.414916591
16 4 1 0 2397.72766703
2 4 4 0 644.384833903
2 2 1 0 1178.42721876
8 2 32 1 1197.40755891
2 4 8 1 1277.41762435
16 2 1 1 2415.15268378
4 2 2 1 1482.52349283
32 2 4 0 1634.88973901
16 4 2 0 1621.27202211
1 8 16 0 430.046331207
8 4 1 1 1796.08300676
32 4 32 1 1468.91824766
16 4 4 1 1805.74883379
4 4 16 0 1010.66675695
32 4 1 0 3090.3973217
1 8 16 1 516.583471221
32 4 4 0 2973.00865616
8 2 32 0 723.227915092
2 4 2 1 877.934816103
4 2 8 0 1442.31806195
8 4 1 0 2060.97725222
16 2 16 0 1310.93615551
2 2 32 1 1310.08789737
8 4 2 1 1679.37842553
16 2 1 0 2122.58401295
16 2 2 0 1773.36674893
32 2 1 0 2526.86637713
1 2 32 0 907.215307599
2 2 4 1 1175.42560391
4 4 4 0 1369.43326181
16 2 4 0 1984.09605712
4 2 16 1 1173.35522828
2 2 8 1 1383.21350523
8 2 16 0 1506.38844962
2 4 16 1 806.038943383
1 4 32 0 526.510861687
8 2 1 1 2067.9180482
16 4 8 1 1371.62664027
32 2 1 1 2721.81176457
32 2 16 1 1776.22595413
4 4 8 1 1453.95046879
1 4 1 1 701.440340242
1 8 8 0 1205.62189594
4 4 32 0 756.083987714
2 4 4 1 928.688910073
4 4 2 0 1497.81073548
16 4 32 1 1437.22665897
8 2 8 1 1455.12413422
4 4 32 1 1181.98548959
1 4 4 0 1108.28829659
16 4 4 0 2011.07176859
2 4 16 0 865.431094587
1 8 2 1 651.534978229
8 4 4 1 1837.49502737
2 2 8 0 886.226873911
4 4 1 1 1520.44773589
8 2 2 1 1790.75030647
1 4 1 0 1173.43140927
32 2 2 0 2561.4084335
4 2 32 0 868.311121592
8 2 4 0 1672.9778888
2 2 2 1 1260.44972006
4 2 4 1 1422.56861644
2 4 8 0 1248.0700597
16 4 2 1 1774.16327021
32 2 2 1 2569.76900974
1 4 4 1 780.858070352
4 2 1 1 1574.17524567
2 4 32 0 804.705411631
8 4 32 1 934.509371994
1 8 4 1 595.329416791
16 4 16 1 1378.09996291
1 4 2 0 1413.66948559
2 4 1 1 1026.84189673
4 2 4 0 1339.28818316
32 2 32 1 1902.66518587
1 8 1 0 1244.90291798
2 4 1 0 748.022267945
8 2 8 0 1069.77367252
1 4 16 0 478.201504106
2 2 4 0 1078.00939145
8 4 32 0 805.134972261
32 4 32 0 580.244453072
32 4 2 0 3386.75190636
2 8 32 1 838.336680251
32 8 16 0 2603.25131786
8 16 32 1 746.341636605
32 8 2 1 3663.79336027
16 8 4 0 2657.12975232
2 8 1 0 1100.79757391
8 16 2 1 751.67857432
2 16 32 1 652.363792957
2 16 8 1 764.553905757
8 8 8 0 2330.80774252
16 8 4 1 3081.48659692
16 8 16 0 2117.30646041
32 8 1 0 4609.73002811
2 8 8 0 979.510851578
1 16 16 1 701.739885544
32 8 4 0 3087.82180249
2 8 16 0 607.333659668
1 16 8 1 580.440965487
4 16 4 1 768.325432747
4 8 2 0 1519.39191997
8 8 2 0 2554.35923723
8 8 8 1 1650.53797979
1 8 32 0 516.562499769
8 16 4 0 750.117917344
2 16 8 0 1509.53443651
32 8 4 1 4118.32049039
4 8 4 1 1290.31722572
16 8 16 1 2167.76030264
32 8 16 1 2665.72445057
4 8 32 1 1339.68929978
4 8 1 1 1985.58263548
32 8 2 0 3797.98913808
2 8 2 1 1016.88919589
16 8 8 1 2894.51011535
8 16 1 1 756.526848988
1 16 4 1 1206.75688266
32 8 8 1 2230.57837513
1 16 1 0 662.298181633
1 16 2 1 1393.38565786
32 8 32 1 2265.51316519
4 16 8 1 766.636023164
8 8 32 0 864.168221826
2 16 1 0 1155.60608225
4 16 8 0 722.766475397
2 8 4 0 1140.33917069
4 8 8 1 1638.03418192
1 16 8 0 587.233847273
8 8 4 1 2479.14234018
2 16 16 0 961.762947845
2 8 4 1 1107.13942309
8 16 2 0 772.421375728
32 8 32 0 2611.3346638
2 8 1 1 1101.13696673
8 8 2 1 2847.30580101
4 16 1 1 756.816537016
16 8 1 0 3286.01438264
4 8 4 0 1386.55631597
16 8 2 1 3095.00729918
4 8 16 1 1247.58052427
4 16 32 1 764.035998611
8 8 16 1 1547.77998846
2 8 2 0 893.675666537
8 8 4 0 2669.80336723
4 8 2 1 1562.80188939
32 8 8 0 2922.20458417
2 16 2 1 590.285920428
16 8 32 0 1208.27974032
16 8 32 1 1139.96180622
2 16 32 0 881.562331807
16 8 8 0 2328.01172186
8 8 1 1 2893.70341455
2 8 8 1 910.404048549
1 16 2 0 981.893612639
32 8 1 1 4071.17290189
16 16 1 1 735.54564546
4 16 2 0 756.670038926
1 16 4 0 666.429181003
2 16 1 1 650.43218522
4 16 4 0 751.398387112
8 16 16 0 772.096407477
2 8 32 0 1593.51923744
2 16 2 0 1092.73799746
8 16 32 0 744.042492743
8 16 1 0 752.779589738
8 8 1 0 2579.63684047
8 16 16 1 748.552531076
4 8 16 0 1096.52442455
1 8 32 1 809.113099476
2 16 4 0 1559.9941891
8 16 8 0 777.191494768
16 8 1 1 3533.48839774
2 8 16 1 925.573977644
2 16 4 1 700.499627142
4 16 16 1 731.287919258
4 8 8 0 1613.14381413
8 8 16 0 1595.7738283
4 8 32 0 1245.40868462
8 8 32 1 1291.02594858
8 16 4 1 723.422783012
4 16 16 0 776.94123799
16 8 2 0 3060.65950188
2 16 16 1 728.351278261
1 16 16 0 534.226980402
4 16 1 0 770.741512227
4 16 2 1 773.049714551
8 16 8 1 754.306886703
4 8 1 0 1632.91476667
1 16 1 1 1048.52359945
1 16 32 0 999.663146641
4 16 32 0 771.881438842
32 16 2 0 699.363616896
