2 1 1 1 582.748217739
32 32 4 0 3185.44845827
32 16 16 0 2618.74449987
16 16 2 0 3084.99566441
2 32 1 0 1047.06235712
2 32 2 1 1125.94355205
1 1 16 1 405.418713312
4 32 16 0 1823.42196128
16 16 32 1 1866.36343885
8 16 32 0 1488.44542041
32 16 8 1 3102.07500488
16 16 16 0 2059.81608009
8 1 2 1 1163.99249231
4 32 8 0 1180.72673709
16 32 2 1 2827.34488458
8 16 8 1 1873.97334269
4 32 32 1 1349.92068736
16 16 32 0 1536.6582179
32 16 1 1 3369.66444373
1 32 32 0 1521.53126433
32 32 16 1 2354.86203698
4 32 4 0 1461.05363098
16 32 16 1 2272.56421608
16 32 32 0 1914.54845612
32 32 32 0 1752.17081978
4 1 8 0 1063.95580242
16 32 32 1 1506.73879471
2 1 8 1 663.42970708
4 1 2 1 937.771274442
4 1 16 1 909.018489248
8 32 32 1 1357.55381035
32 32 2 1 3331.38123525
32 32 16 0 2067.26682105
2 1 16 1 650.854017169
32 32 1 1 2961.99750272
1 32 8 1 861.779707587
4 1 1 1 896.571518627
8 32 16 0 1842.72243863
32 16 4 1 3192.70460718
4 32 2 0 1465.60227563
2 32 16 0 1006.07508638
2 1 8 0 515.853081621
16 32 1 0 2571.60234286
32 16 1 0 3632.52959704
2 1 16 0 711.26970329
8 32 32 0 1495.78516512
4 32 1 0 1438.90421145
1 32 2 1 1300.86238269
16 16 8 0 2666.64625638
32 32 4 1 3095.29510157
2 1 32 1 485.791928315
8 32 8 1 1891.00311242
32 16 2 1 3508.72229985
1 32 2 0 1826.56152838
4 32 1 1 1462.05308184
4 1 2 0 976.54290354
8 1 2 0 1260.47186837
16 16 4 1 2619.79109098
8 1 1 1 1564.93387463
1 32 16 0 1738.94631983
1 32 1 0 1313.90882872
16 32 8 0 1613.78462572
4 1 16 0 1286.98089472
2 1 4 0 548.130683549
1 1 2 0 289.662672617
1 32 1 1 1318.32122669
1 1 4 1 283.162963634
32 32 32 1 1743.31437076
2 1 4 1 543.248475777
2 32 8 1 1032.22082198
32 32 1 0 3066.53400579
1 32 8 0 833.826238803
16 32 8 1 1722.57681594
16 32 16 0 2270.39448503
2 32 4 0 1140.77428841
2 32 2 0 1143.99580899
32 16 8 0 3402.93859602
16 32 2 0 2821.58547845
16 16 2 1 2146.03956537
4 32 8 1 1280.0202073
32 32 2 0 3207.74352101
2 32 32 0 1229.15665865
4 1 4 1 989.904945774
8 32 2 1 1987.59661461
32 16 16 1 1974.5591304
8 16 8 0 1964.19852473
1 1 16 0 345.829834688
2 32 8 0 1178.2742404
2 1 1 0 599.902940188
32 16 32 0 1919.09662902
1 1 2 1 616.910622715
8 32 2 0 2125.67774463
8 32 4 1 1512.31260552
16 32 4 1 2472.88404178
4 1 4 0 1033.88928165
8 32 1 1 1565.28760508
1 1 4 0 413.284963927
1 1 8 1 562.216761966
1 1 1 1 339.7914714
8 16 16 1 1605.54551994
16 16 8 1 1583.42177643
16 16 16 1 2239.85960239
4 1 8 1 1017.52223126
2 1 2 0 569.977026275
4 1 1 0 941.829196639
2 32 16 1 1092.99214562
1 32 16 1 1339.88146782
1 1 32 1 460.27599892
1 1 8 0 549.515611354
2 32 32 1 1151.401576
4 1 32 1 985.208147641
1 32 4 1 979.14513425
32 16 4 0 2786.03291003
1 1 32 0 390.986400184
16 16 1 0 2969.22286754
2 1 2 1 698.999890626
2 32 1 1 1043.71544163
4 32 32 0 1677.1889994
16 16 4 0 1967.3827194
32 32 8 1 3004.44456937
1 1 1 0 408.068261002
8 16 16 0 1650.76252188
8 32 1 0 2094.30177976
4 1 32 0 1054.30079967
32 16 32 1 1437.8645115
4 32 4 1 1508.77642905
16 16 1 1 2489.85597205
8 16 32 1 1959.42450879
2 1 32 0 640.486046911
4 32 16 1 1349.20199673
8 32 4 0 1957.18492119
8 1 1 0 1255.97011677
1 32 4 0 855.147790124
16 32 4 0 2989.1059945
1 32 32 1 1850.08781653
4 32 2 1 1529.32489146
32 32 8 0 2909.58780726
8 32 16 1 1831.6328609
16 32 1 1 2821.30486813
32 1 8 0 2209.66772278
16 2 4 1 1747.14416821
1 4 2 0 876.692703068
16 2 1 0 1886.60660183
8 1 8 0 1641.98607037
16 4 8 0 1910.89179034
8 4 8 0 1637.34449832
8 4 16 1 1628.76167049
4 4 32 1 948.533931796
16 1 32 1 1965.68318143
2 4 16 0 721.957420874
16 2 16 0 2049.87056442
32 1 4 0 2667.69239222
8 2 2 1 1363.12172014
4 2 32 0 839.168557988
1 4 2 1 518.602592016
8 1 32 1 1499.58093526
4 2 4 1 1025.14395958
16 2 4 0 1851.08728424
1 4 8 1 732.189017365
4 2 32 1 898.079826135
16 1 8 1 2133.21613384
8 2 1 0 1534.61792485
4 4 1 1 1087.77169059
4 4 32 0 980.405623087
32 2 2 1 2078.68469657
16 2 32 0 1989.58606281
4 4 4 0 973.574156521
1 2 2 0 476.383774601
2 4 1 1 533.146351849
16 1 32 0 2040.65408781
1 4 8 0 929.460250359
32 2 32 0 2067.47700544
4 4 8 0 935.596522384
2 2 1 0 579.227475242
2 2 4 0 602.981116099
8 2 16 1 1412.36960465
16 1 4 1 2022.04795388
32 1 1 1 2095.88264058
1 4 1 0 723.05872378
16 2 32 1 1921.03804582
32 2 32 1 2156.69276876
2 2 16 0 708.809251262
1 4 1 1 1087.31462499
4 4 2 1 882.51688143
1 4 32 0 498.227050703
8 4 32 1 1262.42570642
32 1 2 0 2319.30465904
32 2 16 0 2150.57409852
8 4 8 1 1373.52638388
4 2 2 1 913.65063534
8 2 8 0 1555.48870272
16 1 16 1 1407.60185297
8 1 32 0 1621.04383319
16 2 8 1 1985.88962963
1 2 16 0 445.162923999
8 2 32 1 1264.81291901
2 4 4 1 813.298557667
2 4 32 1 715.398160231
4 4 1 0 790.017494112
16 2 16 1 1560.15309845
1 2 32 0 393.355889872
4 2 8 0 967.09761702
1 2 2 1 842.49130109
4 2 8 1 1230.1173815
32 2 2 0 2795.42277432
32 2 4 1 2159.65690608
1 2 4 0 504.28023875
16 1 2 0 1775.2973569
1 2 32 1 406.092452944
2 2 8 0 612.957528122
2 2 32 1 602.22346374
1 2 4 1 278.770050145
4 2 16 1 858.808835685
2 2 8 1 577.245354263
16 1 4 0 1843.53141847
16 4 4 0 2025.12094586
8 2 16 0 1460.93401898
8 2 1 1 1356.02011821
2 2 32 0 626.607556934
2 4 1 0 637.696692104
8 1 4 1 1364.70120984
4 4 2 0 948.086718376
1 2 8 0 458.24845268
8 1 8 1 1269.96473339
32 1 32 1 2050.32270953
1 2 1 1 450.660789517
32 1 1 0 2202.33393192
16 1 1 0 1432.71965869
8 4 16 0 1367.9498134
1 4 16 0 666.189985112
8 2 2 0 1357.1673336
16 2 1 1 1909.36323253
16 4 8 1 2180.21861327
2 2 2 1 607.95285768
32 1 16 1 2249.98082408
8 2 8 1 1514.45610715
2 2 4 1 726.381211757
4 2 2 0 1158.09977694
8 4 2 0 1490.74310503
1 2 16 1 213.631141206
32 1 16 0 2454.85110795
4 4 8 1 938.341301417
16 1 2 1 1989.73143604
4 2 4 0 921.013580007
2 4 2 0 776.293428741
16 4 2 1 2111.57293132
4 2 16 0 864.984942776
2 2 2 0 552.888904701
32 2 4 0 2178.39202726
16 4 4 1 1780.76951885
32 2 8 1 2615.12453346
8 2 4 0 1382.84863286
1 2 8 1 224.432209796
32 1 32 0 2172.94840149
8 4 4 1 1602.16607101
2 2 16 1 582.717088316
32 2 8 0 2352.49450592
2 4 4 0 608.420618241
2 4 8 0 681.858440599
8 4 2 1 1220.03477865
8 2 32 0 1395.16420306
32 1 2 1 2267.58504179
16 1 16 0 1690.70774527
2 4 16 1 514.033352433
8 4 1 0 1335.04355632
16 2 2 0 1872.16873546
2 4 2 1 667.219000237
32 1 4 1 2252.14768605
16 2 8 0 1932.82653704
4 4 16 1 910.111560172
16 4 2 0 2037.44332217
1 4 4 0 475.623564251
32 2 1 0 2433.70587866
8 4 32 0 1339.45172355
8 4 1 1 1606.93323117
4 4 4 1 1030.56473773
32 2 16 1 2473.63500743
4 4 16 0 875.956752037
1 4 16 1 451.318399744
1 4 32 1 714.50939089
8 2 4 1 1461.51264233
2 4 32 0 649.264035958
8 1 16 1 1763.4447834
16 1 1 1 1604.00833179
4 2 1 0 978.250351581
4 2 1 1 1036.95665959
16 2 2 1 2068.98119716
8 1 4 0 1709.47639042
2 4 8 1 650.94791386
16 1 8 0 1666.6137485
8 1 16 0 1779.95205433
16 4 1 1 1950.94621768
32 2 1 1 2196.72167781
1 4 4 1 1315.8111133
8 4 4 0 1413.38033801
1 2 1 0 547.864966311
2 2 1 1 506.038417418
32 1 8 1 2191.51292267
16 4 1 0 1946.35094538
4 8 1 1 968.902658121
1 8 16 1 548.861987989
