32 4 16 0 2188.43395
16 4 8 0 2704.44059123
4 4 16 1 397.153124826
2 16 8 1 1728.4091959
8 1 32 1 392.775217487
1 8 1 1 2347.04060776
8 1 8 1 394.374422165
32 1 8 0 388.259645187
1 4 16 1 1864.42763044
1 2 1 0 1649.98899031
8 1 2 0 388.306956255
32 4 1 1 4012.27587283
4 2 2 0 396.325176855
1 2 32 1 1826.58287824
8 8 8 0 2861.67186147
16 8 4 1 3868.53273392
8 1 16 1 392.831514711
4 4 4 1 396.404863965
16 8 16 0 2509.9645516
16 1 16 1 391.704307991
32 8 1 0 4814.3791272
2 8 8 0 1541.26388767
32 2 8 1 391.612971618
1 16 16 1 2105.32686202
32 8 4 0 3897.58069658
1 2 2 0 311.317272748
2 8 16 0 1527.87902767
4 2 8 1 398.946927803
1 16 8 1 1098.74336275
2 2 16 1 1363.82051582
8 4 16 0 1473.22241126
4 8 2 0 2434.441818
16 2 4 1 391.965454407
8 1 4 0 392.348224392
2 2 32 0 396.083774111
32 4 2 1 4140.11591966
8 2 1 0 396.431174879
8 8 2 0 3165.73426904
8 8 8 1 2749.96602212
1 8 32 0 1960.90777976
2 16 8 0 1501.05922311
1 4 8 0 1346.84709618
8 1 4 1 392.524410934
8 4 4 0 389.734524126
32 2 32 0 388.855245979
8 4 8 1 392.351138308
32 8 4 1 3734.71786869
16 1 32 0 386.91244746
4 2 32 1 394.955493192
1 4 8 1 528.781139418
32 1 1 0 386.013043184
4 8 4 1 2315.92630888
32 2 4 1 391.935812207
16 8 16 1 2057.38432233
32 8 16 1 2595.46191964
16 1 2 1 383.796488577
4 8 32 1 1772.58659796
4 8 1 1 2112.41895199
32 8 2 0 3861.5510495
32 1 2 1 386.903100268
2 8 2 1 1487.22416237
16 8 8 1 3154.10205885
16 2 32 1 393.926222049
1 8 8 1 1594.81523215
32 1 1 1 387.306251548
8 2 2 0 393.017767227
1 8 4 0 1929.20446374
32 2 8 0 385.47339307
8 4 2 0 392.148409398
1 4 32 1 525.564193802
16 2 16 1 389.960723211
1 16 4 1 2001.94850731
2 4 32 1 1731.34953931
16 2 32 0 393.125549746
32 8 8 1 3247.71641398
1 16 1 0 996.26659236
1 16 2 1 2205.31841983
32 1 16 0 381.364993012
32 8 32 1 3013.84342534
16 2 8 0 386.482330069
8 1 32 0 392.453897824
16 1 1 1 389.04288832
8 8 32 0 1708.37984738
4 4 2 1 397.635728374
32 4 8 0 3206.57183358
2 4 2 0 395.551721592
2 2 1 1 772.736777102
16 2 8 1 386.447503477
2 2 2 0 397.576073932
16 4 32 0 2143.0962619
2 16 1 0 1769.39745619
32 4 8 1 3133.43835017
16 4 1 1 3563.20327086
2 8 4 0 1604.07587871
8 4 8 0 392.191571776
4 8 8 1 2011.95047811
1 16 8 0 2236.21466957
8 8 4 1 3274.04801485
4 2 16 0 396.961420788
16 4 1 0 3509.03476769
2 4 4 0 395.148819685
2 2 1 0 392.482292125
8 2 32 1 396.017845089
2 8 4 1 1734.32956941
2 4 8 1 1544.00000431
16 2 1 1 394.013634472
4 2 2 1 395.520972864
1 2 4 1 541.543550168
32 2 4 0 385.373208387
32 8 32 0 2594.29160366
16 4 2 0 3498.59980692
2 8 1 1 1634.3039932
1 8 16 0 2013.04995958
8 4 1 1 392.561064831
32 4 32 1 2953.99115711
16 4 4 1 3715.82217112
8 8 2 1 3304.85997679
4 4 16 0 396.808413067
1 2 1 1 507.155556567
32 4 1 0 4651.34610189
1 8 16 1 815.161615252
32 4 4 0 3743.21142061
8 2 32 0 396.563624014
16 8 1 0 4513.95420412
4 8 4 0 2318.27366318
2 4 2 1 771.817466187
16 8 2 1 4524.27463355
4 8 16 1 2082.99152105
16 1 8 1 393.153715265
4 2 8 0 398.123176677
8 8 16 1 1938.14304661
8 4 1 0 395.634261999
2 8 2 0 1628.666366
8 8 4 0 3084.16791054
4 8 2 1 2163.75311488
1 2 4 0 2088.56511656
32 8 8 0 3022.51996344
2 16 2 1 1752.98814225
16 8 32 0 1841.26331519
32 1 4 0 389.274354841
16 1 2 0 390.378259154
16 2 16 0 392.157558444
2 2 32 1 1621.61055344
8 4 2 1 382.489372246
32 1 16 1 390.22596208
16 2 1 0 381.157026315
16 8 32 1 2009.58284242
16 2 2 0 393.470871899
1 2 8 1 2118.18064961
32 2 1 0 391.290323073
1 2 32 0 318.761972421
2 2 4 1 397.098265273
4 4 4 0 395.884945749
16 2 4 0 392.087834951
4 2 16 1 397.421392527
2 2 8 1 397.892619697
8 2 16 0 391.183855785
32 1 2 0 389.720679094
2 4 16 1 1467.39290977
8 1 8 0 396.275017298
1 4 32 0 1878.21725342
16 8 8 0 3146.57334915
8 2 1 1 395.069246423
16 4 8 1 2287.33061409
8 8 1 1 3161.27122638
32 2 1 1 389.225804591
2 8 8 1 1545.60029162
1 16 2 0 1361.25500764
32 1 32 0 385.550042401
32 2 16 1 390.269668274
32 8 1 1 4953.53747384
1 16 4 0 921.469422343
2 16 1 1 1644.28337258
4 4 8 1 398.438229706
16 1 4 1 390.969926155
2 8 32 0 1402.80072889
2 16 2 0 1670.58770055
16 1 16 0 392.705142071
1 4 1 1 1864.52715219
1 8 8 0 2153.40246563
4 4 32 0 397.519850951
16 1 8 0 391.347313657
2 4 4 1 1496.56718793
1 2 2 1 1677.7276834
4 4 2 0 396.675000992
8 8 1 0 3095.30632205
16 4 32 1 1893.62049532
4 8 16 0 1910.9882055
8 2 8 1 389.140514686
4 4 32 1 391.961958861
1 4 4 0 328.480538502
1 8 32 1 1516.59808256
16 4 4 0 3354.30876626
32 1 32 1 386.857255446
2 16 4 0 1416.05546519
2 4 16 0 398.849547284
1 8 2 1 1689.45955027
8 4 4 1 392.269696861
2 2 8 0 1369.41040855
4 4 1 1 388.450205165
8 2 2 1 394.745618824
1 16 32 1 2186.63346021
16 8 1 1 4294.89492857
2 8 16 1 1516.80259554
2 16 4 1 1758.35459788
1 4 1 0 1654.60218259
32 1 8 1 384.517929981
32 2 2 0 385.361918922
4 2 32 0 398.016272765
8 2 4 0 394.487903926
2 2 2 1 781.191986302
4 2 4 1 395.276510486
4 8 8 0 2313.70374981
2 4 8 0 398.160989272
16 4 2 1 3719.14889607
32 2 2 1 384.810284803
1 4 4 1 1732.58053645
1 2 8 0 321.646066107
4 2 1 1 396.215988248
2 4 32 0 398.648011621
8 4 32 1 1328.33645148
16 1 4 0 384.574475046
8 8 16 0 1814.49883759
1 8 4 1 1264.06181271
4 8 32 0 1733.8838535
16 4 16 1 2224.88639813
8 8 32 1 1790.7838162
1 4 2 0 580.895093174
2 4 1 1 765.260140174
4 2 4 0 396.248084428
32 2 32 1 387.282123375
1 8 1 0 903.998290882
16 1 32 1 391.748388866
2 4 1 0 395.367149504
8 2 8 0 397.099595806
1 4 16 0 326.153808537
8 1 2 1 394.571903229
16 8 2 0 3822.55066632
2 2 4 0 1320.20079901
1 16 16 0 988.798871799
1 2 16 1 548.483981119
8 4 32 0 1414.89652015
4 8 1 0 2439.590692
16 1 1 0 390.401580899
1 16 1 1 1568.97951018
1 16 32 0 2094.70848518
32 4 32 0 2776.52334192
32 4 2 0 4301.72767351
32 16 2 0 4750.89602022
2 2 16 0 1494.66105678
32 1 4 1 2421.66215791
8 16 32 1 1692.5364968
8 2 4 1 1951.98045254
1 2 16 0 1484.78417691
8 1 16 0 569.30869569
8 2 16 1 1982.51189656
16 2 2 1 2729.2372079
8 32 8 0 2876.4742988
4 2 1 0 1722.80151576
8 16 2 1 3080.83095237
2 16 32 1 1864.80788729
8 32 4 1 3190.93869697
1 1 16 0 1337.34105363
