32 1 4 1 743.062897416
1 2 16 0 887.173121395
8 1 16 0 768.450294716
8 32 8 0 738.606020768
8 32 4 1 742.916784137
1 1 16 0 452.177496932
8 1 32 1 762.859936613
8 1 8 1 765.293381244
2 1 1 0 767.20139605
4 32 8 1 763.81070977
32 1 8 0 716.534717713
1 2 1 0 771.200885017
8 1 2 0 774.11205201
1 2 32 1 1149.81432134
8 1 16 1 762.657796236
4 1 32 1 776.661895122
4 1 2 0 770.929157691
16 1 16 1 747.783293189
2 32 4 0 734.99382249
4 1 2 1 762.508446139
32 16 1 1 746.686108638
8 32 8 1 762.081072395
2 1 32 1 616.039674943
32 32 8 0 747.824788359
2 1 32 0 775.673746888
1 2 2 0 456.80727692
1 32 8 1 1489.2749288
4 32 16 1 768.455519375
16 32 4 0 744.748742858
16 32 1 0 752.435511084
32 16 16 0 727.094062825
1 32 4 0 897.123104161
8 32 32 0 746.592699568
32 16 16 1 728.495854735
2 1 4 1 1003.77848647
8 1 4 0 770.804601133
32 32 8 1 730.540775216
2 1 16 1 771.614932025
16 16 2 1 661.724551219
2 1 8 1 626.160169196
32 16 2 1 739.777471008
1 32 32 0 658.346346651
8 1 4 1 754.429269003
4 32 32 0 779.987861713
2 32 32 1 754.561712814
16 1 32 0 739.309603352
16 16 1 0 740.287875141
32 1 1 0 740.554082452
1 1 1 1 1245.3866633
1 32 16 1 382.930377832
2 32 16 0 1213.37646587
4 1 32 0 700.254489335
16 1 2 1 716.467568656
32 16 32 1 699.356565543
2 32 1 1 766.503919839
32 1 2 1 717.117182333
8 32 2 0 765.717027463
32 16 1 0 736.886876219
4 1 4 0 769.445238717
1 1 32 1 1020.37977034
32 16 8 0 691.129485064
32 1 1 1 722.982579226
16 32 8 1 732.812547438
32 32 16 0 742.423287801
1 32 1 0 725.792718123
1 32 16 0 825.396613815
32 1 16 0 746.873126794
8 1 32 0 755.357916525
16 1 1 1 738.739883981
1 32 32 1 669.636229854
2 2 1 1 1200.23004266
16 32 16 0 742.698415448
2 2 2 0 1278.63194552
1 32 4 1 413.673615238
4 1 4 1 769.036876187
32 32 32 1 740.535938292
1 1 1 0 474.809544149
16 32 4 1 746.087123874
1 1 2 0 866.531402912
32 32 16 1 713.467711763
4 32 32 1 763.61940436
16 16 32 0 731.156695549
8 32 2 1 743.838139798
8 32 1 0 763.957146126
2 2 1 0 759.285667781
2 32 2 0 710.063127689
1 2 4 1 468.258518829
16 16 2 0 738.56544834
2 1 4 0 778.257706462
1 1 8 0 1073.77801067
32 16 32 0 708.994978702
2 1 16 0 929.949494455
2 32 4 1 1082.36648326
32 16 4 1 703.163213321
1 2 1 1 1558.98614673
4 1 8 0 760.156245722
4 32 16 0 765.126147051
32 16 8 1 688.528998557
16 1 8 1 758.359959625
2 32 16 1 722.116063355
16 32 8 0 747.881993362
1 2 4 0 472.940060665
1 32 2 0 415.823917106
16 16 4 0 725.99342051
4 1 8 1 775.921614885
32 1 4 0 735.243839933
16 1 2 0 713.679940742
8 1 1 1 770.933245415
8 32 16 0 752.335189013
1 1 8 1 454.647947046
32 1 16 1 723.572652552
8 32 16 1 762.139324388
16 32 1 1 730.107878987
1 2 8 1 1132.27316078
2 32 2 1 1322.02894044
2 1 2 0 762.291679567
16 16 4 1 707.425768609
1 2 32 0 503.517904052
8 1 1 0 766.08633602
1 1 2 1 1089.39171112
2 2 4 1 775.037288025
32 1 2 0 729.892531169
8 1 8 0 773.343611062
1 1 32 0 1178.72149626
4 32 8 0 766.912537532
16 16 32 1 723.135819146
8 32 32 1 761.208268098
16 32 32 1 730.828630815
32 1 32 0 751.741049267
4 1 1 1 776.463548666
32 32 2 0 731.982834253
1 32 8 0 734.59109598
1 1 4 1 926.819134159
16 1 4 1 748.30259955
1 32 1 1 663.917003183
16 1 16 0 757.047205695
32 32 1 0 735.470976881
32 32 4 1 746.439891687
16 1 8 0 750.836160682
16 16 16 0 737.019413763
1 2 2 1 372.40950588
2 1 8 0 916.33773946
2 32 32 0 1066.42757535
2 32 1 0 1388.00788128
32 1 32 1 742.913365918
8 32 1 1 764.154431586
16 16 16 1 666.860750243
4 1 16 0 766.939110365
16 32 2 0 759.526394687
16 16 8 0 723.251931694
4 32 2 1 761.877687594
32 32 1 1 736.211172528
32 1 8 1 740.54093072
8 32 4 0 763.957635319
4 1 1 0 774.62238309
2 2 2 1 759.635501277
1 1 4 0 548.949634386
4 32 2 0 763.021746144
1 2 8 0 1019.4836384
2 32 8 0 745.122169272
16 1 4 0 762.713909709
4 32 4 1 757.911764406
2 1 1 1 1082.21056601
4 32 4 0 774.106493432
32 32 32 0 745.188715209
4 1 16 1 765.729865434
32 32 2 1 738.356905497
1 32 2 1 613.777328754
16 32 32 0 747.50810943
16 16 8 1 740.200190524
32 16 4 0 709.640134595
16 1 32 1 751.636684583
4 32 1 1 766.967879135
8 1 2 1 749.900370357
2 2 4 0 1237.53339669
16 32 2 1 743.204446101
1 2 16 1 1530.76930854
1 1 16 1 523.393441164
32 32 4 0 687.904957219
16 32 16 1 746.61346233
16 1 1 0 750.965273822
2 1 2 1 912.762577905
2 32 8 1 1212.35942486
4 32 1 0 770.428143504
16 4 16 0 758.199716825
32 4 4 1 737.833956628
32 16 2 0 644.301878849
4 4 1 0 768.386650319
2 2 16 0 769.844858745
2 8 32 1 1214.64389159
1 8 2 0 476.035173826
32 2 16 0 755.514140092
32 8 16 0 748.922751636
32 4 16 1 729.165262643
8 16 32 1 670.256419374
8 2 4 1 775.770662827
32 8 2 1 753.335817594
8 4 16 1 771.304548331
16 8 4 0 762.700262508
4 4 8 0 782.384193821
8 2 16 1 773.883808563
2 8 1 0 769.257287014
16 2 2 1 742.971590446
4 2 1 0 775.323387744
8 16 2 1 711.236774106
1 4 2 1 1757.9151564
2 16 32 1 886.501017904
32 4 16 0 734.550930766
16 4 8 0 752.077918718
4 4 16 1 766.768169293
2 16 8 1 1399.55553762
1 8 1 1 1564.29262496
1 4 16 1 1623.22130734
32 4 1 1 750.548996349
4 2 2 0 777.186623174
8 8 8 0 749.611487771
16 8 4 1 747.060142499
4 4 4 1 779.987841882
16 8 16 0 749.977460783
32 8 1 0 756.789644871
2 8 8 0 777.490722632
