4 16 8 0 1658.66729565
32 1 8 0 2505.34639005
8 1 8 0 1617.57154475
8 32 8 0 2110.08808891
16 1 32 1 2482.15671087
2 1 1 1 930.907611586
32 1 4 0 3047.84754147
32 32 4 0 3522.93742819
4 2 32 0 1001.26659085
8 1 32 1 2077.92006902
4 2 4 1 1125.68726059
1 1 16 1 1329.64352742
4 2 32 1 1228.87072841
16 1 8 1 2320.59571555
8 2 1 0 1660.56029369
8 1 2 1 1630.00859069
16 32 2 1 2596.02063676
1 2 2 0 543.180659593
16 1 32 0 2848.41729796
2 2 1 0 858.431397344
32 32 16 1 2207.44038868
2 2 4 0 911.907652405
16 1 4 1 2522.2588922
32 1 1 1 2031.21147057
16 32 16 1 2001.29312339
16 32 32 0 1904.02849637
32 32 32 0 1733.47117423
2 2 16 0 925.396825671
4 1 8 0 1683.396453
16 32 32 1 1642.01253135
2 1 8 1 991.335340852
4 1 2 1 1376.36736589
4 1 16 1 1448.44355709
32 1 2 0 2478.88997939
8 32 32 1 1368.00273593
32 32 2 1 3725.28656184
4 2 2 1 1304.04201252
32 32 16 0 2291.79537197
2 1 16 1 1146.4563279
32 32 1 1 3184.75609929
4 1 1 1 1356.04999568
8 32 16 0 1838.60429007
2 1 8 0 1040.57670014
16 1 16 1 2613.77440247
16 32 1 0 2843.12201288
8 1 32 0 1967.31876136
1 2 16 0 1181.31975205
2 1 16 0 1011.1988755
8 32 32 0 1612.97204363
32 32 4 1 3559.98237576
2 1 32 1 1242.6826833
1 2 32 0 1400.80559821
4 2 8 0 1171.53131268
1 2 2 1 1409.1898389
4 2 8 1 1382.03310334
1 2 4 0 1459.62526288
16 1 2 0 2503.32814024
1 2 32 1 1234.19173722
4 1 2 0 1668.11291763
2 2 8 0 825.750998651
2 2 32 1 815.207467307
1 2 4 1 1180.83709827
4 2 16 1 1030.76162972
2 2 8 1 861.597839337
8 1 2 0 2303.88785456
8 1 1 1 1970.15107123
16 1 4 0 2128.34599689
16 32 8 0 2729.19830456
4 1 16 0 1585.5367644
2 1 4 0 1042.80067208
1 1 2 0 572.766257843
8 2 1 1 1603.15538205
1 1 4 1 805.647696944
32 32 32 1 2030.47509775
2 2 32 0 889.08051319
2 1 4 1 1026.11980938
8 1 4 1 1775.81579481
1 2 8 0 1390.35545763
8 1 8 1 1987.14058187
32 32 1 0 3368.9997664
32 1 32 1 2348.99302048
1 2 1 1 884.525779907
32 1 1 0 3203.64629858
16 1 1 0 2542.90521456
16 32 8 1 2595.01317758
16 32 16 0 2372.51209212
2 2 2 1 1027.0698406
16 32 2 0 2868.03455689
32 1 16 1 2321.84965059
2 2 4 1 1193.89670743
4 2 2 0 1244.74896237
32 32 2 0 3395.43434095
4 1 4 1 1472.37727292
1 2 16 1 589.027853028
32 1 16 0 3088.41468344
16 1 2 1 1993.2083547
1 1 16 0 1240.64512395
4 2 4 0 1125.25194609
2 1 1 0 1130.64692648
4 2 16 0 1234.17909021
2 2 2 0 670.568192094
1 1 2 1 1281.19693513
16 32 4 1 2534.67449343
4 1 4 0 1378.02361415
1 1 4 0 1281.105062
1 2 8 1 1115.19786015
32 1 32 0 2314.12070865
1 1 8 1 1309.16323541
2 2 16 1 836.383839027
1 1 1 1 577.389794363
32 1 2 1 3395.94879759
16 1 16 0 2257.74991871
4 1 8 1 1319.73836821
2 1 2 0 1294.49819847
32 1 4 1 2724.43033382
4 1 1 0 1377.79031121
1 1 32 1 1508.08462488
1 1 8 0 441.803655311
4 1 32 1 1394.71788407
1 1 32 0 456.498665075
2 1 2 1 1023.22748423
8 1 16 1 1846.52941324
16 1 1 1 2629.59903518
4 2 1 0 1220.1139307
4 2 1 1 1254.18549296
32 32 8 1 3049.95949627
1 1 1 0 1040.90207345
8 1 4 0 1977.66530193
16 1 8 0 2469.33469173
4 1 32 0 1345.22809824
8 1 16 0 2224.61967718
2 1 32 0 992.243773157
1 2 1 0 970.732113805
8 1 1 0 1665.52323068
16 32 4 0 2731.50274284
2 2 1 1 1036.73807836
32 1 8 1 2617.84993879
32 32 8 0 3018.30549536
8 32 16 1 1903.48288518
16 32 1 1 2537.78734957
16 2 4 1 1935.7641607
1 4 2 0 535.704870319
4 8 1 1 1198.77739904
16 2 1 0 1814.48165607
4 8 8 0 1250.54202948
1 8 16 1 1203.87700234
16 4 8 0 2149.30416162
8 4 8 0 1557.3847096
32 4 2 1 2189.00244776
8 4 16 1 1572.91295154
4 4 32 1 1085.74369141
2 8 16 1 787.069012022
2 4 16 0 658.376733637
16 2 16 0 2160.44554775
8 2 2 1 1590.02632487
1 4 2 1 1201.66638966
1 8 8 1 351.935711828
16 2 4 0 2313.36884774
1 4 8 1 1166.69884884
32 4 32 0 2102.06297742
4 4 1 1 1060.93959002
4 4 32 0 1324.39754604
32 2 2 1 2652.0465262
16 2 32 0 1783.90531156
4 4 4 0 948.81945165
2 4 1 1 950.075339032
1 4 8 0 1343.95420599
32 2 32 0 2454.20886159
4 4 8 0 995.543987198
2 8 32 0 754.06638166
2 8 2 0 739.552049066
8 2 16 1 1710.32319286
1 4 1 0 963.543930857
16 2 32 1 2186.27422326
32 2 32 1 2335.31756716
1 4 1 1 1011.75759469
4 4 2 1 1094.65856586
2 8 32 1 797.44947359
1 4 32 0 1340.69692717
8 4 32 1 1396.10932505
4 8 1 0 1088.30994606
32 2 16 0 2198.66457346
8 4 8 1 1597.66240883
8 2 8 0 1581.02455466
32 4 4 0 2092.32906978
1 8 2 0 1142.24077125
16 2 8 1 2133.56385955
8 2 32 1 1494.89472212
2 4 4 1 744.302391981
2 4 32 1 823.224759569
4 4 1 0 1178.65950345
4 8 2 0 1098.9425297
2 8 1 0 833.489974315
32 4 1 0 2226.84966216
32 4 4 1 2801.02764832
16 2 16 1 1935.1170493
32 4 1 1 2601.79778977
32 2 2 0 2555.94266626
32 2 4 1 2626.75050095
1 8 4 0 1226.10925423
16 4 16 0 2014.38260066
16 4 4 0 1842.48126137
8 2 16 0 1363.69439623
2 8 4 0 876.09918701
1 8 16 0 1313.39147478
2 4 1 0 748.736481697
1 8 4 1 983.970677634
4 4 2 0 1254.00851578
1 8 32 1 309.901490413
16 4 16 1 2072.27483289
1 8 1 1 1034.26626528
8 4 16 0 1489.2136214
1 4 16 0 1194.09558716
1 8 2 1 240.762409153
2 8 2 1 774.538580253
32 4 16 1 2179.10771809
8 2 2 0 1683.12637951
16 2 1 1 1973.77513741
16 4 8 1 2134.61097627
1 8 32 0 1286.78319193
1 8 1 0 1021.71692932
8 2 8 1 1405.87521145
8 4 2 0 1538.58780173
1 8 8 0 1318.77803949
4 4 8 1 1122.94463429
2 4 2 0 748.467936078
16 4 2 1 1745.87282655
32 2 4 0 2581.00704854
16 4 4 1 1908.0915905
32 4 16 0 2535.12395802
32 2 8 1 1587.52227931
8 2 4 0 1621.01222656
4 8 4 1 1165.90500717
8 4 4 1 1693.55950998
32 2 8 0 2821.15358491
2 4 4 0 838.898004778
2 4 8 0 948.764448919
8 4 2 1 1601.30540437
8 2 32 0 1635.4634762
16 4 32 0 1705.70382684
2 8 4 1 844.747205213
2 4 16 1 694.387700232
8 4 1 0 1519.30301272
16 2 2 0 2173.64624139
2 4 2 1 688.795798755
16 2 8 0 2187.24361034
4 4 16 1 1245.83477857
4 8 8 1 916.754604542
16 4 2 0 1554.89022544
1 4 4 0 1237.57586245
32 2 1 0 2732.70861778
8 4 32 0 1638.17865598
8 4 1 1 1488.52717159
2 8 16 0 788.164756584
4 4 4 1 1062.71729369
32 2 16 1 2564.54168812
4 4 16 0 1043.71665086
1 4 16 1 863.179071366
32 4 32 1 1977.33281057
1 4 32 1 1300.35200463
2 8 1 1 735.438311674
8 2 4 1 1452.09786051
2 8 8 0 716.569966315
2 4 32 0 805.104617598
4 8 4 0 1252.84204905
32 4 8 0 2694.71310985
16 2 2 1 1790.91758935
16 4 32 1 1765.20711893
2 4 8 1 733.132462613
16 4 1 1 1680.72862221
32 2 1 1 2775.50207916
1 4 4 1 1253.12027897
8 4 4 0 1520.98383702
4 8 2 1 1064.9949937
32 4 2 0 2490.83832035
16 4 1 0 2124.35356125
32 4 8 1 2455.23999461
2 8 8 1 823.659252606
4 16 1 1 960.551391431
1 32 2 1 963.489326964
4 16 8 1 1066.67299775
4 16 32 1 1117.79854714
1 32 8 1 586.174895135
1 32 4 0 1271.23478488
8 16 16 0 1544.19392472
16 8 4 0 1983.4478518
1 32 32 1 652.196502119
32 16 32 1 2036.25139694
8 16 32 1 1534.7151939
1 32 8 0 1302.465337
2 32 16 1 802.161236702
16 16 32 0 2016.57636324
1 16 16 0 588.985365175
1 32 1 0 1001.26253349
16 16 1 1 1783.62212759
32 8 16 1 2390.20131957
4 16 16 0 1023.44700399
32 8 2 0 2489.00431649
4 16 1 0 1183.76293873
2 16 8 1 796.75398935
2 16 2 0 696.188029244
32 16 1 1 2370.8754844
16 16 16 1 1881.52314353
2 32 2 0 789.118064896
8 16 8 0 1511.18986439
4 8 32 0 1111.93602241
4 16 8 0 1188.61238507
4 16 2 1 1336.59531333
16 16 4 1 2022.36313394
1 16 1 0 916.868326107
1 16 2 1 672.297876736
1 32 1 1 955.080457086
8 8 4 0 1551.95612668
16 8 4 1 1872.69988094
16 16 8 0 2021.47814447
32 16 16 0 2400.91357851
8 16 1 1 1453.04364354
2 16 2 1 734.453676612
32 16 4 0 2643.31629357
32 16 32 0 2165.62951061
1 16 1 1 900.688007167
32 16 8 1 2592.18872061
8 16 4 0 1558.14715085
32 16 1 0 2546.02049876
1 32 16 0 1218.13710883
32 8 2 1 2628.99623945
2 32 4 0 783.958948735
2 32 1 0 761.638148578
8 8 32 1 1512.13468852
8 8 1 1 1429.49647445
16 8 2 1 2145.66695243
4 16 4 1 1237.79491329
8 16 32 0 1570.03955476
1 16 8 0 1193.22819103
4 16 32 0 1018.1252042
2 32 32 0 186.389573219
16 16 32 1 1816.18875758
8 16 2 0 1602.69374243
32 8 16 0 2359.32260111
2 32 8 1 657.880008878
8 8 16 0 1684.90092079
32 16 2 0 2605.86351543
8 8 1 0 1569.70172817
4 32 1 1 482.886774646
2 32 4 1 680.183839032
32 8 4 1 2501.57361186
1 16 4 1 1128.86027706
32 8 1 1 2729.13727141
4 8 32 1 1157.98274758
4 16 2 0 1109.13764747
8 8 16 1 1560.22301611
4 16 4 0 1091.25308251
16 16 1 0 1914.72924558
1 16 4 0 1259.44262833
2 16 4 1 686.935004186
16 8 32 0 1870.59174613
32 16 2 1 2299.07111432
32 16 8 0 2534.38462507
8 8 2 0 1589.66935996
1 32 32 0 1032.36434748
8 16 1 0 1544.26172276
16 8 1 1 1905.7911813
1 32 16 1 1146.77820535
2 16 32 1 809.567177745
4 32 1 0 568.86179514
32 8 4 0 2528.20852336
1 32 2 0 1314.95003132
32 16 4 1 2549.53734706
8 8 8 1 1631.5929116
2 32 1 1 732.152138152
32 16 16 1 2201.98926757
1 16 2 0 1265.57704291
2 16 16 1 769.208482615
16 8 2 0 2011.8359908
4 16 16 1 1059.15154893
32 8 8 1 2243.70611594
4 8 16 1 1096.46245937
8 8 8 0 1560.74210286
16 8 32 1 2099.37710894
32 8 1 0 2466.2057491
2 32 16 0 168.559669461
8 8 2 1 1606.20543538
16 16 2 1 1921.48284627
8 16 4 1 1635.46695168
2 32 2 1 782.277709169
16 8 16 0 2001.83552032
32 8 8 0 2632.69586223
2 16 8 0 731.140098666
16 8 8 1 2158.01922481
1 16 16 1 1191.43208928
32 8 32 1 2155.6009767
2 16 1 1 807.344520976
2 16 1 0 702.109912252
16 16 4 0 1890.84861762
1 16 8 1 1343.01686046
16 16 16 0 2066.15961227
4 8 16 0 1081.26240473
8 16 2 1 1524.16963255
2 32 8 0 731.535701547
2 16 4 0 862.487265726
32 8 32 0 2449.24778458
2 16 16 0 764.874708013
2 16 32 0 719.437947049
1 32 4 1 1101.16000602
16 16 8 1 1911.02928643
2 32 32 1 448.930726203
1 16 32 1 1276.81354661
8 8 32 0 1483.11311134
8 16 8 1 1479.25632177
16 8 8 0 2019.67452754
16 8 16 1 2070.32825053
16 16 2 0 2095.71113351
8 16 16 1 1498.70954898
8 8 4 1 1631.99565646
16 8 1 0 2042.73917307
1 16 32 0 1262.59793167
4 32 8 0 1084.30650557
4 1 8 1 1338.92634199
1 1 16 1 1024.12585892
2 1 16 0 873.01974206
16 32 32 1 1739.11331579
2 1 4 1 799.455654207
32 1 1 0 2967.42982209
2 1 8 1 888.488900468
32 1 16 1 1923.71015765
16 32 2 0 1905.99987349
16 1 16 0 1573.34900828
2 2 2 0 1007.48039183
32 1 8 0 2950.01431318
4 2 4 1 1345.61817876
16 1 4 1 2068.66266435
32 32 16 0 2583.53942823
1 2 2 1 761.953717954
8 1 32 1 1381.53341614
8 32 1 0 1476.10523561
4 1 2 1 1335.54544663
16 1 4 0 2454.74768097
32 32 16 1 2380.72729216
8 1 2 1 1745.03407925
1 2 4 0 1763.32712932
8 32 8 0 1545.05665452
4 1 16 1 617.478149249
1 2 16 1 1791.43860225
2 2 32 0 858.283345024
2 2 32 1 910.93295781
32 32 8 1 2280.22783863
32 32 2 1 2581.61306225
16 1 1 0 2451.0510296
2 2 4 0 841.497532722
8 1 1 0 1439.66027191
4 1 1 0 1349.69038376
1 2 16 0 1332.69321727
2 2 2 1 986.350005626
32 1 32 1 1397.62750669
1 1 1 1 878.624155402
16 1 16 1 2010.6950428
1 1 2 1 275.888275963
8 1 1 1 1433.33785831
2 2 8 1 855.830447699
32 32 4 0 2561.60147058
32 1 32 0 1603.94637285
8 32 16 1 1519.83546667
32 1 16 0 2257.56470426
16 1 8 1 2219.04298255
4 32 2 0 266.408035423
32 32 2 0 2469.99204376
4 1 2 0 1197.48142602
32 1 1 1 2321.98683116
1 1 32 1 245.883714997
1 2 8 0 1532.73666031
4 1 4 1 1243.4027137
8 32 32 0 1518.55065502
4 2 1 1 1420.68828549
1 2 8 1 903.770365255
16 32 32 0 1928.14697125
2 1 32 1 799.957058528
2 1 8 0 1020.66257079
16 32 2 1 1842.40751131
1 2 32 0 1162.49526276
8 1 16 0 1312.60599505
16 1 32 0 1559.97898887
1 1 2 0 1277.38630332
32 32 4 1 2577.56149463
2 1 2 1 877.760788069
4 32 2 1 862.02580664
1 2 32 1 1898.67642545
8 32 2 1 1372.12886962
32 1 4 0 2916.53606831
1 2 4 1 1240.14209014
32 32 1 1 401.568134184
32 32 8 0 2410.4364052
2 1 1 1 757.5974334
1 1 32 0 1535.45518365
4 1 1 1 1367.10232934
32 32 32 1 2068.7081247
32 1 4 1 2975.43852895
8 1 8 1 1744.89502174
4 2 2 0 1604.73496466
4 1 32 1 1077.85366371
16 1 32 1 1544.29807075
8 1 16 1 1566.17138848
1 1 1 0 873.91713806
4 2 1 0 1399.64765169
4 2 4 0 1584.04845481
4 32 32 0 923.32510046
4 1 32 0 1110.74898753
2 2 16 0 965.84534649
32 1 8 1 2756.17721616
2 2 8 0 983.829398263
8 1 8 0 1604.34072527
16 32 1 1 2009.11854952
16 32 1 0 2127.74744478
2 1 16 1 975.974722052
16 32 8 1 1841.69028899
16 1 2 1 2393.67765427
1 1 8 1 643.221622358
4 1 16 0 1155.65617803
16 1 1 1 2620.85804802
1 2 1 0 1568.15004421
16 32 16 0 1850.23656755
8 1 4 0 1795.20442801
1 2 1 1 1288.98298429
8 1 4 1 2012.1274524
1 1 4 0 1544.78307629
4 1 8 0 1310.00943413
8 32 4 0 1431.53075846
2 1 32 0 876.656703329
8 1 32 0 1461.25943941
16 32 16 1 2128.50916917
32 32 1 0 281.911201265
32 1 2 1 2988.78841446
32 32 32 0 2375.71080507
16 32 8 0 2098.59952168
4 2 8 1 1369.31456599
1 1 8 0 345.34637215
4 2 2 1 1616.72717568
2 1 4 0 810.524691196
2 2 1 0 982.163074301
16 1 2 0 2578.06234965
1 1 16 0 1189.6124737
2 2 1 1 1037.46593946
16 1 8 0 2220.34777706
2 1 2 0 837.543680848
1 2 2 0 1872.78115832
2 2 4 1 1041.71482002
8 32 4 1 1338.37794837
2 2 16 1 975.851150141
2 1 1 0 882.101767232
8 1 2 0 1840.69627022
8 32 32 1 1416.06920683
1 1 4 1 1236.02976437
4 1 4 0 1359.52434548
32 1 2 0 2118.27238389
16 32 4 0 1718.1740216
4 4 32 1 1406.3865274
1 8 16 0 1094.48020494
16 4 16 1 2365.67541693
1 4 1 1 1744.86602245
2 8 32 1 335.937659665
4 2 32 0 1304.08398046
8 4 16 0 1718.14719571
4 4 2 0 1558.98820442
16 4 16 0 2281.09187458
1 8 32 1 1691.70527706
16 2 16 0 2054.32654356
32 4 1 1 3342.7830531
2 4 2 1 1018.22931201
32 4 32 1 1653.63586103
16 2 1 0 2776.06851928
4 2 8 0 1541.57805974
1 8 4 0 1268.30146942
32 2 8 1 2933.87520187
16 2 16 1 2025.91574014
16 2 4 1 2870.52618639
2 4 32 1 1051.3921868
1 4 1 0 1565.63683183
32 2 1 1 2891.2265872
2 8 2 0 1205.30211361
4 8 1 1 430.681346147
8 2 2 1 2165.37899391
32 2 16 1 2189.07125601
1 8 8 0 1117.7662908
8 4 32 0 1734.51603274
4 8 1 0 1584.78286648
2 4 16 0 1117.26069731
1 4 2 0 1955.08914085
2 8 8 1 1035.96020973
1 8 8 1 1520.96810985
32 2 2 1 3160.87856912
2 8 1 1 1212.09727361
8 4 1 1 1976.67587671
4 4 1 1 1536.25483543
1 4 32 0 1922.85318252
16 4 8 1 2445.92432163
2 4 1 1 1178.80144112
8 4 8 1 2171.67259396
2 4 16 1 1157.63316711
16 4 4 0 2958.6003851
16 2 8 1 2572.94330828
8 2 1 1 1849.92831034
2 4 32 0 1056.31541344
16 2 8 0 2345.06463123
1 8 1 0 1635.17124697
8 4 16 1 1739.9929368
32 4 32 0 1878.34795107
8 2 1 0 2047.57109085
16 4 8 0 2446.00437796
8 2 16 0 1731.01125152
1 4 8 1 1021.26886642
4 2 16 0 1361.25233322
16 4 1 0 2855.52271024
2 8 4 1 1094.51116462
4 4 32 0 1333.40690696
2 8 16 1 1029.50051966
4 4 4 0 1519.17051108
2 4 4 1 1160.66670343
2 4 1 0 1053.04720161
32 4 4 0 3026.52925689
8 2 16 1 1566.16868372
32 4 8 0 2887.27368802
8 2 4 0 2160.43185955
4 2 16 1 1486.31801801
8 4 1 0 1980.16383586
1 8 1 1 1360.84687932
16 4 32 1 1829.12760005
2 8 1 0 1122.06309181
32 2 8 0 2499.33306521
1 4 8 0 1817.46710663
8 2 8 0 1850.34858546
2 4 4 0 778.095604145
32 2 4 0 2685.68848396
32 2 32 1 1676.55724001
1 4 2 1 794.252644944
1 4 4 0 1709.28891949
1 8 32 0 1504.56090798
4 4 1 0 1768.76438328
32 4 2 0 3462.49263927
16 2 32 0 1535.04665993
8 4 2 0 2061.11010898
32 2 2 0 3292.78476043
8 4 32 1 1633.61618
32 4 2 1 3382.62947738
16 2 2 1 2832.32982815
32 4 4 1 3462.91865865
32 2 32 0 1636.07154332
1 4 16 1 1938.01956378
2 8 16 0 1179.36076552
8 2 8 1 1997.60525835
32 4 1 0 3051.68394232
4 4 8 0 1621.92425015
2 4 2 0 1238.93421921
2 8 8 0 1238.05423117
4 2 32 1 1412.51284143
8 2 4 1 2086.66210033
4 4 8 1 1576.68551706
1 4 32 1 1067.89294337
8 4 4 1 2072.67870919
16 4 2 1 2931.292408
16 2 4 0 2617.04039738
1 8 2 0 1104.07484162
4 4 16 1 1428.40750156
32 2 16 0 2350.65798389
32 2 4 1 3198.19504633
2 4 8 0 1154.22381295
4 4 16 0 1525.77375447
2 4 8 1 1121.51577329
4 4 2 1 1417.31286079
16 4 32 0 1724.87451121
2 8 2 1 1168.63056036
4 4 4 1 1441.94355129
1 4 4 1 1903.40689124
8 2 32 1 1711.51410673
32 2 1 0 2804.47316133
16 4 2 0 2934.47395446
32 4 16 1 2481.45406019
16 2 1 1 2643.43497963
8 4 8 0 2155.58105665
16 2 32 1 1790.76524217
32 4 8 1 3086.60607054
1 4 16 0 1808.7737985
1 8 16 1 1856.04526677
1 8 2 1 1908.87609114
8 2 32 0 1821.71424509
16 4 4 1 2603.33704676
8 2 2 0 1979.96632204
8 4 4 0 2147.32329948
16 4 1 1 2812.49714121
2 8 32 0 204.463694451
16 2 2 0 2829.05120419
1 8 4 1 1751.59573681
2 8 4 0 1294.00629997
8 4 2 1 2020.47647397
32 4 16 0 2570.38953281
32 16 2 0 3078.1433465
2 32 4 1 1226.77215876
32 8 8 0 3260.61877148
32 8 1 1 3641.28889239
8 8 16 1 2041.64556752
2 16 2 1 237.307861959
8 8 4 1 2035.92220316
4 8 8 0 1697.56851236
32 16 16 0 2347.70301831
16 16 2 0 2825.56119707
16 8 4 0 3073.05866848
2 32 1 0 1023.40830598
1 16 4 0 1836.02373472
2 32 2 1 1228.34222767
4 16 32 1 1286.32128587
16 16 32 1 1706.11254932
8 8 32 0 2064.27218202
8 16 32 0 1633.79868165
32 16 8 1 2822.87218905
16 16 16 0 2236.93176426
1 16 2 0 1263.51484082
1 16 1 1 1618.58889768
4 8 2 1 618.480842091
4 8 32 1 1335.9840143
8 16 2 0 2087.19367013
8 16 8 1 1944.66647682
16 16 32 0 1684.15675419
4 8 32 0 1526.82083597
4 8 16 1 1607.42123522
1 16 4 1 1758.89238262
32 16 1 1 3134.80874223
1 32 32 0 1341.27137637
4 8 4 0 1522.4596884
4 16 32 0 1506.32037288
8 8 1 0 2249.05719818
32 8 4 1 3304.53739576
8 8 2 1 1925.70864347
8 8 4 0 2209.17611739
16 8 2 0 2919.39397345
1 32 8 1 1730.20013178
32 8 32 1 1933.90058164
1 16 16 0 1630.57374209
32 16 4 1 3205.7912638
16 8 1 1 2717.9591756
32 16 1 0 3370.71934432
1 32 2 1 1686.44483986
8 8 2 0 2217.59769522
1 16 16 1 1715.67437935
16 16 8 0 2339.64020956
2 16 4 0 1154.09806175
4 8 2 0 1595.1156264
4 16 16 1 1459.1575114
32 16 2 1 3348.45212968
8 8 1 1 2201.56110728
16 8 2 1 2982.7735531
1 32 2 0 465.843755056
32 8 16 1 2219.02428666
1 16 32 1 1781.78248451
16 8 8 1 2765.63448571
16 8 32 0 1756.75906577
16 8 1 0 2912.94323573
16 16 4 1 2770.48558483
1 32 16 0 1605.2261819
16 8 16 0 2499.81696373
2 16 32 0 1234.79454265
1 32 1 0 1018.2338974
4 16 2 0 1519.02143819
1 32 1 1 1624.93467082
2 16 2 0 1040.59142414
4 8 16 0 1527.0854128
16 8 8 0 2978.40220316
2 16 1 1 1172.02907893
1 32 8 0 849.746656912
4 8 8 1 1556.36289081
2 32 4 0 1235.66973747
2 32 2 0 1095.16090063
1 16 32 0 1675.71510971
32 16 8 0 2725.35547407
16 16 2 1 2708.0431437
8 16 4 0 2083.00689315
1 16 2 1 1688.19443099
8 8 32 1 1808.47946559
2 16 8 0 1113.43328093
32 16 16 1 1953.37651269
8 16 8 0 2140.36133955
2 16 32 1 1066.38070371
1 16 1 0 1079.49996495
32 8 4 0 3367.6476739
32 8 2 1 3424.0015615
8 8 8 1 2143.19693787
32 16 32 0 1776.40781052
32 8 1 0 3509.30349148
2 16 1 0 1265.28384278
16 8 4 1 2742.96896974
2 16 4 1 1120.30306028
8 16 16 1 1920.55202554
8 16 4 1 1942.5467763
4 8 4 1 1707.73584744
32 8 32 0 1606.22446611
16 8 32 1 1891.60806739
8 8 16 0 2320.01070554
16 16 8 1 2517.74147419
8 16 2 1 2228.04548001
16 16 16 1 2277.24711056
2 16 16 0 1053.82217134
1 32 16 1 1728.89068619
4 16 1 1 1474.0296284
4 16 16 0 1533.4984958
8 16 1 0 2238.1722888
4 16 4 0 1581.47700008
4 16 4 1 1477.79185105
8 16 1 1 1962.05174859
1 16 8 0 942.876937931
1 32 4 1 1747.38367169
2 16 8 1 1179.84231589
32 16 4 0 2629.94934554
16 16 1 0 2848.72586135
2 32 1 1 1076.98748247
4 16 1 0 1459.91332558
32 8 2 0 3499.01976415
16 16 4 0 2884.69721106
2 16 16 1 994.834300354
8 16 16 0 1968.96669839
4 16 2 1 1556.53030059
4 16 8 1 1542.79177552
16 8 16 1 2424.42680441
32 16 32 1 1489.50589256
32 8 8 1 2988.11726678
1 16 8 1 1252.50480887
8 8 8 0 2045.50427589
16 16 1 1 2809.61609954
8 16 32 1 1712.71938648
1 32 4 0 963.291588497
1 32 32 1 440.405504727
32 8 16 0 2353.86594558
