16 1 8 0 136.373659135
1 2 2 0 79.1527269487
4 2 4 1 149.050540447
32 1 2 1 124.805025404
4 2 1 1 117.602333516
1 2 32 0 118.194280787
2 2 1 0 83.9947974498
2 1 2 0 124.881460954
8 1 8 0 164.268246961
1 2 16 0 113.407430469
2 1 16 0 142.37240127
2 2 32 1 132.026218359
4 2 4 0 144.050485199
8 1 8 1 152.869678364
1 1 8 0 135.622606628
16 1 1 1 164.563248021
32 1 16 1 164.959181828
1 2 2 1 81.8783861607
4 1 8 0 173.670059008
32 1 8 1 138.600350153
4 2 1 0 124.9859086
4 1 4 0 142.423891609
8 1 2 0 157.788946704
2 1 8 0 132.417637882
4 2 2 0 133.24377784
32 1 2 0 126.66419675
1 1 16 0 132.477227044
8 1 4 0 168.54726554
1 1 1 1 40.8644652697
1 2 8 0 129.486839985
2 1 1 1 91.7484406362
2 1 1 0 94.9912792896
4 1 16 0 157.320075638
1 1 1 0 64.3392537016
16 1 8 1 151.861074172
2 1 2 1 111.47790983
4 1 8 1 169.693813672
4 1 2 0 117.392354392
2 1 16 1 146.952985577
2 2 16 1 157.612177132
32 1 4 0 118.85192772
1 2 8 1 112.655340096
1 2 4 0 107.496838467
2 2 8 1 151.42823072
2 1 32 1 147.110789435
8 1 16 0 174.920847719
8 1 1 1 138.577378528
2 1 4 0 143.204846038
1 1 2 1 83.2913970151
2 1 32 0 143.803886681
16 1 2 1 157.703470254
2 2 8 0 146.449029103
16 1 4 1 156.762943994
32 1 32 0 141.815558622
1 1 4 1 115.225185683
4 1 4 1 151.8387501
2 2 16 0 156.810870667
1 1 8 1 117.143371357
32 1 8 0 153.46061395
8 1 1 0 124.943671019
2 1 4 1 111.144255179
1 1 4 0 110.696919567
16 1 16 1 145.22325037
1 2 1 1 63.5518269874
2 2 4 1 128.317899416
32 1 4 1 128.571101292
8 1 32 1 145.863477048
16 1 32 1 135.41027271
4 1 32 0 149.813548559
4 1 1 0 117.700244708
32 1 32 1 132.744136543
8 1 16 1 157.98731286
4 1 32 1 159.113602755
2 1 8 1 128.148618156
1 2 16 1 123.47225748
2 2 2 0 119.911125007
32 1 1 1 126.485229112
2 2 2 1 111.938228329
16 1 16 0 149.406965112
8 1 4 1 138.949503578
4 1 16 1 174.700230845
1 1 32 1 126.652519485
2 2 32 0 146.124279873
4 1 2 1 131.142778589
32 1 16 0 109.683940075
2 2 4 0 132.16130477
16 1 32 0 160.13214787
2 2 1 1 90.814108527
1 1 16 1 120.591848783
4 1 1 1 106.132060036
1 2 4 1 120.222354987
16 1 4 0 82.7925222252
1 1 2 0 83.8318091567
4 2 2 1 125.94653853
8 1 32 0 162.142606001
32 1 1 0 115.426085995
1 1 32 0 116.658108914
1 2 1 0 62.171054322
8 1 2 1 118.153493454
1 2 32 1 125.036245364
16 1 2 0 173.760756679
16 1 1 0 140.833981567
1 4 4 1 107.725592482
4 2 8 0 195.556959237
32 2 32 0 141.914056586
1 4 16 1 120.82758716
8 2 32 1 148.229837548
2 8 4 0 106.437398332
16 4 8 1 156.476768376
1 8 16 1 114.115108112
32 4 1 0 144.966572738
8 2 1 1 125.363567412
8 4 32 0 171.264092419
16 2 2 0 167.4066347
16 8 1 1 135.043858844
1 4 2 0 81.8020820815
8 2 16 0 171.400622835
2 8 4 1 102.751447628
32 4 8 1 102.625309402
8 2 2 1 155.666672949
1 4 1 1 56.162832126
4 8 8 1 145.149737987
4 8 32 0 155.989386989
16 8 4 0 139.601099476
32 2 1 1 130.460786528
4 4 2 1 126.135207473
4 4 8 0 139.95168755
8 8 1 1 120.145940896
4 4 1 0 118.094655422
1 4 16 0 117.464265718
16 2 32 0 171.57654227
4 4 32 0 162.652436502
8 8 4 1 158.448530127
2 4 4 1 111.137636842
16 4 1 1 117.598101126
2 8 1 1 86.4233846077
4 2 8 1 162.443511044
1 8 1 1 60.5094963636
16 8 2 0 136.798582694
32 4 32 0 122.438469895
8 8 8 0 137.753614033
16 8 1 0 137.908813261
4 8 4 0 127.057945379
32 2 8 0 141.149282707
16 4 16 1 146.349181168
8 2 2 0 150.639263888
1 4 32 0 122.41081352
32 4 2 0 142.466817396
8 8 32 1 153.803087283
16 4 32 1 141.663930145
4 8 1 1 75.2390848208
4 8 2 0 115.755925256
16 8 4 1 139.833911651
8 4 16 0 151.339110526
4 4 1 1 116.83084876
16 4 8 0 136.336372848
1 8 2 0 71.1946828367
16 4 32 0 135.854995603
8 2 1 0 139.736948017
4 2 32 0 169.587553168
1 8 1 0 57.9690616849
2 8 16 1 107.359755095
1 8 2 1 76.9990374604
16 2 4 0 144.616817447
8 2 4 1 152.401773195
16 8 2 1 137.305596888
16 2 1 1 143.240526616
4 2 32 1 172.674120761
16 4 4 1 149.900548502
4 4 16 0 145.585132131
2 4 1 1 89.2349940322
4 4 16 1 158.13812274
32 4 4 1 137.463003297
8 4 4 0 151.430526202
8 2 4 0 162.05512806
2 8 2 1 99.5654012536
2 4 8 0 87.1165671891
2 4 16 0 122.422650433
32 4 4 0 144.70895412
8 8 1 0 129.223112364
16 4 1 0 127.159769404
16 4 4 0 162.812756286
16 8 8 1 134.651422657
8 4 2 0 142.10090348
4 4 4 0 150.415649941
4 4 8 1 141.089988638
32 4 16 0 130.86432596
1 8 32 0 110.308077528
32 2 4 1 111.718276232
32 4 2 1 137.643453659
32 2 8 1 117.20859257
8 8 4 0 158.981696177
32 2 32 1 151.439195009
32 2 16 0 157.71944112
32 2 4 0 128.345792625
8 2 8 1 164.5479262
2 4 8 1 125.281295774
8 8 8 1 141.468593685
8 8 16 0 154.342340823
2 8 8 0 139.670799384
16 2 2 1 172.312700538
1 8 4 1 92.3894068152
8 4 1 0 132.725357414
16 2 32 1 162.13524991
2 4 32 0 150.152385742
2 8 32 0 123.008289749
32 4 8 0 131.158250583
2 4 4 0 101.109601932
4 2 16 0 180.430642689
16 4 16 0 135.946565631
8 4 8 1 149.780614081
1 8 16 0 119.523048986
16 2 8 1 143.54935869
16 2 8 0 153.341261322
8 4 1 1 125.757415408
8 8 16 1 147.49629538
32 4 16 1 137.392123525
2 8 1 0 92.4910991187
8 8 2 0 150.887752436
1 4 8 0 122.988227046
2 8 16 0 122.477957782
8 2 16 1 157.202703925
8 4 16 1 138.903584578
16 4 2 0 149.339745233
2 8 8 1 134.30218359
1 4 32 1 117.941987566
2 4 32 1 131.17036343
16 2 1 0 139.250442549
2 4 2 1 102.70050063
2 4 2 0 109.259696022
1 8 4 0 107.711996855
4 8 1 0 113.918815778
16 2 16 1 154.725754025
32 4 1 1 126.44426626
8 8 2 1 141.843510199
1 8 8 0 123.982882645
32 2 2 1 136.652511172
2 8 2 0 106.575340113
4 4 2 0 119.268407042
16 2 16 0 181.216158468
16 4 2 1 126.429276815
1 8 8 1 115.913863339
4 8 16 1 139.304546174
4 4 4 1 152.4215166
4 2 16 1 154.188332987
8 4 2 1 116.584336562
8 4 8 0 71.447972653
8 4 32 1 132.253797791
32 4 32 1 132.011936536
4 8 8 0 141.284603763
4 8 4 1 142.31857295
32 2 2 0 132.193334815
4 8 2 1 119.435538399
8 8 32 0 166.148917157
8 2 32 0 157.078426397
1 4 8 1 118.79862831
2 8 32 1 125.573249029
32 2 1 0 147.061050802
1 4 4 0 100.029909687
32 2 16 1 108.050076384
8 2 8 0 152.654948996
4 4 32 1 149.085517279
2 4 1 0 75.9745824663
16 2 4 1 105.033050147
1 4 2 1 80.464219151
1 8 32 1 122.074936104
4 8 32 1 146.088430196
1 4 1 0 61.8254548397
2 4 16 1 93.7645522159
4 8 16 0 156.086253238
8 4 4 1 154.849398453
16 16 4 1 121.698910364
16 16 1 1 109.751738964
8 16 2 1 123.74206294
1 32 1 0 55.1738190127
16 32 2 1 110.6515692
16 8 8 0 148.912530628
16 32 32 1 111.438523501
16 8 32 1 137.854619546
1 32 4 1 94.127445278
4 32 16 0 129.37272702
16 32 4 0 121.243882271
4 32 4 1 112.264008402
32 16 8 0 133.906560511
1 16 4 0 90.983621531
16 16 16 0 121.568848072
16 32 8 0 120.229610355
16 32 1 1 85.1880190606
8 16 1 1 105.071506023
16 16 16 1 120.449574248
4 16 2 1 117.046841225
32 32 8 1 88.6805631471
32 16 4 0 136.097496796
16 16 1 0 132.577410072
1 32 2 0 74.9145798945
16 8 32 0 142.188367408
4 16 2 0 120.677737325
4 16 8 1 135.813675013
2 32 16 1 105.85644568
1 16 4 1 104.32247297
4 16 32 0 150.285393669
1 32 32 0 104.680640337
4 16 16 1 132.802809348
4 32 32 0 135.866610001
32 8 2 1 114.24457686
32 16 1 0 122.780995596
32 8 16 1 129.507088294
1 16 2 0 78.3903291082
4 32 2 1 98.1388930395
2 16 4 1 101.679911231
4 32 32 1 125.512746009
8 32 2 1 119.753672959
4 16 4 1 140.454115526
2 16 16 0 125.93880361
16 16 8 0 170.173790327
2 32 8 0 110.76156147
8 16 8 0 152.8828913
2 32 1 1 77.462840547
4 32 4 0 133.62282253
1 16 2 1 75.0519387073
32 8 8 0 105.639968086
32 8 32 1 121.275549766
2 32 4 0 100.595324861
2 32 8 1 107.396480993
8 32 16 1 125.600743711
1 32 1 1 41.480611807
1 16 8 1 108.376033864
16 32 4 1 94.4282385266
2 16 32 1 118.757752301
4 16 32 1 126.839614476
16 8 16 0 143.721897665
32 16 16 1 131.625468441
4 32 16 1 107.404299894
32 16 32 1 123.11971998
16 32 32 0 127.319777569
16 32 1 0 138.878710282
2 16 8 0 134.495074002
8 32 16 0 122.0967485
2 16 8 1 133.364367236
32 32 4 1 93.1854217254
1 32 16 0 97.4736378829
8 32 4 1 112.968752171
32 16 16 0 134.012042516
32 32 32 0 90.6804472106
32 16 8 1 110.980964488
32 32 32 1 111.515990193
2 32 2 0 97.5362516678
32 32 4 0 101.74168663
4 32 8 1 115.213434088
1 16 1 0 60.5237382455
8 32 1 1 97.4717357119
4 32 1 0 113.00381598
2 32 32 0 139.150990898
8 16 4 1 143.279346619
32 8 1 1 108.156226372
16 16 2 1 132.464495245
16 16 32 0 129.290290135
1 16 32 0 120.180555498
32 32 16 1 101.669927301
1 32 32 1 100.21544286
8 32 8 0 132.23771616
2 16 4 0 109.26776582
8 16 32 1 136.017028458
8 32 32 0 144.362614935
4 32 2 0 124.115153704
8 16 16 0 139.745921516
1 32 8 1 100.918056682
8 32 8 1 118.276286753
32 32 1 0 102.960709275
8 16 32 0 164.560046596
1 16 32 1 110.831589566
16 32 2 0 128.646303811
16 32 16 0 78.6737611064
32 32 2 0 112.839984395
32 16 4 1 106.579038256
2 32 32 1 94.8446502705
16 16 32 1 137.95393165
4 16 16 0 156.842630901
2 32 16 0 122.503755891
8 16 16 1 142.680922829
1 32 4 0 102.360083045
4 16 8 0 153.010347308
2 16 2 1 98.0920494658
8 32 4 0 118.873364612
32 8 4 1 134.14647288
16 8 16 1 146.256453775
32 16 2 0 138.742946228
2 16 32 0 121.016709858
32 32 1 1 89.6398237685
2 16 1 0 85.9410603217
32 16 2 1 101.189362024
1 32 16 1 91.9027133154
4 16 4 0 119.239032781
4 16 1 0 112.951575076
2 16 2 0 90.4605099949
32 16 32 0 131.201053307
32 8 1 0 66.5058341561
2 32 4 1 116.145133404
16 16 8 1 135.220859855
2 16 16 1 123.212258831
4 16 1 1 105.839579686
8 32 1 0 117.489119917
2 32 1 0 82.6735437824
1 16 16 1 102.430244482
32 32 2 1 88.9913398554
32 16 1 1 109.144487221
32 8 4 0 131.132843017
32 32 16 0 109.814033952
16 16 2 0 153.313995579
1 32 2 1 66.7020777634
16 32 16 1 98.9824518855
1 32 8 0 119.021235611
16 16 4 0 130.190260936
32 8 16 0 122.752545009
32 32 8 0 119.50079853
16 32 8 1 110.496827876
8 16 8 1 120.121552644
32 8 2 0 127.650014558
32 8 32 0 120.839795035
2 32 2 1 88.8805312239
8 32 32 1 109.403588778
4 32 1 1 92.455692226
8 16 4 0 135.24345574
1 16 8 0 70.8536781097
8 32 2 0 123.473718225
8 16 2 0 142.492064576
4 32 8 0 143.101766637
1 16 16 0 129.575970332
1 16 1 1 59.6198959347
2 16 1 1 74.3995711808
32 8 8 1 102.141077474
8 16 1 0 118.125310931
1 2 2 1 159.178067076
2 2 16 0 264.703080404
32 1 8 0 260.866589171
8 1 1 1 267.828354519
1 1 32 0 217.076626877
1 1 1 1 80.4148827058
4 1 1 1 210.997686196
16 2 16 0 285.951263072
4 2 4 0 306.738137711
16 2 16 1 196.696690203
32 1 2 1 307.338565832
32 1 32 1 251.220985342
32 2 8 0 261.121103663
16 2 8 0 280.720721131
2 1 8 1 282.387072349
4 2 8 1 270.267495254
1 2 8 0 235.745908968
1 1 2 1 158.874447522
1 2 1 0 109.957437279
4 1 2 1 154.40123266
2 2 32 0 300.914002679
16 1 2 1 228.127989145
32 2 32 0 276.834030682
2 2 1 0 181.802757136
16 1 8 0 347.47448295
16 1 4 1 319.640329141
2 1 16 0 304.021137755
4 2 16 0 306.148228264
2 1 8 0 266.682951331
8 1 4 1 348.592905854
16 2 32 0 271.016262038
4 1 4 1 330.643810327
8 1 2 1 330.417390126
8 2 4 0 289.982481294
16 2 2 1 256.900689437
2 1 4 1 274.679674889
32 2 1 1 217.498088254
2 2 4 0 282.497063888
4 2 8 0 275.743074641
16 1 1 0 294.108240453
1 4 1 0 115.17446231
1 1 16 1 204.507504109
2 2 32 1 260.563829564
1 2 16 0 232.189488384
32 1 4 1 259.24297352
32 2 2 0 247.091266444
16 2 4 0 256.30245033
1 4 1 1 108.623209108
32 2 4 0 271.497036868
2 2 8 0 285.9398802
2 2 1 1 156.088914912
1 2 4 1 207.55577429
32 1 8 1 256.329904366
1 1 16 0 249.782538823
1 2 1 1 100.673019696
2 2 16 1 228.152915385
1 2 32 0 237.464262414
8 1 32 0 335.835568189
16 1 4 0 349.527284556
1 1 4 1 221.220262791
4 1 1 0 238.071960515
8 1 8 0 352.504441011
32 2 2 1 251.810554032
8 2 2 1 322.627733364
2 1 2 0 219.863894807
32 1 4 0 310.432448801
1 4 4 0 196.864680665
4 1 2 0 269.833942776
8 2 4 1 263.628175973
32 1 32 0 298.84108802
2 1 32 1 293.189533249
4 2 2 0 258.121689034
1 1 2 0 167.686359912
2 1 2 1 228.319175774
16 2 32 1 300.740880724
4 1 4 0 350.423708553
16 1 16 0 283.336795547
4 2 1 1 239.381657778
8 1 1 0 290.39182509
1 1 32 1 212.635742118
16 1 16 1 311.018130494
1 2 2 0 151.657486329
1 1 8 1 208.338712862
2 2 8 1 223.527916403
4 2 4 1 277.589934882
32 2 8 1 238.843786736
8 2 16 1 321.059213306
1 2 32 1 234.371441829
32 2 16 1 258.019017201
8 2 32 1 280.61092567
32 1 1 0 251.14372439
8 2 16 0 313.333524547
4 2 1 0 239.290552255
16 2 1 1 257.29430976
2 1 1 1 161.460419991
32 2 32 1 246.029148432
32 2 16 0 235.989439047
1 1 8 0 236.665443554
2 2 2 1 203.601977623
2 1 1 0 177.874932401
2 1 4 0 247.534389616
1 2 16 1 204.412425531
32 1 16 0 302.040811977
16 1 1 1 305.816196343
8 1 32 1 335.794840893
4 1 16 1 324.752961629
16 2 8 1 264.320571094
8 1 16 1 340.324979025
32 1 2 0 317.884094472
4 2 2 1 243.978562946
32 1 1 1 228.139589281
8 1 16 0 256.622977736
8 2 8 0 277.133982729
4 1 16 0 298.764042135
1 4 2 0 136.990141023
2 1 16 1 302.36462673
4 1 8 0 349.955069338
8 1 2 0 323.625829372
4 1 32 1 348.765260083
4 2 32 0 289.319454049
2 2 4 1 259.392502439
1 4 2 1 143.273630969
4 1 8 1 289.185864623
2 2 2 0 198.843160523
4 2 16 1 305.042784937
32 2 1 0 258.111826325
1 2 8 1 218.764442961
16 2 4 1 337.397968097
1 1 1 0 128.022734861
8 1 4 0 332.447355322
16 1 8 1 300.107392987
32 1 16 1 191.389923129
8 2 32 0 322.776504998
2 1 32 0 305.0236212
8 2 1 0 283.68801509
8 1 8 1 263.618368402
8 2 2 0 286.130799534
32 2 4 1 238.176000427
4 1 32 0 339.833631396
8 2 1 1 269.788094352
8 2 8 1 296.180669841
1 4 4 1 197.493933535
16 1 32 0 347.140647196
16 2 1 0 242.795732842
1 1 4 0 204.81590875
1 2 4 0 226.895394585
4 2 32 1 273.280097811
16 1 32 1 285.123444015
16 1 2 0 294.061461333
16 2 2 0 313.753529294
8 16 2 0 231.870603121
2 16 32 1 223.466438585
32 4 16 1 231.791771064
4 16 2 1 211.863670392
1 16 4 1 173.824919111
2 4 32 0 246.956306736
2 16 4 0 242.498576933
4 4 8 0 232.56440863
32 8 16 0 212.336853233
1 8 8 0 215.192367168
8 4 1 1 212.872899591
32 8 32 1 235.661309117
8 4 4 1 254.094526745
8 4 2 0 266.468863336
2 4 2 1 168.209087164
16 8 2 1 250.837345026
2 16 1 1 158.48179393
2 16 16 1 216.072752375
4 16 2 0 245.584103887
32 4 32 0 230.958860185
16 8 2 0 269.191061153
16 8 1 1 267.212819715
1 16 16 1 179.514080844
4 4 32 1 287.316852396
8 8 4 0 285.924113301
2 16 2 1 195.144286757
32 4 16 0 236.73239539
4 4 4 0 254.685351868
16 4 32 1 277.25551263
8 4 8 0 247.956048641
4 16 16 1 241.754847145
8 16 8 1 228.903543587
2 8 4 1 203.824085914
4 16 8 1 230.537341311
4 8 1 0 197.678359914
16 4 4 1 258.065222911
4 16 32 0 238.533743043
16 4 1 1 262.902980904
1 4 16 1 198.714014651
1 16 32 0 202.492011021
8 4 32 1 259.218111507
1 4 32 1 182.880268763
32 4 2 1 264.332796135
32 8 2 1 223.155270548
1 8 8 1 214.142241751
4 8 4 1 264.710864155
2 4 4 1 228.207998237
32 8 8 1 233.156663899
4 16 32 1 255.230844694
32 4 32 1 261.326258248
2 16 4 1 211.67766392
2 8 16 0 256.287872169
2 4 8 0 259.709072255
16 8 4 0 307.909320964
2 4 1 1 158.832965092
1 16 8 1 199.692616057
16 4 16 1 251.936846178
4 8 1 1 188.171339043
32 8 1 0 245.751740768
16 8 1 0 272.626291372
4 16 16 0 244.221634532
8 4 32 0 254.392936164
8 16 1 0 252.225353241
4 8 4 0 222.704184819
8 8 16 1 235.757475313
4 16 1 1 204.107855626
16 8 16 0 271.64288619
4 4 4 1 285.203444829
32 8 8 0 286.301338525
8 8 8 0 267.79328788
4 4 1 1 224.594879915
16 4 8 0 279.204647075
4 4 32 0 237.634037092
2 8 8 1 245.760969452
32 8 4 1 225.341728267
4 8 16 0 301.412951384
1 8 1 0 110.192800392
2 4 4 0 234.136844069
1 8 2 0 143.738754903
1 4 32 0 193.430927982
8 8 1 0 263.87439935
1 16 32 1 200.635965256
2 4 8 1 239.370443358
2 8 1 0 154.360201308
32 8 4 0 160.271052112
16 4 32 0 287.244138656
32 4 8 1 268.091964295
4 8 2 1 198.610356037
1 8 16 0 204.056674311
16 4 1 0 286.39013514
2 8 8 0 248.128217343
16 4 16 0 257.822458969
2 16 8 1 211.037926776
2 4 1 0 166.63216917
4 16 4 1 217.540846736
8 16 4 0 274.331160745
16 8 16 1 248.546911358
2 4 32 1 225.550728705
32 4 1 0 246.455420306
32 4 8 0 262.619661194
2 4 2 0 211.234626741
16 4 2 0 173.981365938
16 4 8 1 288.127669199
8 8 32 1 254.87195097
2 8 2 1 164.999377756
4 4 8 1 240.881352927
1 8 32 1 209.405318078
1 4 16 0 185.197109467
8 8 32 0 244.970199773
16 4 4 0 283.231522711
4 8 16 1 230.994113585
16 4 2 1 280.944031991
8 16 4 1 241.883998806
2 8 1 1 150.468674468
32 8 2 0 234.608176501
4 4 16 1 273.435872018
4 8 32 0 255.805428421
8 8 2 0 264.57801857
4 8 32 1 245.536898408
8 16 1 1 244.42140523
2 8 2 0 187.144513323
1 8 2 1 147.316185985
1 16 1 1 115.008965029
4 4 1 0 216.655632014
16 8 4 1 269.56500975
4 4 16 0 283.045654728
4 8 8 0 258.736695208
2 16 32 0 234.739181539
16 8 32 1 244.343885752
1 16 8 0 191.700304493
1 8 32 0 192.16634263
1 16 2 0 145.434775841
2 8 32 0 260.64238065
4 8 8 1 257.407019174
32 4 2 0 244.814299114
4 8 2 0 216.725757168
1 16 1 0 113.813329626
1 16 4 0 180.61228891
8 16 2 1 221.387282621
2 16 2 0 205.777592246
32 4 1 1 268.427699115
1 8 4 1 182.411529877
32 4 4 1 248.106864772
2 8 32 1 200.435283717
4 4 2 0 249.423413695
1 8 16 1 179.311261976
8 8 2 1 237.58644719
2 16 16 0 208.297105754
2 4 16 0 231.387538885
1 16 16 0 205.959386281
2 4 16 1 244.502536556
8 4 8 1 258.852333279
2 8 4 0 184.122611485
8 8 8 1 266.294550653
16 8 32 0 247.432362131
4 4 2 1 218.992106602
1 4 8 1 197.573899006
4 16 1 0 209.46093321
16 8 8 1 259.05401696
1 8 4 0 172.267248677
32 4 4 0 222.133051839
2 8 16 1 225.468730113
32 8 1 1 241.918578818
8 4 16 0 302.529783607
32 8 16 1 212.240692485
8 4 2 1 261.935646378
32 8 32 0 252.405675627
8 8 4 1 282.131991569
1 16 2 1 138.256176247
1 8 1 1 114.549061169
8 4 16 1 244.071442003
4 16 4 0 234.07754308
8 8 1 1 240.491899272
1 4 8 0 204.986720934
8 4 4 0 273.246508061
4 16 8 0 214.763830963
8 8 16 0 290.022758192
2 16 8 0 177.758367723
8 4 1 0 223.250908512
2 16 1 0 178.611964239
16 8 8 0 280.608316562
16 32 1 1 214.382707759
4 32 4 0 278.210290021
4 32 32 1 197.461182851
2 32 16 1 189.39153171
16 32 16 1 211.313079454
32 16 2 1 238.331953324
4 32 16 0 255.002356439
8 32 1 0 215.002984957
1 32 1 1 104.276075411
16 16 32 0 252.832039186
16 16 4 0 237.478807712
32 32 2 1 218.098297517
4 32 1 0 202.234803486
16 32 4 1 229.601067155
32 16 16 1 195.923589714
16 16 32 1 236.836778471
1 32 8 0 181.63510414
4 32 2 0 215.294006188
1 32 1 0 112.889867319
32 32 32 0 218.359669396
8 32 16 0 236.430364017
8 16 16 0 242.299836447
8 32 16 1 226.631897017
32 16 4 0 209.862028012
2 32 2 1 168.737296211
4 32 4 1 210.246715258
1 32 2 1 126.793866781
32 16 16 0 213.784475438
16 32 1 0 250.804337002
16 16 4 1 250.91720908
32 16 1 1 195.389388041
8 16 32 0 228.002187973
16 16 16 1 216.673033145
2 32 32 0 210.611358735
2 32 1 1 137.932514606
16 16 16 0 264.18407391
8 32 32 0 221.834463457
4 32 2 1 187.000139661
2 32 4 0 208.449701569
32 32 1 1 134.224817452
32 16 1 0 226.203857538
1 32 16 0 182.50757218
1 32 16 1 170.435620195
16 32 2 1 220.438531368
8 32 8 1 216.492991159
1 32 4 0 180.780644674
8 16 32 1 224.058326873
16 16 8 1 271.410385601
4 32 1 1 184.561286094
2 32 8 0 209.69707452
32 32 2 0 241.659281537
32 32 32 1 183.009462052
16 32 8 0 271.820063872
16 32 32 1 222.943219134
8 32 32 1 191.45021865
16 16 2 1 233.699047195
8 32 2 1 206.976388576
8 32 4 0 264.154695526
32 16 2 0 248.242409552
32 32 4 1 196.967384702
1 32 2 0 135.503320574
32 16 8 1 204.381880842
2 32 16 0 227.016672223
2 32 32 1 186.220051464
32 16 32 1 186.53666099
2 32 8 1 176.885312524
16 32 4 0 250.715868574
2 32 1 0 151.664016588
4 32 32 0 227.93646602
4 32 8 1 248.045087761
32 32 16 0 224.51209677
32 32 8 1 209.592303796
16 16 1 1 250.733221571
32 32 4 0 224.629877059
1 32 4 1 176.09845086
8 32 2 0 261.098334008
8 16 8 0 245.806100644
16 32 32 0 230.481812199
16 32 8 1 234.430826337
32 16 32 0 195.173149572
8 32 8 0 255.639876161
8 32 1 1 196.561354679
1 32 32 1 165.906174661
16 16 2 0 251.000397955
32 16 4 1 233.373122677
2 32 4 1 185.34472199
4 32 8 0 256.338973477
16 32 2 0 261.540361088
16 16 8 0 325.200429284
1 32 32 0 184.742961919
1 32 8 1 160.268578355
32 16 8 0 220.114641223
16 16 1 0 278.457068706
8 32 4 1 218.590978603
2 32 2 0 180.375480461
32 32 16 1 187.657558276
4 32 16 1 213.40546016
32 32 1 0 195.925593698
8 16 16 1 228.220028653
32 32 8 0 197.969131335
16 32 16 0 282.097537564
1 1 2 1 308.498568112
1 1 8 1 380.479371617
1 4 4 0 334.281304744
1 4 1 1 208.10524567
16 2 2 0 451.564323864
1 2 1 1 230.16705637
2 1 32 1 501.216165171
16 2 16 0 361.651262546
8 2 8 1 462.887783447
4 1 4 1 464.18872931
4 2 1 1 405.700170666
16 2 4 1 491.063400048
2 2 16 1 422.203901044
32 2 4 1 468.096379602
4 1 1 0 420.140902941
16 2 8 1 448.454501803
4 2 8 1 466.533284891
2 1 16 1 538.923944547
8 2 1 0 449.165931676
1 2 16 0 409.783935722
4 2 32 0 471.849852418
32 2 32 0 430.886185845
16 2 32 1 470.793848709
8 1 4 0 536.810582553
2 4 16 0 355.027272901
4 2 2 1 432.574933274
8 1 8 1 323.329693471
16 1 8 1 575.073921178
1 1 32 0 410.463508669
2 1 2 1 421.088752502
4 1 1 1 404.40057179
16 1 1 1 364.280827236
16 2 2 1 510.772088811
2 1 8 1 483.530715629
16 2 32 0 474.239335744
2 2 2 1 411.324678648
8 2 2 0 316.645070744
32 2 8 0 436.831907388
4 1 4 0 305.851772763
1 2 32 1 389.862260185
2 4 2 1 332.315679763
32 1 2 1 611.930802004
1 4 8 1 328.106333984
1 2 1 0 232.063260585
8 1 8 0 496.214412751
1 1 32 1 368.749131396
2 4 8 1 379.720161128
2 1 4 1 529.300595598
4 1 8 0 255.943993885
32 2 8 1 512.933359486
1 2 2 0 293.255419638
2 1 32 0 243.880093273
2 4 4 0 363.953363279
16 1 16 1 532.132919285
2 2 4 1 403.174012409
1 1 8 0 403.724592452
32 2 16 0 458.321995774
2 1 2 0 417.713672711
1 4 16 0 342.123564155
16 1 4 0 364.562245216
2 2 32 0 448.826571634
1 4 2 1 270.408147622
8 1 2 0 478.257478147
16 1 2 0 493.213467076
4 2 2 0 310.477952935
8 1 32 1 441.785852047
8 2 16 0 500.359544044
32 2 32 1 406.993764469
4 2 16 0 535.333708228
32 1 1 1 450.705300214
32 1 16 1 268.642684641
32 2 2 0 565.836999681
8 2 32 0 461.948065869
4 1 2 1 437.738829726
16 2 4 0 448.74573222
2 1 1 0 322.228610788
1 4 16 1 329.146825419
8 1 1 0 342.109912247
4 1 32 1 523.108700795
2 2 8 1 446.170844691
16 1 8 0 534.684143932
2 2 1 0 263.55425513
32 1 4 0 389.749871809
2 2 4 0 454.650963815
16 1 4 1 550.80644657
8 1 32 0 499.841211062
4 2 16 1 465.724613233
16 2 1 0 502.604938459
4 2 4 1 472.286568867
2 2 2 0 388.100821579
32 2 4 0 464.20989968
4 2 1 0 275.557597799
1 1 1 0 235.110101341
1 1 2 0 315.068730036
1 4 32 1 325.520726421
32 1 2 0 584.229058102
8 2 8 0 516.981150079
8 2 32 1 488.136259647
32 1 4 1 557.477061427
1 2 4 1 375.024979663
2 2 32 1 492.364092169
1 4 1 0 220.740815224
2 4 16 1 377.292104126
32 1 8 1 640.800728986
8 1 16 0 514.829052056
2 1 1 1 312.017169863
2 1 4 0 358.221392054
8 1 2 1 373.725091215
1 2 2 1 274.700136212
4 1 16 1 309.973484185
32 1 1 0 396.280165136
4 2 8 0 536.467777268
16 1 32 1 492.261845835
8 1 4 1 511.041878106
8 1 16 1 333.585995476
32 2 1 0 392.403998354
1 1 1 1 158.811481625
2 1 16 0 492.721526036
16 2 1 1 534.068756972
32 2 16 1 351.3661048
2 2 16 0 408.86600268
32 1 8 0 600.38091532
1 4 32 0 347.601845586
1 2 4 0 366.377986554
16 1 32 0 610.967554801
2 2 8 0 288.121729678
16 1 2 1 384.677177349
8 2 4 1 327.444100459
8 2 2 1 525.053826667
1 4 2 0 264.984555515
32 1 16 0 350.379603581
1 2 32 0 401.023522499
4 1 2 0 380.125582921
1 2 8 0 405.623431658
4 2 32 1 443.986864266
4 1 8 1 560.317416085
1 1 16 1 404.346437557
2 2 1 1 319.361084959
8 1 1 1 443.794380368
8 2 1 1 479.67715377
4 1 32 0 513.055404924
1 4 8 0 340.52310794
2 4 4 1 377.403340726
1 2 8 1 403.250603414
8 2 16 1 290.558876884
1 4 4 1 319.501336625
32 2 2 1 492.931817465
2 1 8 0 450.507893206
16 1 1 0 339.371048075
2 4 1 1 290.610706804
4 2 4 0 510.72359403
1 1 16 0 445.914306658
32 2 1 1 518.026659717
1 2 16 1 336.285998999
2 4 8 0 381.232403416
16 1 16 0 547.904479574
4 1 16 0 457.738575691
2 4 1 0 321.039952715
32 1 32 1 567.636473299
2 4 2 0 331.83106532
1 1 4 1 430.420834585
16 2 16 1 491.050347553
1 1 4 0 427.91288551
8 2 4 0 580.346764927
16 2 8 0 446.638266722
32 1 32 0 560.726962411
2 8 16 1 368.084522513
16 4 32 1 333.654949126
32 8 2 0 417.039720961
2 8 8 0 401.047167844
32 8 16 1 364.470710404
4 4 1 0 366.39981677
2 16 2 0 328.335132313
16 8 4 1 423.495637629
8 16 1 0 404.186042481
2 16 1 0 303.764603196
4 16 2 1 402.565254181
4 8 2 0 418.348791469
8 4 16 0 459.411308956
32 4 1 0 471.445608819
8 8 2 1 374.984201852
16 4 32 0 424.55979173
4 8 16 0 385.448732558
8 16 8 1 386.799696453
1 16 8 1 295.693808094
16 16 4 1 468.535550734
4 16 4 1 280.552363201
2 8 1 0 280.790978384
4 4 16 0 276.374666117
16 8 32 0 467.144917271
2 16 2 1 308.62427234
32 8 1 1 452.974674022
8 16 2 0 443.32780968
4 4 32 0 312.941134351
16 16 1 0 460.155713285
2 16 32 1 365.474422015
1 8 16 1 316.148777126
1 16 4 1 326.172978421
1 16 1 0 204.77786541
16 4 16 1 399.776268732
1 16 8 0 348.184141824
2 8 1 1 301.057415276
2 16 4 0 383.777895509
2 4 32 1 383.700261613
16 8 32 1 471.994902585
1 8 4 0 319.453134981
8 4 4 0 415.228267882
8 4 32 0 290.161866169
16 8 16 1 411.549575695
8 4 16 1 442.574354572
2 8 8 1 364.188723457
16 16 2 0 409.909428739
16 8 8 1 404.626039444
32 8 2 1 483.938456269
2 8 32 1 363.481462745
8 16 2 1 433.52239055
8 16 32 0 413.535774092
8 8 1 1 339.95208833
16 8 2 0 450.152538411
4 4 1 1 363.459655956
16 4 1 0 460.679517938
32 4 8 0 418.17284316
4 8 2 1 329.433070892
16 16 8 0 467.310779711
1 8 8 0 276.517536912
2 8 16 0 397.971787452
4 8 1 1 387.560546628
8 8 4 1 454.325012053
4 4 4 0 429.903513657
2 4 32 0 423.753776008
16 4 16 0 409.93254911
16 4 4 0 439.037087194
8 8 4 0 520.668101123
32 4 8 1 408.668347499
8 4 1 0 388.029771719
1 8 8 1 243.906232529
32 8 4 0 442.576657462
4 16 32 0 429.91769178
16 4 4 1 432.740082822
1 16 2 0 240.408599164
1 16 32 1 303.771456214
4 4 16 1 417.417076706
4 8 32 1 390.253737093
8 4 8 1 390.199637316
1 8 16 0 348.385314625
8 16 4 0 422.946983372
32 4 32 1 399.122583081
32 8 8 0 452.553305406
4 16 16 1 358.530477902
2 8 2 1 312.37123124
8 4 8 0 443.622107637
8 8 8 0 448.882529187
16 16 8 1 406.831513136
1 8 1 1 205.172915023
8 16 32 1 437.442793999
2 16 8 1 349.001757036
8 16 8 0 470.181276752
1 8 4 1 320.628243087
16 8 1 1 428.014007005
32 4 4 0 487.805609357
4 8 16 1 366.408458942
32 8 1 0 494.791849892
16 4 2 1 425.409786685
1 16 4 0 335.600464886
8 8 8 1 416.64758749
2 16 16 0 250.211615325
2 16 32 0 405.838435429
4 4 2 1 385.981622785
1 8 32 0 307.021194444
8 8 2 0 396.268063993
2 16 1 1 273.412607529
2 8 4 1 376.941238107
8 16 16 1 328.051730396
32 8 16 0 361.455331796
8 4 32 1 406.534926784
8 4 2 1 304.611319671
4 16 32 1 374.981812099
8 4 1 1 392.205693787
4 4 4 1 411.25621202
4 16 8 0 403.733111732
16 4 1 1 437.39833743
4 16 16 0 474.877418012
16 16 1 1 404.599245218
16 8 16 0 436.687349111
1 8 32 1 326.990581263
8 8 32 0 425.933152325
2 8 32 0 412.978278065
32 8 32 1 407.935222246
4 8 32 0 434.086099385
2 16 8 0 376.999664937
32 4 32 0 372.905640603
4 8 4 1 380.75203921
16 8 4 0 480.614223749
4 16 1 0 312.063006098
8 4 4 1 433.062901116
16 8 8 0 418.551600653
2 16 16 1 350.389607383
2 16 4 1 359.511669872
32 4 2 0 401.800877512
2 8 4 0 389.118773633
8 16 16 0 407.636270683
4 8 8 1 348.731439577
4 16 8 1 376.43884093
8 16 1 1 285.389779356
8 16 4 1 406.562766898
16 16 2 1 432.408342623
32 8 8 1 398.765978416
4 8 1 0 377.622109922
4 16 4 0 458.281702047
32 4 2 1 399.161027274
16 4 2 0 419.18481287
1 8 1 0 201.33365957
32 8 32 0 328.756870489
4 4 32 1 446.034352048
16 8 2 1 441.86570314
1 8 2 1 265.406498274
4 8 4 0 413.990907765
8 8 16 0 490.745033019
16 8 1 0 488.048792892
1 16 32 0 103.82325106
1 16 1 1 204.715622273
4 16 1 1 266.713687182
8 4 2 0 420.94006818
16 16 4 0 480.815624013
4 16 2 0 282.281167829
32 8 4 1 404.560337019
16 4 8 1 483.964874563
1 16 2 1 254.897091462
1 16 16 0 332.308879504
32 4 4 1 419.725302157
16 16 16 1 433.095388481
4 8 8 0 430.263225478
32 4 16 0 400.139305616
16 4 8 0 456.971893637
8 8 32 1 408.022101785
32 4 16 1 391.299123263
32 4 1 1 400.185756918
8 8 16 1 385.967575918
4 4 2 0 386.325395769
1 8 2 0 245.038907652
4 4 8 0 479.858898327
4 4 8 1 346.020495896
1 16 16 1 321.302939888
2 8 2 0 350.655732293
8 8 1 0 289.927289677
4 32 2 0 391.325432625
16 16 32 0 411.59372481
32 16 32 1 403.441725154
8 32 32 0 385.201975776
1 32 32 1 305.812946533
4 32 4 1 302.483090702
8 32 2 0 381.512556186
4 32 1 1 214.463684679
2 32 4 0 385.321330852
2 32 4 1 352.128703507
16 32 32 1 326.053921668
2 32 8 0 358.937134034
8 32 4 1 377.202744671
32 16 2 0 536.611838906
8 32 16 0 430.451869867
32 16 4 1 427.305713207
4 32 16 1 380.855701025
8 32 32 1 334.463681374
2 32 1 1 247.65210653
4 32 2 1 298.600350565
16 32 2 0 390.369396414
2 32 16 0 293.920591463
32 32 16 1 297.810668239
2 32 2 1 297.743699722
16 16 16 0 469.159519502
16 32 1 0 409.896617812
32 16 32 0 444.047130066
4 32 32 0 359.325279144
32 16 8 1 398.559732439
32 16 8 0 428.416172493
32 16 2 1 449.682396426
32 32 16 0 369.781592977
32 32 2 1 365.524961917
16 32 8 0 416.536333947
2 32 8 1 330.85569166
32 32 32 1 334.790068384
32 16 4 0 455.920791777
16 32 16 1 364.397429083
8 32 8 1 357.205107807
32 32 4 1 374.335195498
32 16 1 0 432.045514655
4 32 8 0 360.428247964
32 16 16 1 400.977269558
2 32 1 0 266.258058929
32 16 1 1 400.681080836
8 32 8 0 431.442492038
16 32 4 1 374.188285061
1 32 16 1 281.615576684
16 32 8 1 383.871049634
1 32 16 0 309.861442365
32 32 8 0 416.27085461
32 32 1 1 341.646245273
1 32 1 1 196.000727001
2 32 2 0 312.110329928
4 32 8 1 385.302320316
8 32 1 1 337.146726265
16 32 16 0 423.954370442
16 32 2 1 332.7203908
16 32 32 0 353.582474775
32 32 4 0 391.763764523
2 32 32 0 333.10710046
4 32 1 0 329.849340314
16 32 1 1 366.718236431
32 32 2 0 415.352639764
1 32 32 0 311.290433524
1 32 2 1 229.393664513
2 32 32 1 373.168918841
2 32 16 1 253.038416016
8 32 2 1 368.401249322
1 32 8 1 273.169119153
32 32 1 0 400.032389316
4 32 32 1 323.084629987
16 32 4 0 428.798353527
32 32 32 0 384.678245329
8 32 16 1 368.653963526
8 32 1 0 408.070769718
4 32 4 0 369.205666742
1 32 2 0 250.210886554
16 16 32 1 407.294921628
1 32 8 0 302.431816149
4 32 16 0 268.241418308
1 32 1 0 211.856420928
1 32 4 1 286.461863457
1 32 4 0 315.704880969
8 32 4 0 432.275593147
32 32 8 1 334.430869361
32 16 16 0 389.681363328
