4 2 4 1 1328.2923219
16 1 4 1 2546.36219845
32 32 16 0 2121.27665549
1 2 2 1 1612.05969894
8 32 8 1 1524.35503317
8 1 32 1 1272.53300447
8 32 1 0 1470.73520225
4 32 4 0 1170.78948551
4 1 2 1 1296.9409667
8 32 2 0 1498.21523167
16 1 4 0 2533.54847982
32 32 16 1 2279.55070527
8 1 2 1 1781.73216985
1 2 4 0 652.259755499
8 32 8 0 1557.04406966
4 1 16 1 958.238827224
1 2 16 1 1609.70583461
2 2 32 0 873.453480441
2 2 32 1 946.166576032
32 32 8 1 2310.88098065
32 32 2 1 2125.59417618
16 1 1 0 1758.09370942
2 2 4 0 990.678763562
8 1 1 0 1477.15328654
4 1 1 0 1313.52693892
1 2 16 0 1609.79937156
2 2 2 1 1085.04346589
32 1 32 1 1601.38447557
1 1 1 1 413.172056724
16 1 16 1 1586.49643444
1 1 2 1 1410.69253705
8 1 1 1 1757.33699252
2 2 8 1 1013.12251295
32 32 4 0 2448.81321922
32 1 32 0 1613.34546537
8 32 16 1 1409.14158406
32 1 16 0 2405.88521901
16 1 8 1 1783.88210876
4 32 2 0 1208.34467466
32 32 2 0 2401.11376546
4 1 2 0 1325.61558639
32 1 1 1 2288.59084528
1 1 32 1 1393.97817916
1 2 8 0 1381.19901048
4 1 4 1 1428.22007044
8 32 32 0 1528.70641544
4 2 1 1 1532.02176006
4 2 16 1 1416.56092338
1 2 8 1 822.066822878
16 32 32 0 1877.77671286
2 1 32 1 795.7555802
2 1 8 0 889.335640797
16 32 2 1 2108.21875342
1 2 32 0 2055.11705538
8 1 16 0 542.048732215
16 1 32 0 1491.78022856
1 1 2 0 1503.78683936
32 32 4 1 2502.26720117
2 1 2 1 893.984514753
1 2 32 1 1768.18143295
8 32 2 1 1333.16883203
32 1 4 0 2881.35870038
1 2 4 1 1746.25902163
32 32 1 1 2502.73827015
32 32 8 0 2480.06832437
2 1 1 1 954.647541611
1 1 32 0 1429.79148215
4 1 1 1 1439.84329141
32 32 32 1 1953.86904354
32 1 4 1 2846.3134451
8 1 8 1 1756.13681254
4 2 2 0 1604.87640464
4 1 32 1 1125.71774546
16 1 32 1 1517.12446574
8 1 16 1 1320.78958331
1 1 1 0 856.149110094
4 2 1 0 1555.36339827
4 2 4 0 1358.02273875
4 32 32 0 1145.14584497
4 1 32 0 1002.16439136
2 2 16 0 970.544996056
32 1 8 1 2187.71525517
2 2 8 0 1028.94571673
8 1 8 0 1752.96648222
16 32 1 1 1919.74619756
16 32 1 0 1855.7045132
2 1 16 1 824.45239354
16 32 8 1 2112.79275247
16 1 2 1 1695.09183274
4 32 16 0 1061.26077964
1 1 8 1 1340.54528221
4 1 16 0 1033.77045182
16 1 1 1 2483.19433803
1 2 1 0 458.884843804
16 32 16 0 1952.43097284
8 1 4 0 1758.05725083
1 2 1 1 1845.25138449
4 32 16 1 1176.46126561
4 32 32 1 1141.4234729
8 1 4 1 1825.86800861
1 1 4 0 1382.80306454
4 1 8 0 1211.08292725
8 32 4 0 1485.28223899
2 1 32 0 805.250630413
8 1 32 0 950.595607422
16 32 16 1 1847.18957866
32 32 1 0 2530.91019118
4 32 8 1 1103.03076725
32 1 2 1 2622.29580882
32 32 32 0 2350.29120806
8 32 1 1 242.632716451
16 32 8 0 1958.34728579
4 2 8 1 1495.60630072
1 1 8 0 1489.5722272
4 2 2 1 1483.08717366
2 1 4 0 826.277209091
2 2 1 0 1001.30020357
16 1 2 0 2523.09488055
1 1 16 0 1583.83501631
2 2 1 1 1100.09791303
16 1 8 0 2207.61266234
2 1 2 0 854.228252293
4 32 4 1 865.456750611
1 2 2 0 1163.42843318
2 2 4 1 1056.57174644
8 32 4 1 1483.95104105
2 2 16 1 971.928551588
2 1 1 0 923.493471699
8 1 2 0 1954.61930743
8 32 32 1 1387.89525213
1 1 4 1 443.005855468
4 1 4 0 1389.5190153
32 1 2 0 2828.65025574
16 32 4 1 1901.89973943
16 32 4 0 1799.90998037
8 32 16 0 1592.068293
4 4 32 1 1183.49400811
1 4 1 1 1609.78168582
4 2 32 0 1168.62807761
8 4 16 0 1624.77724263
4 4 2 0 1600.62349825
16 2 16 0 2106.66069359
2 4 2 1 1265.86180964
16 2 1 0 2756.88120709
32 2 8 1 2411.75390226
16 2 16 1 2043.12578968
16 2 4 1 2683.51483583
2 4 32 1 953.571332689
1 4 1 0 595.710419832
32 2 1 1 3426.23901249
8 2 2 1 2010.55658825
32 2 16 1 2388.10605512
8 4 32 0 1316.9965749
2 4 16 0 1077.44763672
1 4 2 0 1328.66359088
32 2 2 1 3339.10893095
8 4 1 1 1960.53653467
4 4 1 1 1403.56968943
1 4 32 0 1884.47525044
16 4 8 1 2277.01753402
2 4 1 1 1053.66256386
8 4 8 1 2110.62595387
2 4 16 1 1008.55916406
16 4 4 0 3166.14091353
16 2 8 1 2473.10188068
8 2 1 1 1927.09386832
2 4 32 0 1074.40217039
16 2 8 0 2818.81086863
8 4 16 1 1260.03501349
8 2 1 0 2027.7474005
8 2 16 0 1451.44214562
1 4 8 1 1547.37253341
4 2 16 0 1335.258074
16 4 1 0 2251.56432779
4 4 32 0 1248.51240092
4 4 4 0 1533.61902086
2 4 4 1 890.774763179
2 4 1 0 1059.80920273
8 2 16 1 1851.41871135
8 2 4 0 2050.05680877
8 4 1 0 1976.6051274
32 2 8 0 2859.34859341
1 4 8 0 1511.5969192
8 2 8 0 1925.04682818
2 4 4 0 1102.10183338
32 2 4 0 2850.01779371
32 2 32 1 1677.13730979
1 4 2 1 1079.50327812
1 4 4 0 557.09638602
4 4 1 0 1349.29087561
16 2 32 0 1726.65299001
8 4 2 0 1947.61341197
32 2 2 0 3273.259901
8 4 32 1 1228.71324933
16 2 2 1 2474.83692082
32 2 32 0 1598.06376348
1 4 16 1 1355.7693343
8 2 8 1 1935.66465499
4 4 8 0 1649.15917622
2 4 2 0 975.780828944
4 2 32 1 1074.78055285
8 2 4 1 2205.91396067
4 4 8 1 1617.98663415
1 4 32 1 713.131263377
8 4 4 1 1991.62761335
16 4 2 1 2779.37818611
16 2 4 0 2944.97476792
4 4 16 1 1320.70628046
32 2 16 0 2249.94448602
32 2 4 1 3312.84123411
2 4 8 0 1032.64286776
4 4 16 0 1477.77606179
2 4 8 1 1066.70506341
4 4 2 1 1414.9179385
4 4 4 1 1555.3690218
1 4 4 1 1568.99894197
8 2 32 1 1303.55972615
32 2 1 0 2609.02835126
16 4 2 0 2835.89190293
16 2 1 1 2741.19973766
8 4 8 0 1908.90258836
16 2 32 1 1353.60090819
1 4 16 0 551.661872016
8 2 32 0 1227.73341509
16 4 4 1 2500.26837151
8 2 2 0 1891.97740506
8 4 4 0 2112.00372055
16 4 1 1 2232.79050989
16 2 2 0 2572.06266147
8 4 2 1 1973.98752102
1 8 16 0 1331.84887974
16 4 16 1 2007.74798243
32 8 8 0 2792.25650196
32 8 1 1 3510.34687537
2 8 32 1 1000.705262
8 8 16 1 2106.47466892
2 16 2 1 1241.66750111
16 4 16 0 2430.62974571
1 8 32 1 1267.6962529
32 4 1 1 3438.74764213
8 8 4 1 2067.14578266
4 8 8 0 1669.37217742
32 4 32 1 1834.58105672
16 16 2 0 2560.61630314
16 8 4 0 3079.03517672
1 16 4 0 1095.04304341
4 16 32 1 1332.28426087
1 8 4 0 1008.19892493
16 16 32 1 1935.11908934
8 8 32 0 1609.30073629
8 16 32 0 1179.27165108
2 8 2 0 1276.89089991
16 16 16 0 2014.12460325
4 8 1 1 1868.49837547
1 16 2 0 1607.15132291
1 16 1 1 553.630830648
4 8 2 1 1619.60983371
4 8 32 1 1408.76934628
8 16 2 0 2214.45309069
8 16 8 1 2130.57947522
1 8 8 0 654.604649374
16 16 32 0 1470.25266514
4 8 1 0 1582.12553351
4 8 32 0 1243.82592553
4 8 16 1 1633.22511284
1 16 4 1 1080.35192507
32 16 1 1 3563.23104839
2 8 8 1 1185.36146592
1 8 8 1 1205.5118553
4 8 4 0 1554.84629388
4 16 32 0 1218.42537911
8 8 1 0 2249.00293039
2 8 1 1 1346.57204963
32 8 4 1 3444.23016091
8 8 2 1 2179.52189207
8 8 4 0 2222.17274267
16 8 2 0 3036.47462744
1 8 1 0 1435.05640366
32 8 32 1 2029.17869339
1 16 16 0 1023.36531387
16 8 1 1 2776.31782846
32 4 32 0 1790.17568643
32 16 1 0 3620.90762335
16 4 8 0 2113.25330144
8 8 2 0 2023.56237972
1 16 16 1 805.736187727
16 16 8 0 2496.46744468
2 16 4 0 1039.29243169
4 8 2 0 686.721929549
2 8 4 1 1200.48462302
4 16 16 1 1518.01025404
32 16 2 1 3282.80373384
8 8 1 1 2169.40602712
16 8 2 1 2534.17670095
2 8 16 1 1304.89879893
32 8 16 1 2524.03081958
1 16 32 1 314.637059159
32 4 4 0 2943.48904966
16 8 8 1 2363.33745636
32 4 8 0 3002.37258836
16 8 32 0 1797.78117955
16 8 1 0 2760.77694878
1 8 1 1 1258.72051867
16 16 4 1 2670.37585809
16 4 32 1 1406.75099411
16 8 16 0 1988.59371779
2 8 1 0 1133.3655561
2 16 32 0 921.347082271
4 16 2 0 1578.26298829
2 16 2 0 919.868063287
4 8 16 0 1637.78885348
16 8 8 0 2820.3941945
1 8 32 0 1331.70210351
32 4 2 0 3437.18245095
2 16 1 1 1021.32508083
4 8 8 1 1575.63168905
32 4 2 1 3425.0962872
32 4 4 1 2821.90995329
1 16 32 0 350.226029638
16 16 2 1 2715.69686479
8 16 4 0 2320.95329947
1 16 2 1 748.270648796
8 8 32 1 1761.70803943
2 8 16 0 777.658441572
2 16 8 0 1024.79529032
32 4 1 0 3837.89477887
8 16 8 0 1886.21526157
2 16 32 1 1155.31961369
1 16 1 0 1817.26540084
2 8 8 0 1065.60408019
32 8 4 0 3434.55371341
32 8 2 1 3882.94179562
8 8 8 1 2023.90393844
32 8 1 0 3529.8627104
1 8 2 0 578.773738779
2 16 1 0 908.396813158
16 8 4 1 3017.90404934
2 16 4 1 1137.45479617
8 16 16 1 1780.3311433
8 16 4 1 2086.2950114
4 8 4 1 1800.21875288
32 8 32 0 2036.42927067
16 8 32 1 1905.61846323
8 8 16 0 1962.72267872
16 16 8 1 2827.93316302
8 16 2 1 2114.52336343
16 16 16 1 1978.46571506
16 4 32 0 1867.36527069
2 8 2 1 1172.42176425
2 16 16 0 1253.16391223
4 16 1 1 1426.78228002
4 16 16 0 1447.66754742
8 16 1 0 2228.18647952
4 16 4 0 1456.18561707
4 16 4 1 1609.9903251
8 16 1 1 2125.63729304
32 4 16 1 2634.48788814
1 16 8 0 1890.54746643
2 16 8 1 1110.84350642
16 16 1 0 2609.3110537
4 16 1 0 1721.55421951
32 8 2 0 3554.38223144
16 16 4 0 2957.98929636
32 4 8 1 3043.29389669
1 8 16 1 853.006487982
2 16 16 1 822.835340692
1 8 2 1 1053.53825892
8 16 16 0 1869.87450996
4 16 2 1 1401.23424346
4 16 8 1 1282.79905212
16 8 16 1 2106.37316668
32 8 8 1 3061.11818382
1 16 8 1 526.376102787
8 8 8 0 2320.1369544
16 16 1 1 2654.6325769
8 16 32 1 1514.81929047
2 8 32 0 1074.20585379
1 8 4 1 1813.45065305
2 8 4 0 1175.33645178
32 8 16 0 1929.9349068
32 4 16 0 2624.33574268
4 16 8 0 1699.71747975
32 1 8 0 2259.24507322
32 16 2 0 3329.84310571
8 1 8 0 1920.03940913
8 32 8 0 2011.25534465
2 32 4 1 899.796610103
16 1 32 1 2110.12152938
2 1 1 1 580.892458732
32 1 4 0 3108.50032739
32 32 4 0 3185.95537121
8 1 32 1 2062.17252034
32 16 16 0 2313.42550302
2 32 1 0 747.586562289
2 32 2 1 1004.04870909
1 1 16 1 1553.13576906
16 1 8 1 1935.82906764
4 32 16 0 1532.56147758
32 16 8 1 2789.85119589
8 1 2 1 2050.95104353
4 32 8 0 1217.42753847
16 32 2 1 2574.13349001
4 32 32 1 1429.2909039
16 1 32 0 2420.07710355
1 32 32 0 1702.72267592
32 32 16 1 2275.98025727
16 1 4 1 2509.94591423
32 1 1 1 2229.56993346
4 32 4 0 1098.28779372
16 32 16 1 1920.58430042
16 32 32 0 1918.11765537
32 32 32 0 1917.97738234
4 1 8 0 1531.24806329
16 32 32 1 1940.52864919
2 1 8 1 979.42902633
4 1 2 1 1520.58215243
4 1 16 1 1253.17119777
32 1 2 0 2550.65686678
8 32 32 1 1769.16281948
32 32 2 1 2781.996464
32 32 16 0 2211.23843766
2 1 16 1 1101.05146247
32 32 1 1 3376.25446393
1 32 8 1 844.515726333
4 1 1 1 1497.42188784
8 32 16 0 1793.22969858
32 16 4 1 3143.74652086
4 32 2 0 1316.14597386
2 32 16 0 1018.19413814
2 1 8 0 989.820385869
16 1 16 1 2062.71262823
16 32 1 0 2532.3828715
8 1 32 0 1966.65425766
2 1 16 0 1037.20107064
8 32 32 0 1769.46662595
4 32 1 0 1371.08038719
1 32 2 1 1121.94645617
32 32 4 1 2872.4533725
2 1 32 1 984.000519643
8 32 8 1 2168.79281979
1 32 2 0 1533.01480593
4 32 1 1 1515.07816415
16 1 2 0 2548.68256481
4 1 2 0 1381.99734564
8 1 2 0 1821.48672986
8 1 1 1 1842.37722391
1 32 16 0 1316.18368159
16 1 4 0 2489.57051441
1 32 1 0 1773.74640703
16 32 8 0 2296.77091157
4 1 16 0 1540.52195935
2 1 4 0 1004.18119527
1 1 2 0 544.335552674
1 32 1 1 591.191972758
1 1 4 1 1118.16185122
32 32 32 1 1814.45571116
2 1 4 1 950.97331693
8 1 4 1 2067.7025317
2 32 8 1 1046.16305672
8 1 8 1 1802.44767382
32 32 1 0 3177.75458691
1 32 8 0 1796.88845407
32 1 32 1 2881.45492192
32 1 1 0 2419.53135835
16 1 1 0 2458.20882108
16 32 8 1 2710.29455425
16 32 16 0 2133.20851237
2 32 4 0 1189.83180136
2 32 2 0 1161.4580462
32 16 8 0 2999.2580398
16 32 2 0 3048.9605272
32 1 16 1 3062.35324781
4 32 8 1 1368.59525576
32 32 2 0 3263.92880343
2 32 32 0 1357.42283992
4 1 4 1 1240.10144778
8 32 2 1 2042.19021678
32 1 16 0 3187.0368288
32 16 16 1 2300.9314292
16 1 2 1 2001.17924487
1 1 16 0 283.849166122
2 32 8 0 1039.76617285
2 1 1 0 360.451920089
32 16 32 0 2042.93387502
1 1 2 1 410.35221685
8 32 2 0 2073.66672954
8 32 4 1 2042.95974682
16 32 4 1 2529.6303641
4 1 4 0 1354.27182019
8 32 1 1 1954.59945035
1 1 4 0 298.334742484
32 1 32 0 2834.33481201
1 1 8 1 1286.23887323
32 1 2 1 3242.09897486
16 1 16 0 2575.87042185
4 1 8 1 1193.70637857
2 1 2 0 849.377644435
32 1 4 1 2625.8493752
4 1 1 0 1283.50445566
2 32 16 1 874.728990205
1 32 16 1 606.033084821
1 1 32 1 1016.63739658
1 1 8 0 303.834011724
2 32 32 1 759.920620037
4 1 32 1 1616.18290179
1 32 4 1 522.964585653
32 16 4 0 3359.82865227
1 1 32 0 1141.63196039
2 1 2 1 910.592265428
2 32 1 1 1054.27802959
8 1 16 1 1683.63488276
4 32 32 0 1509.73170663
16 1 1 1 2474.15796574
32 32 8 1 2549.81064811
1 1 1 0 334.857083512
8 1 4 0 1966.74709746
16 1 8 0 2420.66584337
8 32 1 0 2253.10220158
4 1 32 0 1465.9566673
32 16 32 1 1735.86172864
4 32 4 1 1543.92064584
8 1 16 0 1932.0084597
2 1 32 0 1156.4860114
4 32 16 1 1467.65157955
8 32 4 0 1881.293385
8 1 1 0 1812.46358289
1 32 4 0 1592.33500693
16 32 4 0 2641.03760858
1 32 32 1 1325.55931175
32 1 8 1 2486.64682231
4 32 2 1 1276.59471845
32 32 8 0 2625.75439155
8 32 16 1 1864.34592542
16 32 1 1 2789.96263343
16 2 4 1 2086.29302484
1 4 2 0 1092.27472354
16 2 1 0 1915.91663133
16 4 8 0 1966.41759848
8 4 8 0 1044.14322287
32 4 2 1 2463.15737456
8 4 16 1 1198.80916079
4 4 32 1 1155.10344159
2 4 16 0 753.809572367
16 2 16 0 2266.99531171
8 2 2 1 1462.63019296
4 2 32 0 1217.54282526
1 4 2 1 1332.35593561
4 2 4 1 1104.02601477
1 8 8 1 1467.58979919
16 2 4 0 2055.03194635
1 4 8 1 1072.52133598
4 2 32 1 1365.61453305
32 4 32 0 2116.34903696
8 2 1 0 1499.31590253
4 4 1 1 1036.30725401
4 4 32 0 1161.29367067
32 2 2 1 2709.66073037
16 2 32 0 2006.26474562
4 4 4 0 1116.07547224
1 2 2 0 1383.8833111
2 4 1 1 786.851608046
1 4 8 0 1366.73839797
32 2 32 0 2244.64233328
4 4 8 0 1273.13628506
2 2 1 0 888.216023604
2 2 4 0 815.26372232
8 2 16 1 1664.11849903
1 4 1 0 1105.38932122
16 2 32 1 1994.69490804
32 2 32 1 1982.9018365
2 2 16 0 866.716127833
1 4 1 1 1090.1104045
4 4 2 1 1119.95250807
1 4 32 0 1454.18296094
8 4 32 1 1463.90214179
32 2 16 0 2652.36147899
8 4 8 1 1026.6550037
4 2 2 1 1291.0009522
8 2 8 0 1771.44331422
32 4 4 0 2895.78680358
1 8 2 0 784.652033549
16 2 8 1 2059.86111323
1 2 16 0 306.222387465
8 2 32 1 1522.98968236
2 4 4 1 815.216783846
2 4 32 1 762.18248875
4 4 1 0 1158.68227796
32 4 1 0 2872.3591322
32 4 4 1 2655.27380395
16 2 16 1 2154.19002805
1 2 32 0 1124.99512675
4 2 8 0 1201.66397115
32 4 1 1 1937.39995353
1 2 2 1 1430.75200411
4 2 8 1 1188.86391047
32 2 2 0 2573.37704522
32 2 4 1 2659.59321072
1 2 4 0 1471.84096604
1 2 32 1 1535.99745003
1 8 4 0 1030.31519313
16 4 16 0 2080.57713363
2 2 8 0 913.418761471
2 2 32 1 732.306296992
1 2 4 1 1185.84213645
4 2 16 1 1271.80594461
2 2 8 1 885.678098032
16 4 4 0 2130.93713212
8 2 16 0 1543.81787451
8 2 1 1 1766.69566724
2 2 32 0 948.721716345
2 4 1 0 755.031071216
1 8 4 1 1396.2059085
4 4 2 0 1202.49295651
1 2 8 0 1261.30222813
1 2 1 1 1088.55351504
16 4 16 1 2005.12731886
1 8 1 1 843.431663356
8 4 16 0 1720.38874182
1 4 16 0 1108.60508618
1 8 2 1 905.535266324
32 4 16 1 2437.98463332
8 2 2 0 1653.45527965
16 2 1 1 2201.17936695
16 4 8 1 1999.8135861
2 2 2 1 1000.04990222
1 8 1 0 1043.73896108
8 2 8 1 1636.42178596
2 2 4 1 912.421666501
4 2 2 0 1254.3288812
8 4 2 0 771.165301711
1 8 8 0 506.549387691
1 2 16 1 1347.59530486
4 4 8 1 1115.00024137
4 2 4 0 1093.82523195
2 4 2 0 792.094868277
16 4 2 1 2128.9890833
4 2 16 0 1442.0480321
2 2 2 0 1052.51337616
32 2 4 0 2704.44554344
16 4 4 1 2100.32656133
32 4 16 0 2628.05903313
32 2 8 1 2287.16446916
8 2 4 0 1670.14589758
1 2 8 1 1471.71673603
8 4 4 1 797.062163993
2 2 16 1 1006.03135185
32 2 8 0 2573.88838078
2 4 4 0 803.384223548
2 4 8 0 893.791385219
8 4 2 1 681.901676494
8 2 32 0 1580.78619382
16 4 32 0 1840.57973059
2 4 16 1 786.193189915
8 4 1 0 1075.1612082
16 2 2 0 2096.83265538
2 4 2 1 841.615507975
16 2 8 0 2097.53922833
4 4 16 1 1092.77774179
16 4 2 0 2084.04612987
1 4 4 0 1210.14200401
32 2 1 0 2615.26716922
8 4 32 0 1507.48206322
8 4 1 1 1463.95738802
4 4 4 1 1187.83004651
32 2 16 1 2481.32712899
4 4 16 0 1226.04514489
1 4 16 1 1347.29867939
32 4 32 1 2474.52423384
1 4 32 1 1086.0666067
8 2 4 1 1636.94118576
2 4 32 0 830.138833037
4 2 1 0 1266.36480144
4 2 1 1 1189.11350278
32 4 8 0 2507.65534351
16 2 2 1 2267.07563201
16 4 32 1 2119.67334465
2 4 8 1 761.422780933
16 4 1 1 2113.10795499
32 2 1 1 2441.41172047
1 4 4 1 1223.02644368
8 4 4 0 734.441877103
1 2 1 0 1027.56551983
2 2 1 1 924.277924634
32 4 2 0 2653.85617609
16 4 1 0 2164.21221924
32 4 8 1 2545.62125127
4 16 1 1 885.74893281
4 8 1 1 871.950818432
1 32 2 1 193.558888013
4 8 8 0 1220.43426375
1 8 16 1 1235.30186112
4 16 8 1 1109.75147533
2 8 16 1 860.870234825
4 16 32 1 968.090139679
1 32 8 1 304.470841803
1 32 4 0 657.650562591
8 16 16 0 774.673250555
16 8 4 0 1922.49195139
1 32 32 1 336.1940314
32 16 32 1 1981.81016883
8 16 32 1 921.955157048
1 32 8 0 250.414598233
2 32 16 1 607.60256565
16 16 32 0 1495.34458672
1 16 16 0 202.41329438
1 32 1 0 237.454924341
16 16 1 1 1784.38660051
32 8 16 1 2547.64272691
4 16 16 0 966.763794758
32 8 2 0 3059.4696249
4 16 1 0 816.289024245
2 16 8 1 500.201210051
2 16 2 0 1985.70883481
32 16 1 1 2310.98793306
2 8 2 0 741.990132755
16 16 16 1 1968.52773364
2 32 2 0 586.172498982
8 16 8 0 999.453007876
4 8 32 0 1405.13162101
4 16 8 0 1001.04222462
4 16 2 1 1038.25139399
16 16 4 1 1736.13854667
1 16 1 0 652.270671229
1 16 2 1 326.360002177
1 32 1 1 680.927533207
8 8 4 0 1745.96138068
4 8 1 0 1195.68102047
16 8 4 1 1809.54109944
16 16 8 0 2080.13375326
32 16 16 0 2496.24489717
8 16 1 1 1577.40541606
2 16 2 1 1283.51898806
32 16 4 0 2582.66734362
32 16 32 0 1788.29873712
1 16 1 1 568.255262619
32 16 8 1 2419.89175223
8 16 4 0 2006.86074482
32 16 1 0 2871.82724436
1 32 16 0 736.409767781
32 8 2 1 2617.85181778
2 32 4 0 851.476204261
2 32 1 0 414.72211742
8 8 32 1 1809.00485332
4 8 2 0 1343.47090003
2 8 1 0 784.60993704
8 8 1 1 1698.86942956
16 8 2 1 2164.5534801
4 16 4 1 770.139013559
8 16 32 0 958.419135829
1 16 8 0 859.719065433
4 16 32 0 1008.63346789
2 32 32 0 469.036708948
16 16 32 1 1753.93485347
8 16 2 0 1215.82370295
32 8 16 0 2489.34367191
2 32 8 1 824.854664029
8 8 16 0 1623.35765559
32 16 2 0 2176.0338757
8 8 1 0 1821.50332168
4 32 1 1 1041.47901196
2 32 4 1 992.534597755
32 8 4 1 2545.07849875
1 16 4 1 429.571947682
32 8 1 1 2529.86412539
2 8 4 0 746.454356689
4 8 32 1 1282.53643586
1 8 16 0 1397.91556375
4 16 2 0 1009.76121839
8 8 16 1 1603.92523467
4 16 4 0 1229.95797837
16 16 1 0 357.131505373
1 16 4 0 522.214509611
1 8 32 1 1373.80144071
2 16 4 1 1337.4130408
16 8 32 0 1244.42630849
32 16 2 1 2448.78444668
32 16 8 0 2086.04973021
8 8 2 0 1909.62976241
2 8 2 1 613.616409753
1 32 32 0 772.141621568
8 16 1 0 1488.09363423
16 8 1 1 1911.48651558
1 8 32 0 1142.11135949
1 32 16 1 238.104315572
2 16 32 1 510.059815591
4 32 1 0 1731.92805865
32 8 4 0 2376.83914039
1 32 2 0 507.188936723
32 16 4 1 2636.46267063
8 8 8 1 1886.00102917
2 32 1 1 408.156030046
32 16 16 1 2304.38795816
1 16 2 0 171.371952286
2 16 16 1 356.434158086
16 8 2 0 2397.10622072
4 16 16 1 960.973685332
32 8 8 1 2432.45693321
4 8 4 1 1383.72523175
4 8 16 1 1202.72540434
8 8 8 0 1686.37095771
16 8 32 1 1542.62479298
32 8 1 0 1576.69815893
2 32 16 0 312.458655814
8 8 2 1 1921.05357527
16 16 2 1 2216.09622069
8 16 4 1 1785.06616322
2 8 4 1 845.353604291
2 32 2 1 418.453852937
16 8 16 0 1578.40126086
32 8 8 0 2646.55298858
2 16 8 0 388.247778074
16 8 8 1 2074.55309367
4 8 8 1 1230.40441309
1 16 16 1 531.271064337
32 8 32 1 2735.96371707
2 16 1 1 887.478300266
2 16 1 0 820.970437418
16 16 4 0 1280.41267601
2 8 16 0 255.160854304
1 16 8 1 601.024566513
16 16 16 0 1659.82389503
4 8 16 0 1181.38704727
8 16 2 1 1352.96536616
2 8 1 1 719.693233237
2 8 8 0 743.987654612
2 16 4 0 614.688455911
32 8 32 0 1955.14799937
2 16 16 0 526.814870176
2 16 32 0 602.44062656
1 32 4 1 694.853596313
16 16 8 1 2181.24462666
4 8 4 0 1034.00101983
2 32 32 1 383.982620286
1 16 32 1 293.236593937
8 8 32 0 1668.04508595
8 16 8 1 745.406225287
16 8 8 0 1508.59215125
16 8 16 1 1419.2730699
16 16 2 0 2180.89760098
8 16 16 1 1291.74184617
4 8 2 1 1106.03716836
8 8 4 1 1591.15925103
16 8 1 0 2178.29925814
1 16 32 0 441.899201645
2 8 8 1 693.49071191
4 32 8 0 1444.15638451
4 1 8 1 2884.32317819
1 1 16 1 998.608036555
2 1 16 0 1537.5763687
16 32 32 1 1098.88175837
