4 4 1 0 775.079281049
2 2 16 0 478.760865263
32 1 4 1 749.96860542
32 2 16 0 744.934944131
8 2 4 1 775.345143822
1 2 16 0 1975.11935412
8 4 16 1 772.809231513
8 1 16 0 772.320206236
4 4 8 0 778.715837613
8 2 16 1 765.533307629
16 2 2 1 743.012283378
8 32 8 0 751.719802989
4 2 1 0 776.443425387
1 4 2 1 1548.65375485
16 4 8 0 765.148226076
8 32 4 1 760.943325288
4 4 16 1 774.692975379
1 1 16 0 492.157141699
8 1 32 1 756.147601834
8 1 8 1 758.044219057
2 1 1 0 1542.24705233
4 32 8 1 766.882546021
32 1 8 0 722.144702644
1 4 16 1 659.75028838
1 2 1 0 1220.67325255
8 1 2 0 771.791960534
4 2 2 0 776.074381398
1 2 32 1 2131.5869015
8 1 16 1 764.908026038
4 4 4 1 773.046633984
4 1 32 1 775.110504631
4 1 2 0 777.520440484
16 1 16 1 755.062106735
2 32 4 0 767.816202556
4 1 2 1 759.733328911
32 2 8 1 745.791611272
8 32 8 1 746.678704215
2 1 32 1 1671.86991682
32 32 8 0 738.636666423
2 1 32 0 777.668993425
1 2 2 0 2350.195296
4 32 16 1 769.413130125
16 32 4 0 768.21793248
16 32 1 0 725.266862746
4 2 8 1 770.130368446
2 2 16 1 1333.88204483
8 32 32 0 759.201734854
8 4 16 0 773.427421586
2 1 4 1 779.594967726
16 2 4 1 740.586754397
8 1 4 0 767.984095798
32 32 8 1 729.109377412
2 2 32 0 776.923046237
8 2 1 0 768.470203799
2 1 16 1 1045.60837328
2 1 8 1 777.002607711
1 4 8 0 1824.40878162
8 1 4 1 771.974065401
8 4 4 0 735.000868683
32 2 32 0 747.102217631
8 4 8 1 774.25442291
4 32 32 0 771.674439948
2 32 32 1 758.216110702
16 1 32 0 731.580119889
4 2 32 1 773.593478049
1 4 8 1 2341.90338429
32 1 1 0 749.427460881
32 2 4 1 751.064371893
1 1 1 1 1150.87975162
2 32 16 0 1617.33379352
4 1 32 0 767.712239689
16 1 2 1 727.117810031
32 1 2 1 751.572172683
8 32 2 0 765.861770344
4 1 4 0 771.809019593
1 1 32 1 1626.27812344
16 2 32 1 760.356846667
32 1 1 1 742.485442782
8 2 2 0 762.815666912
32 2 8 0 756.306967648
16 32 8 1 740.283891578
32 32 16 0 748.398515706
8 4 2 0 774.347667367
1 4 32 1 1423.83012025
16 2 16 1 768.636517932
2 4 32 1 613.588938014
16 2 32 0 763.143902947
32 1 16 0 748.778865168
16 2 8 0 756.609399767
8 1 32 0 756.837757635
16 1 1 1 761.947790028
4 4 2 1 773.639648621
2 4 2 0 781.972096651
2 2 1 1 1007.31561049
16 2 8 1 761.134603112
16 32 16 0 745.71303544
2 2 2 0 780.798909121
4 1 4 1 755.902537978
16 4 1 1 750.782067353
32 32 32 1 729.573588114
1 1 1 0 375.512686379
8 4 8 0 765.830290584
16 32 4 1 741.652657698
1 1 2 0 1381.33697356
4 2 16 0 769.331532274
16 4 1 0 767.792459486
32 32 16 1 742.577934712
4 32 32 1 769.725292786
2 4 4 0 780.881114939
8 32 2 1 770.104269951
8 32 1 0 758.161029122
2 2 1 0 774.391400803
8 2 32 1 729.483412583
2 32 2 0 762.105391209
2 4 8 1 1112.51012526
16 2 1 1 760.830678138
4 2 2 1 775.692986924
1 2 4 1 1997.53667235
2 1 4 0 1206.80634708
1 1 8 0 548.996529374
32 2 4 0 756.010536639
2 1 16 0 461.565012081
16 4 2 0 761.526890841
8 4 1 1 761.933132138
2 32 4 1 1673.65240595
16 4 4 1 766.854153335
4 4 16 0 778.099762907
1 2 1 1 1734.39307772
4 1 8 0 733.768482009
8 2 32 0 749.465042666
4 32 16 0 779.960855722
2 4 2 1 590.726620459
16 1 8 1 758.609800666
4 2 8 0 779.283739828
8 4 1 0 761.480815403
2 32 16 1 776.150439371
16 32 8 0 747.282761229
1 2 4 0 1345.23021637
4 1 8 1 774.600748579
32 1 4 0 754.264049164
16 1 2 0 767.227547594
16 2 16 0 735.166562324
2 2 32 1 1404.30497247
8 1 1 1 769.06301806
8 4 2 1 768.660769951
8 32 16 0 744.395798632
32 1 16 1 744.191163912
8 32 16 1 722.858866596
16 32 1 1 766.807603518
16 2 1 0 764.092739199
16 2 2 0 755.717776541
1 2 8 1 603.471747038
2 32 2 1 1923.10958971
2 1 2 0 952.739820398
32 2 1 0 759.695024733
1 2 32 0 461.341047391
8 1 1 0 753.879450002
1 1 2 1 553.258168475
2 2 4 1 1545.0394298
4 4 4 0 781.511037308
16 2 4 0 731.621423984
4 2 16 1 774.634663581
2 2 8 1 1327.82112458
8 2 16 0 771.952486993
32 1 2 0 753.163241562
2 4 16 1 873.968276264
8 1 8 0 755.784898627
1 4 32 0 1654.71029643
1 1 32 0 1780.98476045
4 32 8 0 766.971174411
8 2 1 1 740.033064502
16 4 8 1 742.365934461
8 32 32 1 740.417227709
32 2 1 1 747.680919942
16 32 32 1 760.746899176
32 1 32 0 741.643570096
32 2 16 1 751.699110468
4 1 1 1 775.943488661
32 32 2 0 741.849061155
1 1 4 1 1665.00442268
4 4 8 1 780.559176199
16 1 4 1 767.277114609
16 1 16 0 750.319346962
1 4 1 1 580.372255702
32 32 1 0 737.774189976
4 4 32 0 757.976550614
32 32 4 1 724.979251765
16 1 8 0 754.346528146
2 4 4 1 1384.39121572
1 2 2 1 571.528453632
4 4 2 0 773.423622132
2 1 8 0 387.017000319
8 2 8 1 769.206808091
4 4 32 1 771.960739703
2 32 32 0 1632.38525334
1 4 4 0 513.345066493
2 32 1 0 777.578951066
16 4 4 0 772.296139361
32 1 32 1 745.779042066
8 32 1 1 752.635367683
2 4 16 0 1495.65335278
8 4 4 1 776.586832133
2 2 8 0 777.896192639
4 1 16 0 772.389868364
4 4 1 1 778.157689624
8 2 2 1 764.597313031
16 32 2 0 770.403614005
4 32 2 1 771.026773985
1 4 1 0 1389.79594813
32 32 1 1 742.994231927
32 1 8 1 748.48175424
32 2 2 0 741.254160055
8 32 4 0 764.724203986
4 2 32 0 776.149160208
8 2 4 0 773.641251188
4 1 1 0 775.898909741
2 2 2 1 1082.00900653
1 1 4 0 1668.69690318
4 2 4 1 780.169924023
4 32 2 0 772.053560163
2 4 8 0 750.467036196
16 4 2 1 772.70747106
32 2 2 1 760.774175714
1 4 4 1 591.204805901
1 2 8 0 996.792167456
4 2 1 1 775.687755848
2 4 32 0 1316.63167583
8 4 32 1 774.683118735
2 32 8 0 1793.44730539
16 1 4 0 757.468712768
4 32 4 1 755.705673653
2 1 1 1 405.485490455
16 4 16 1 767.445430377
1 4 2 0 1811.63356697
4 32 4 0 774.183009032
32 32 32 0 735.685052595
4 1 16 1 769.788364436
32 32 2 1 741.935888544
2 4 1 1 518.16768935
4 2 4 0 772.182888262
16 32 32 0 759.247489259
32 2 32 1 734.343639065
16 1 32 1 745.433455241
2 4 1 0 1548.17504909
8 2 8 0 772.635046847
1 4 16 0 585.725518672
4 32 1 1 771.033819303
8 1 2 1 774.728072319
2 2 4 0 778.876695299
16 32 2 1 731.238049995
1 2 16 1 589.568902393
1 1 16 1 1145.11727862
32 32 4 0 734.15294596
8 4 32 0 745.350882944
16 32 16 1 726.047027317
16 1 1 0 729.551152432
2 1 2 1 777.504169559
2 32 8 1 1468.85207672
4 32 1 0 758.519970102
16 4 16 0 766.03522855
32 4 4 1 739.990058089
32 16 2 0 746.444494421
2 8 32 1 1619.79128232
1 8 2 0 2251.20114999
32 8 16 0 743.67647764
32 4 16 1 739.983714014
8 16 32 1 767.648023234
32 8 2 1 746.947676062
16 8 4 0 728.042373414
2 8 1 0 708.254171555
