8 8 2 0 3316.85821517
8 8 8 1 2618.18590245
1 8 32 0 2171.90145314
1 4 8 0 932.086749997
8 4 4 0 2519.2070308
32 2 32 0 2632.73033115
8 4 8 1 2702.51860984
32 8 4 1 4110.06255955
16 1 32 0 1354.84965235
4 2 32 1 1134.03793838
1 4 8 1 2000.93751565
32 1 1 0 2902.15655422
4 8 4 1 2436.97524658
32 2 4 1 2866.78675357
16 8 16 1 2459.41767352
32 8 16 1 2019.50554025
16 1 2 1 2241.63983958
4 8 32 1 1830.48322787
4 8 1 1 2337.3939897
32 8 2 0 4928.61990727
32 1 2 1 2749.16617586
2 8 2 1 1402.68190656
16 8 8 1 3312.54565961
16 2 32 1 1744.58016985
1 8 8 1 608.529590971
32 1 1 1 2413.19940062
8 2 2 0 2606.19374409
1 8 4 0 2191.89972981
32 2 8 0 2310.64652635
8 4 2 0 3088.82323845
1 4 32 1 2336.26782818
16 2 16 1 2078.40354293
1 16 4 1 815.040471178
2 4 32 1 1492.6823498
16 2 32 0 1653.41314925
32 8 8 1 3224.71170683
1 16 1 0 2134.68625516
1 16 2 1 1876.85078883
32 1 16 0 1493.57306919
32 8 32 1 2484.72339555
16 2 8 0 2713.65251964
8 1 32 0 1010.95047033
16 1 1 1 2843.89256349
8 8 32 0 1934.51736599
4 4 2 1 2132.84542763
32 4 8 0 2970.98749
2 4 2 0 1388.62624098
2 2 1 1 1317.72317484
16 2 8 1 2488.55356851
2 2 2 0 1297.75971789
16 4 32 0 2036.30309482
32 4 8 1 2609.29972444
16 4 1 1 3634.36517091
2 8 4 0 1791.0875217
8 4 8 0 2957.48280371
4 8 8 1 2034.71674486
1 16 8 0 852.115032661
8 8 4 1 3222.26418547
4 2 16 0 1064.26219667
16 4 1 0 3759.83362479
2 4 4 0 1311.55112618
2 2 1 0 1285.16086896
8 2 32 1 1471.46644778
2 8 4 1 1734.32046516
2 4 8 1 1584.35674118
16 2 1 1 3567.38557598
4 2 2 1 1955.74709276
1 2 4 1 2225.79372383
32 2 4 0 3286.66113083
32 8 32 0 2758.3205289
16 4 2 0 3146.80444309
2 8 1 1 1600.566324
1 8 16 0 2223.2811946
8 4 1 1 2743.39975071
32 4 32 1 2672.05386202
16 4 4 1 3688.52068282
8 8 2 1 3669.52944721
4 4 16 0 1502.57002056
1 2 1 1 1716.59921075
32 4 1 0 4915.44214928
1 8 16 1 2207.05743363
32 4 4 0 3914.60775915
8 2 32 0 1585.96513657
16 8 1 0 4254.13228944
4 8 4 0 2391.72214737
2 4 2 1 1526.46427705
16 8 2 1 3430.26906392
4 8 16 1 2028.30214764
16 1 8 1 2133.42235592
4 2 8 0 1736.86937671
8 8 16 1 2025.65832231
8 4 1 0 2931.33554497
2 8 2 0 1761.6842186
8 8 4 0 2530.66332093
4 8 2 1 2441.31379721
1 2 4 0 649.382637421
32 8 8 0 3189.39701665
16 8 32 0 2084.18834622
32 1 4 0 2022.32875525
16 1 2 0 1618.00880807
16 2 16 0 1692.31071254
2 2 32 1 1283.70761621
8 4 2 1 2740.9198067
32 1 16 1 1865.02981187
16 2 1 0 3494.00572269
16 8 32 1 2105.5413331
16 2 2 0 3472.80062272
1 2 8 1 1789.52504674
32 2 1 0 3865.43107854
1 2 32 0 2282.6402233
2 2 4 1 1119.12357253
4 4 4 0 1731.76296375
16 2 4 0 3167.59587454
4 2 16 1 1239.50587652
2 2 8 1 1217.80130433
8 2 16 0 1875.02295443
32 1 2 0 2139.60091448
2 4 16 1 1581.34213134
8 1 8 0 1572.16322479
1 4 32 0 1000.15200029
16 8 8 0 2888.71673025
8 2 1 1 2721.92029764
16 4 8 1 2664.94345114
8 8 1 1 2847.42378039
32 2 1 1 3713.5461597
2 8 8 1 1311.23887701
1 16 2 0 1971.52218729
32 1 32 0 2122.51178224
32 2 16 1 2151.25240403
32 8 1 1 5041.52072656
1 16 4 0 2115.73569987
4 4 8 1 2136.07904425
16 1 4 1 2717.43206821
2 8 32 0 2079.59147524
16 1 16 0 1519.48268786
1 4 1 1 2168.54530692
1 8 8 0 2230.46439011
4 4 32 0 1616.70650384
16 1 8 0 1835.01967943
2 4 4 1 1453.91276747
1 2 2 1 1747.34639179
4 4 2 0 2196.18882811
8 8 1 0 3188.30048797
16 4 32 1 1983.08533978
4 8 16 0 1836.25970656
8 2 8 1 2241.80444184
4 4 32 1 1655.40553296
1 4 4 0 1894.19979762
1 8 32 1 2172.68420641
16 4 4 0 4102.14192662
32 1 32 1 2177.30670123
2 4 16 0 1538.92304295
1 8 2 1 608.586580208
8 4 4 1 2917.48078249
2 2 8 0 1289.50240934
4 4 1 1 671.459201977
8 2 2 1 2666.79220491
16 8 1 1 4249.11541844
2 8 16 1 1682.3093748
1 4 1 0 2138.82285449
32 1 8 1 1934.52445869
32 2 2 0 3810.15038041
4 2 32 0 1392.46631524
8 2 4 0 1916.58049615
2 2 2 1 1308.97069085
4 2 4 1 1745.7396409
4 8 8 0 2389.62320827
2 4 8 0 1513.52201579
16 4 2 1 3823.28627264
32 2 2 1 4158.4346197
1 4 4 1 2126.48009866
1 2 8 0 2137.44503739
4 2 1 1 1859.51345325
2 4 32 0 1509.96568421
8 4 32 1 1645.07336697
16 1 4 0 1885.88222256
8 8 16 0 1652.13806567
1 8 4 1 1854.84659108
4 8 32 0 1548.68055871
16 4 16 1 2020.42303892
8 8 32 1 1833.51466007
1 4 2 0 793.878321175
2 4 1 1 1621.58221873
4 2 4 0 1797.13772219
32 2 32 1 2215.93462531
1 8 1 0 2205.65095195
16 1 32 1 1431.14076061
2 4 1 0 1247.08570216
8 2 8 0 2363.05084569
1 4 16 0 2231.27592984
16 8 2 0 4379.54211657
2 2 4 0 1381.20468501
1 2 16 1 1921.18433342
8 4 32 0 1697.19578435
4 8 1 0 2221.60232198
16 1 1 0 2406.64452223
1 16 1 1 580.290263228
32 4 32 0 2986.80840745
32 4 2 0 3925.35209141
32 16 2 0 4387.44766177
8 16 32 1 1736.41133289
8 32 8 0 2198.4181748
8 16 2 1 3284.27942867
2 16 32 1 1997.13517088
8 32 4 1 3126.83897272
2 16 8 1 1418.76528377
4 32 8 1 2246.96161182
2 32 4 0 1533.1776314
32 16 1 1 4565.58453098
8 32 8 1 2601.37619969
1 16 16 1 2134.19311861
32 32 8 0 3067.46173173
1 32 8 1 1065.09308739
4 32 16 1 1844.9038945
16 32 4 0 3851.38820646
16 32 1 0 4075.70258007
32 16 16 0 2603.51014634
1 32 4 0 2132.97450381
8 32 32 0 1704.50208286
4 16 4 1 2154.52973231
32 16 16 1 2164.51894358
32 32 8 1 3206.70638131
16 16 2 1 4054.28417505
32 16 2 1 4333.56840452
1 32 32 0 785.903033474
8 16 4 0 2571.08126753
2 16 8 0 1684.34990926
4 32 32 0 1313.69188932
2 32 32 1 1830.15673599
16 16 1 0 3899.07967044
1 32 16 1 1803.31238494
2 32 16 0 1594.68037835
32 16 32 1 2362.12416619
2 32 1 1 1875.07671931
8 32 2 0 3319.09478126
32 16 1 0 5182.58541297
32 16 8 0 3107.88856925
16 32 8 1 2513.30337804
32 32 16 0 2583.57398081
1 32 1 0 1585.16801944
8 16 1 1 3492.57305232
1 32 16 0 2169.88537986
4 16 8 1 2119.71064451
1 32 32 1 637.523801949
16 32 16 0 2440.94018186
1 32 4 1 1158.68362341
2 16 1 0 1783.26015332
32 32 32 1 2678.08766555
4 16 8 0 2439.2363054
16 32 4 1 3172.45159753
32 32 16 1 2496.63316484
2 16 16 0 1879.29512954
4 32 32 1 1539.62242567
16 16 32 0 2021.55926271
8 32 2 1 2935.28662372
8 32 1 0 3215.52528279
2 32 2 0 1807.88721237
8 16 2 0 2788.14775175
16 16 2 0 4215.54384414
32 16 32 0 2416.2281191
2 32 4 1 1674.73711724
32 16 4 1 3913.85129003
4 16 1 1 2359.39703466
4 32 16 0 1917.28339451
32 16 8 1 3275.14253981
4 16 32 1 1773.69290696
2 32 16 1 1635.73995241
16 32 8 0 3158.05157944
2 16 2 1 1657.1976613
1 32 2 0 2090.38616514
16 16 4 0 3968.82673826
8 32 16 0 2544.92554908
8 32 16 1 1853.27398804
16 32 1 1 3816.51401224
2 32 2 1 1606.40752968
16 16 4 1 3736.53874644
2 16 32 0 2254.6815851
4 32 8 0 2093.5552477
16 16 32 1 1708.22562154
8 32 32 1 1661.10373534
16 32 32 1 1621.03636281
16 16 1 1 3904.57816628
4 16 2 0 2407.50139271
32 32 2 0 4541.22934069
1 32 8 0 1574.61135238
2 16 1 1 1838.64701509
4 16 4 0 1966.53124327
8 16 16 0 2398.32821752
2 16 2 0 1906.33223443
8 16 32 0 2448.44536565
1 32 1 1 1866.98638512
8 16 1 0 3350.81782095
32 32 1 0 4358.32965784
32 32 4 1 3535.55288593
16 16 16 0 2461.69157937
8 16 16 1 2474.34613228
2 32 32 0 1758.42229686
2 32 1 0 1473.45305041
2 16 4 0 1718.08126566
8 32 1 1 2951.64328956
16 16 16 1 2390.48979216
8 16 8 0 2532.73538744
16 32 2 0 3649.7787466
16 16 8 0 3214.17507192
1 16 32 1 2192.50804566
2 16 4 1 1589.77638091
4 32 2 1 2302.51270143
32 32 1 1 4403.85000023
8 32 4 0 3190.21816658
4 16 16 1 1881.27713315
4 32 2 0 2588.98944532
2 32 8 0 1829.38191488
4 32 4 1 2520.23390413
4 32 4 0 2540.09598723
32 32 32 0 2604.12679527
32 32 2 1 4054.6029964
1 32 2 1 877.295139128
16 32 32 0 1898.87479515
16 16 8 1 2733.65524462
8 16 4 1 2737.37525636
32 16 4 0 4207.08228566
4 16 16 0 1844.02687965
4 32 1 1 2504.35040925
2 16 16 1 1647.88702434
16 32 2 1 3954.39954977
1 16 16 0 2214.69689
32 32 4 0 3937.6948324
4 16 1 0 2451.89399802
4 16 2 1 2293.32274114
8 16 8 1 3056.09301085
16 32 16 1 2194.52398788
2 32 8 1 1885.15103551
4 32 1 0 2192.11031842
1 16 32 0 1035.35272871
4 16 32 0 1637.9881663
