1 2 1 0 2176.8390455
8 1 2 0 761.522108328
8 8 8 0 753.868517424
16 8 4 1 770.741805447
8 1 16 1 760.946040511
16 8 16 0 769.071346817
4 1 32 1 666.60693042
4 1 2 0 776.665229282
16 1 16 1 758.283283745
2 32 4 0 1779.2623165
4 1 2 1 777.917772099
32 8 1 0 747.256550138
32 16 1 1 737.745841085
8 32 8 1 754.834548342
2 1 32 1 767.336840925
1 16 16 1 1055.7754511
32 32 8 0 743.211825506
2 1 32 0 764.890943746
32 8 4 0 747.58619219
1 32 8 1 526.313778699
4 32 16 1 757.961079352
16 32 4 0 758.928456025
16 32 1 0 745.26284323
32 16 16 0 752.940052074
1 16 8 1 1661.14471125
1 32 4 0 1178.76247106
8 32 32 0 734.100747879
4 16 4 1 771.542202416
4 8 2 0 773.980740766
32 16 16 1 743.746175991
2 1 4 1 953.216574613
8 1 4 0 778.827880789
32 32 8 1 730.081319975
2 1 16 1 777.893805954
8 8 2 0 768.507173081
16 16 2 1 747.482212956
2 1 8 1 779.455231972
32 16 2 1 745.801497549
8 8 8 1 764.115476402
1 32 32 0 1237.73339044
8 16 4 0 751.426440869
2 16 8 0 778.668570729
8 1 4 1 773.040378311
4 32 32 0 768.266148863
32 8 4 1 746.989871042
2 32 32 1 769.830367352
16 1 32 0 752.698970013
16 16 1 0 739.342743391
32 1 1 0 750.035896749
4 8 4 1 776.232376287
1 1 1 1 1534.91096987
1 32 16 1 1652.48040487
16 8 16 1 766.209547209
2 32 16 0 1420.38495653
32 8 16 1 746.25116623
4 1 32 0 780.101557809
16 1 2 1 755.553594855
32 16 32 1 739.245014268
4 8 32 1 772.80755174
4 8 1 1 769.714519297
2 32 1 1 764.781703231
32 8 2 0 755.990879352
32 1 2 1 749.750574381
8 32 2 0 771.224603937
32 16 1 0 747.327394523
16 8 8 1 767.414426365
4 1 4 0 764.231505327
1 1 32 1 1837.0488048
32 16 8 0 737.345435767
32 1 1 1 718.295194279
16 32 8 1 733.109146378
32 32 16 0 726.531302642
1 32 1 0 2069.09400124
8 16 1 1 765.239715352
1 32 16 0 911.665331311
1 16 4 1 1027.02861187
32 8 8 1 750.704436165
1 16 1 0 543.508478255
1 16 2 1 2140.34237936
32 1 16 0 717.011654097
32 8 32 1 745.264198484
8 1 32 0 754.0987322
4 16 8 1 780.734783907
16 1 1 1 757.978805945
8 8 32 0 772.314928894
1 32 32 1 580.165803854
16 32 16 0 750.512756255
1 32 4 1 1850.88061786
2 16 1 0 1731.56660756
4 1 4 1 763.845588331
32 32 32 1 725.884091091
4 16 8 0 775.846966804
1 1 1 0 1750.962913
16 32 4 1 722.044929054
4 8 8 1 775.831634736
1 16 8 0 2023.76488526
8 8 4 1 771.623873432
1 1 2 0 415.311887956
32 32 16 1 738.532413503
2 16 16 0 781.369965679
4 32 32 1 773.705852686
16 16 32 0 738.374110317
8 32 2 1 766.150050912
8 32 1 0 742.229668883
2 32 2 0 1836.01595915
8 16 2 0 764.745723318
16 16 2 0 745.162100062
2 1 4 0 769.190004378
1 1 8 0 1736.8930052
32 16 32 0 745.72578628
2 1 16 0 757.983608266
32 8 32 0 754.667527906
2 32 4 1 763.278936176
8 8 2 1 772.901708136
32 16 4 1 732.661835802
1 2 1 1 1346.14612572
4 1 8 0 753.214067157
4 16 1 1 765.137394955
16 8 1 0 770.295512114
4 8 4 0 774.831830628
4 32 16 0 776.659836215
16 8 2 1 734.494990719
4 8 16 1 777.742730659
32 16 8 1 737.565893549
16 1 8 1 750.21096839
4 16 32 1 771.794720444
8 8 16 1 755.705171036
8 8 4 0 778.739275532
2 32 16 1 758.152720868
4 8 2 1 775.063945739
16 32 8 0 751.312558783
32 8 8 0 747.055584146
2 16 2 1 781.277086005
1 32 2 0 516.887264156
16 16 4 0 769.936163481
16 8 32 0 743.042884418
4 1 8 1 776.044832874
32 1 4 0 733.495547612
16 1 2 0 753.438748785
8 1 1 1 775.50200455
8 32 16 0 741.496485921
1 1 8 1 1813.79388017
32 1 16 1 726.900418285
8 32 16 1 739.015082844
16 32 1 1 752.99045943
16 8 32 1 764.526997138
2 32 2 1 767.085795298
2 1 2 0 779.765951336
16 16 4 1 759.034879744
8 1 1 0 762.724759014
1 1 2 1 1603.79189
2 16 32 0 780.343073965
32 1 2 0 746.303822751
8 1 8 0 774.719911256
1 1 32 0 1380.75118722
4 32 8 0 768.142440267
16 8 8 0 763.490366188
16 16 32 1 764.026343329
8 32 32 1 761.426365383
8 8 1 1 767.814670701
16 32 32 1 741.274724177
1 16 2 0 2014.25672165
32 1 32 0 755.361312061
32 8 1 1 746.147980585
4 1 1 1 772.903541315
16 16 1 1 726.888974776
4 16 2 0 775.987649298
32 32 2 0 740.784620046
1 16 4 0 586.930178595
1 32 8 0 2271.82892588
2 16 1 1 742.345312317
4 16 4 0 768.455027154
1 1 4 1 550.486774504
8 16 16 0 766.115374287
16 1 4 1 755.668162746
2 8 32 0 1723.40083812
2 16 2 0 1825.18611183
8 16 32 0 753.237524796
1 32 1 1 2069.5620964
8 16 1 0 773.118703969
16 1 16 0 764.119788548
32 32 1 0 734.023349072
32 32 4 1 737.456513016
16 1 8 0 761.701935429
16 16 16 0 772.108141631
1 2 2 1 1003.46143525
8 8 1 0 773.246053216
8 16 16 1 767.403064797
2 1 8 0 1228.85521417
4 8 16 0 764.790228224
2 32 32 0 771.358048671
2 32 1 0 1685.02247045
32 1 32 1 744.938574786
2 16 4 0 771.092927525
8 32 1 1 754.155439173
16 16 16 1 748.858440991
4 1 16 0 772.782111311
8 16 8 0 762.278234172
16 32 2 0 763.747369777
16 16 8 0 748.062684769
1 16 32 1 2180.0205888
16 8 1 1 771.391458633
2 16 4 1 767.009010474
4 32 2 1 766.004409413
32 32 1 1 714.164169465
32 1 8 1 723.005192052
8 32 4 0 745.428624329
4 16 16 1 766.836693753
4 1 1 0 774.864795689
1 1 4 0 1391.39026857
4 8 8 0 766.683261077
4 32 2 0 769.296806825
2 32 8 0 1489.45363636
16 1 4 0 757.933610925
4 32 4 1 768.617890448
8 8 16 0 719.200593621
2 1 1 1 421.077052472
4 8 32 0 778.452783072
8 8 32 1 763.100148035
4 32 4 0 767.281424133
32 32 32 0 750.493415298
4 1 16 1 768.92324084
32 32 2 1 735.137502475
1 32 2 1 1199.36226137
16 32 32 0 747.43627344
16 16 8 1 745.721863097
8 16 4 1 771.759236989
32 16 4 0 744.924669956
4 16 16 0 777.145017409
16 1 32 1 754.571000444
4 32 1 1 766.252213096
8 1 2 1 759.250076966
16 8 2 0 752.75806307
2 16 16 1 1310.87248164
16 32 2 1 746.682198711
1 16 16 0 513.200971352
1 1 16 1 652.052513006
32 32 4 0 744.517605661
4 16 1 0 777.708647173
4 16 2 1 756.514075231
8 16 8 1 750.483042304
4 8 1 0 772.662587632
16 32 16 1 739.308664173
16 1 1 0 754.726829682
2 1 2 1 999.249670484
2 32 8 1 767.819354135
4 32 1 0 774.562595657
1 16 1 1 885.908778075
1 16 32 0 798.269664399
4 16 32 0 772.102250913
16 4 16 0 737.196250222
32 4 4 1 727.380750373
4 4 1 0 766.927738216
2 2 16 0 1478.39892159
2 8 32 1 772.719796565
1 8 2 0 2403.02606684
32 2 16 0 746.532382756
32 8 16 0 753.825830213
32 4 16 1 749.504650293
8 16 32 1 770.655619475
8 2 4 1 768.178789978
1 2 16 0 566.847244317
32 8 2 1 742.730598713
8 4 16 1 772.881699512
16 8 4 0 751.421355806
4 4 8 0 780.715437704
8 2 16 1 757.231968998
2 8 1 0 756.424202071
16 2 2 1 736.359830829
4 2 1 0 779.412678589
8 16 2 1 768.328024977
1 4 2 1 1722.96355491
2 16 32 1 776.197058755
32 4 16 0 748.596713377
16 4 8 0 771.227996826
4 4 16 1 782.900284688
2 16 8 1 772.264139546
1 8 1 1 2051.41693934
1 4 16 1 597.938028695
32 4 1 1 745.506806374
4 2 2 0 778.946002584
1 2 32 1 2260.71370913
