1 1 1 1 429.778107004
1 1 1 0 439.551977847
1 1 2 1 371.196438165
1 1 2 0 567.305726944
1 1 4 1 374.398291184
1 1 4 0 689.52209219
1 1 8 1 618.101846063
1 1 8 0 878.544898434
1 1 16 1 1271.45180753
1 1 16 0 581.399312919
1 1 32 1 1073.12508913
1 1 32 0 1318.79403472
2 1 1 1 756.237346993
2 1 1 0 681.483238416
2 1 2 1 773.517272438
2 1 2 0 781.803104485
2 1 4 1 786.584945093
2 1 4 0 903.331351619
2 1 8 1 789.115496484
2 1 8 0 830.058058709
2 1 16 1 1056.50017889
2 1 16 0 793.773566454
2 1 32 1 857.287214362
2 1 32 0 806.728988804
4 1 1 1 1145.34405992
4 1 1 0 1342.21361472
4 1 2 1 1413.75383312
4 1 2 0 1416.8364106
4 1 4 1 1367.41671026
4 1 4 0 1342.1198472
4 1 8 1 1055.75801691
4 1 8 0 1314.63801592
4 1 16 1 1392.48940994
4 1 16 0 1242.55928266
4 1 32 1 1224.71391309
4 1 32 0 1312.67508815
8 1 1 1 1774.61023108
8 1 1 0 1727.9521539
8 1 2 1 1664.57161584
8 1 2 0 1601.54216635
8 1 4 1 1895.48726648
8 1 4 0 1493.16161847
8 1 8 1 1488.89556717
8 1 8 0 1668.95485427
8 1 16 1 1445.15820593
8 1 16 0 1331.77166885
8 1 32 1 1373.45690604
8 1 32 0 1643.5171164
16 1 1 1 2332.87470657
16 1 1 0 2284.84266843
16 1 2 1 1703.67357817
16 1 2 0 1645.72541838
16 1 4 1 1735.74339064
16 1 4 0 1583.23354818
16 1 8 1 2206.22599065
16 1 8 0 1818.09827926
16 1 16 1 2287.79656117
16 1 16 0 2435.21492473
16 1 32 1 2298.76681535
16 1 32 0 2296.17994019
32 1 1 1 2214.95511048
32 1 1 0 2223.68054381
32 1 2 1 2277.18962023
32 1 2 0 2663.91586513
32 1 4 1 2673.47856351
32 1 4 0 2268.28599599
32 1 8 1 2457.67148541
32 1 8 0 2491.97516095
32 1 16 1 2805.01873452
32 1 16 0 2160.40554282
32 1 32 1 2238.18665242
32 1 32 0 2598.25127137
1 2 1 1 605.580850265
1 2 1 0 996.557003132
1 2 2 1 1216.55323732
1 2 2 0 1244.18628471
1 2 4 1 710.312341287
1 2 4 0 1227.95684884
1 2 8 1 1337.49076566
1 2 8 0 1416.25250438
1 2 16 1 468.944549227
1 2 16 0 1251.32314103
1 2 32 1 933.999518041
1 2 32 0 428.54181969
2 2 1 1 755.382009096
2 2 1 0 817.117116977
2 2 2 1 822.310331563
2 2 2 0 941.92329588
2 2 4 1 871.501266688
2 2 4 0 837.863077811
2 2 8 1 819.55600731
2 2 8 0 724.130485747
2 2 16 1 728.783662084
2 2 16 0 653.493764388
2 2 32 1 588.601517608
2 2 32 0 968.979243733
4 2 1 1 931.114101068
4 2 1 0 868.308867501
4 2 2 1 968.091703786
4 2 2 0 1108.25051236
4 2 4 1 1046.4259288
4 2 4 0 1004.09092783
4 2 8 1 1063.77310628
4 2 8 0 1118.48622843
4 2 16 1 1175.87317567
4 2 16 0 1064.23080815
4 2 32 1 1176.64621703
4 2 32 0 1210.91362244
8 2 1 1 1344.17630817
8 2 1 0 1319.84487856
8 2 2 1 1501.36131939
8 2 2 0 1593.35783022
8 2 4 1 1450.67607345
8 2 4 0 1196.44099111
8 2 8 1 1551.62719885
8 2 8 0 1627.89008089
8 2 16 1 1756.7882498
8 2 16 0 1409.62069263
8 2 32 1 1197.56055172
8 2 32 0 1324.29629974
16 2 1 1 1962.03839974
16 2 1 0 2224.32836694
16 2 2 1 1955.1645409
16 2 2 0 2050.46709528
16 2 4 1 1834.92301806
16 2 4 0 2043.84461245
16 2 8 1 2033.61890917
16 2 8 0 2169.46655759
16 2 16 1 2201.28778524
16 2 16 0 2190.40839279
16 2 32 1 1723.59913007
16 2 32 0 1834.64595608
32 2 1 1 2475.56301485
32 2 1 0 2524.28956437
32 2 2 1 2489.16879389
32 2 2 0 2283.54560449
32 2 4 1 1935.77454642
32 2 4 0 2386.32987366
32 2 8 1 2724.13288809
32 2 8 0 2602.48776386
32 2 16 1 2313.05781858
32 2 16 0 2498.52511613
32 2 32 1 1987.89230098
32 2 32 0 2080.80302381
1 4 1 1 291.531907746
1 4 1 0 923.418353983
1 4 2 1 1169.68765833
1 4 2 0 1367.07933583
1 4 4 1 983.760992056
1 4 4 0 1221.58657801
1 4 8 1 1159.43049439
1 4 8 0 1344.81717305
1 4 16 1 1267.67490756
1 4 16 0 1116.08120393
1 4 32 1 1444.90199257
1 4 32 0 1329.48605991
2 4 1 1 701.040246971
2 4 1 0 701.241195063
2 4 2 1 741.886770089
2 4 2 0 871.277246024
2 4 4 1 696.964309047
2 4 4 0 699.123980781
2 4 8 1 1008.66149542
2 4 8 0 741.769638897
2 4 16 1 877.675705629
2 4 16 0 800.059231125
2 4 32 1 673.172962538
2 4 32 0 713.627920529
4 4 1 1 1106.72288994
4 4 1 0 1086.14732335
4 4 2 1 1364.3018451
4 4 2 0 1302.68048101
4 4 4 1 1023.39434536
4 4 4 0 986.678947689
4 4 8 1 1037.13830615
4 4 8 0 1068.21395471
4 4 16 1 1303.15103379
4 4 16 0 1090.67619733
4 4 32 1 1276.38831806
4 4 32 0 1060.39840352
8 4 1 1 1522.30909784
8 4 1 0 1581.07273906
8 4 2 1 1550.17459301
8 4 2 0 1347.65219915
8 4 4 1 1351.12224013
8 4 4 0 1458.92015357
8 4 8 1 1559.11395216
8 4 8 0 1504.89788076
8 4 16 1 1555.86636309
8 4 16 0 1693.90942066
8 4 32 1 1522.2956581
8 4 32 0 1529.47341798
16 4 1 1 2028.66736755
16 4 1 0 1920.8197142
16 4 2 1 1942.10771199
16 4 2 0 2024.60031794
16 4 4 1 1565.49643192
16 4 4 0 2239.65564114
16 4 8 1 1983.13366639
16 4 8 0 1903.52596444
16 4 16 1 2034.27059016
16 4 16 0 1903.57388941
16 4 32 1 2041.91996115
16 4 32 0 1857.4873449
32 4 1 1 2321.5869973
32 4 1 0 2396.13595667
32 4 2 1 2653.483498
32 4 2 0 2507.98552005
32 4 4 1 2669.00251339
32 4 4 0 2490.6185675
32 4 8 1 2562.13372571
32 4 8 0 2547.43275697
32 4 16 1 2076.84950665
32 4 16 0 2343.69585844
32 4 32 1 1997.98059071
32 4 32 0 2259.62770784
1 8 1 1 1047.29517001
1 8 1 0 491.752080315
1 8 2 1 801.192514231
1 8 2 0 1333.21029693
1 8 4 1 318.2814163
1 8 4 0 948.763166618
1 8 8 1 1295.50671377
1 8 8 0 1340.41634196
1 8 16 1 1324.7408533
1 8 16 0 1325.56938614
1 8 32 1 432.919620317
1 8 32 0 890.6126208
2 8 1 1 802.283820124
2 8 1 0 702.82026345
2 8 2 1 689.413865721
2 8 2 0 657.50884461
2 8 4 1 761.269623482
2 8 4 0 697.878303173
2 8 8 1 667.228260948
2 8 8 0 747.147486536
2 8 16 1 672.18703373
2 8 16 0 692.359187476
2 8 32 1 804.861248328
2 8 32 0 765.38793262
4 8 1 1 1058.5691297
4 8 1 0 1217.50016764
4 8 2 1 997.133990692
4 8 2 0 908.786272514
4 8 4 1 1027.18285146
4 8 4 0 1014.15179571
4 8 8 1 1121.21419686
4 8 8 0 1027.14471726
4 8 16 1 760.949384013
4 8 16 0 857.907563445
4 8 32 1 1108.18222919
4 8 32 0 1086.82276868
8 8 1 1 1503.13404462
8 8 1 0 1472.44458429
8 8 2 1 1558.50576226
8 8 2 0 1591.32692404
8 8 4 1 1465.6409912
8 8 4 0 1672.50042875
8 8 8 1 1441.96101427
8 8 8 0 1492.85751034
8 8 16 1 1594.781439
8 8 16 0 1572.42664837
8 8 32 1 1479.71227371
8 8 32 0 1609.05687594
16 8 1 1 1982.15468244
16 8 1 0 2167.58792204
16 8 2 1 1856.8012636
16 8 2 0 2105.03982604
16 8 4 1 2036.25171822
16 8 4 0 1993.83031409
16 8 8 1 2042.61139133
16 8 8 0 1972.19550522
16 8 16 1 1721.10817023
16 8 16 0 1972.73735592
16 8 32 1 1900.68198451
16 8 32 0 1841.86024585
32 8 1 1 1881.19150029
32 8 1 0 2535.9965395
32 8 2 1 2535.33880005
32 8 2 0 2590.78446587
32 8 4 1 2309.85521802
32 8 4 0 2410.25644035
32 8 8 1 2514.56183021
32 8 8 0 2358.58541647
32 8 16 1 2179.09362326
32 8 16 0 2202.05108763
32 8 32 1 2356.25242414
32 8 32 0 2107.46724418
1 16 1 1 1016.48083591
1 16 1 0 730.622995269
1 16 2 1 1189.57329107
1 16 2 0 1186.97792335
1 16 4 1 1185.57216614
1 16 4 0 1341.4872241
1 16 8 1 1328.04574018
1 16 8 0 643.168683567
1 16 16 1 1186.4693236
1 16 16 0 1200.31099979
1 16 32 1 1301.40073636
1 16 32 0 1334.97218096
2 16 1 1 662.3747781
2 16 1 0 660.961003325
2 16 2 1 707.944173263
2 16 2 0 703.092956258
2 16 4 1 721.350764
2 16 4 0 788.328120754
2 16 8 1 715.061945286
2 16 8 0 779.276346206
2 16 16 1 787.204064058
2 16 16 0 702.837625717
2 16 32 1 828.713726479
2 16 32 0 788.428420018
4 16 1 1 1085.37333867
4 16 1 0 913.745015315
4 16 2 1 943.356945562
4 16 2 0 1173.64970862
4 16 4 1 1074.83391273
4 16 4 0 1021.50075698
4 16 8 1 1172.40169305
4 16 8 0 969.870453372
4 16 16 1 1148.32737122
4 16 16 0 1081.07382867
4 16 32 1 1061.93350492
4 16 32 0 1247.87866733
8 16 1 1 1496.04926643
8 16 1 0 1634.70407091
8 16 2 1 1589.18149307
8 16 2 0 1602.43192181
8 16 4 1 1513.18804061
8 16 4 0 1581.11366981
8 16 8 1 1519.94750472
8 16 8 0 1583.80946104
8 16 16 1 1338.12056334
8 16 16 0 1456.88863015
8 16 32 1 1430.06058784
8 16 32 0 1393.76941085
16 16 1 1 1856.00156468
16 16 1 0 1949.18783417
16 16 2 1 1888.13424193
16 16 2 0 1917.79142356
16 16 4 1 2000.04013658
16 16 4 0 2006.99989027
16 16 8 1 1937.9543014
16 16 8 0 1860.95455765
16 16 16 1 1931.28199685
16 16 16 0 1970.35496057
16 16 32 1 1898.53467055
16 16 32 0 1670.9630273
32 16 1 1 2244.5631142
32 16 1 0 2493.45299775
32 16 2 1 2427.05581265
32 16 2 0 2459.82454694
32 16 4 1 2202.55343563
32 16 4 0 2563.10429318
32 16 8 1 2257.23292198
32 16 8 0 2285.3054
32 16 16 1 2182.5838041
32 16 16 0 2293.79333137
32 16 32 1 2217.91245851
32 16 32 0 2187.72453263
1 32 1 1 1006.76593139
1 32 1 0 1004.0068591
1 32 2 1 934.686780398
1 32 2 0 593.156453553
1 32 4 1 626.142591929
1 32 4 0 623.582668825
1 32 8 1 1063.33753192
1 32 8 0 596.931188234
1 32 16 1 957.453492114
1 32 16 0 463.941726919
1 32 32 1 768.389071875
1 32 32 0 915.907203747
2 32 1 1 763.311136022
2 32 1 0 657.116839304
2 32 2 1 682.085131819
2 32 2 0 767.483855083
2 32 4 1 688.89537341
2 32 4 0 651.677238441
2 32 8 1 676.278724197
2 32 8 0 695.049953202
2 32 16 1 716.749081282
2 32 16 0 857.146604223
2 32 32 1 742.731576176
2 32 32 0 795.872341539
4 32 1 1 1076.58732852
4 32 1 0 954.055072404
4 32 2 1 1127.63053938
4 32 2 0 1216.00060627
4 32 4 1 986.571575193
4 32 4 0 1150.53071884
4 32 8 1 974.332809943
4 32 8 0 1096.08735159
4 32 16 1 1139.28461311
4 32 16 0 1140.4239579
4 32 32 1 1098.79476262
4 32 32 0 1050.19529407
8 32 1 1 1406.02356916
8 32 1 0 1452.59951141
8 32 2 1 1406.69944519
8 32 2 0 1579.00158577
8 32 4 1 1518.39017536
8 32 4 0 1594.09485289
8 32 8 1 1510.13257659
8 32 8 0 1605.83267012
8 32 16 1 1455.73723949
8 32 16 0 1545.64668733
8 32 32 1 1607.77379777
8 32 32 0 1626.93624441
16 32 1 1 1769.78589278
16 32 1 0 2013.73035235
16 32 2 1 1894.14378662
16 32 2 0 1276.13125518
16 32 4 1 1915.71954289
16 32 4 0 1585.50992845
16 32 8 1 1674.45482786
16 32 8 0 1893.1470815
16 32 16 1 1880.12833026
16 32 16 0 1984.05610834
16 32 32 1 1714.10002371
16 32 32 0 1549.16730222
32 32 1 1 2159.37794083
32 32 1 0 2588.88144006
32 32 2 1 2201.68504439
32 32 2 0 2462.18668137
32 32 4 1 2408.66981336
32 32 4 0 2321.91472068
32 32 8 1 2050.34107611
32 32 8 0 2456.32737528
32 32 16 1 1878.91425636
32 32 16 0 2366.14139361
32 32 32 1 1694.92611677
32 32 32 0 2381.42957291
