4 16 8 0 1421.57579797
32 16 2 0 2702.31263859
8 1 8 0 2002.19716307
8 32 8 0 2160.16807281
2 32 4 1 854.646027049
2 1 1 1 946.690577021
32 32 4 0 3060.15403403
8 1 32 1 1750.25307911
32 16 16 0 2215.32989468
2 32 1 0 928.123795989
2 32 2 1 810.513112578
1 1 16 1 1590.49973812
16 1 8 1 2691.09411328
4 32 16 0 1504.10824294
32 16 8 1 170.101440099
8 1 2 1 1999.43612394
4 32 8 0 1780.01035626
16 32 2 1 2547.58098386
4 32 32 1 1404.72727883
1 32 32 0 664.906536858
32 32 16 1 1877.88480406
16 1 4 1 2322.23405079
4 32 4 0 1427.75396772
16 32 16 1 2434.22651197
16 32 32 0 1961.87602374
32 32 32 0 1936.55539854
4 1 8 0 1404.96395594
16 32 32 1 1657.67253489
2 1 8 1 1026.97825918
4 1 2 1 1417.84063277
4 1 16 1 1435.40788033
8 32 32 1 1693.53240476
32 32 2 1 3128.51123687
32 32 16 0 2348.24372694
2 1 16 1 943.704319474
32 32 1 1 2679.89139291
1 32 8 1 1041.53316275
4 1 1 1 1394.81520277
8 32 16 0 1810.93067485
32 16 4 1 2303.90971547
4 32 2 0 1262.08956481
2 32 16 0 1052.41392754
2 1 8 0 967.087632947
16 1 16 1 2356.35875272
16 32 1 0 2632.69433053
8 1 32 0 1822.5883982
2 1 16 0 914.29639332
8 32 32 0 1293.61527278
4 32 1 0 1612.10822944
1 32 2 1 704.288517053
32 32 4 1 2556.27031767
2 1 32 1 984.688680342
8 32 8 1 1955.62566983
1 32 2 0 1167.97818879
4 32 1 1 1456.94726193
16 1 2 0 2597.35089207
4 1 2 0 1455.48250166
8 1 2 0 2077.73412047
8 1 1 1 1963.15540898
1 32 16 0 1041.02849603
16 1 4 0 2497.58175042
1 32 1 0 1113.90081795
16 32 8 0 2538.757772
4 1 16 0 1267.22080629
2 1 4 0 993.835395009
1 1 2 0 598.312932241
1 32 1 1 903.899540183
1 1 4 1 924.21556306
32 32 32 1 1610.36671079
2 1 4 1 940.236897013
8 1 4 1 1440.75487782
2 32 8 1 933.138598512
8 1 8 1 2030.4511625
32 32 1 0 3223.78844922
1 32 8 0 912.212704082
16 1 1 0 2046.50520584
16 32 8 1 2410.29454963
16 32 16 0 1810.51297111
2 32 4 0 920.623490142
2 32 2 0 1020.92987093
32 16 8 0 1589.40585666
16 32 2 0 2808.84288059
4 32 8 1 1447.75720491
32 32 2 0 3321.56564735
2 32 32 0 1091.98981662
4 1 4 1 1436.20543316
8 32 2 1 1585.7578711
32 16 16 1 2070.17288446
16 1 2 1 1894.54397775
1 1 16 0 1412.23871062
2 32 8 0 744.475110795
2 1 1 0 949.320929889
32 16 32 0 1311.11398883
1 1 2 1 637.004426704
8 32 2 0 2014.60775794
8 32 4 1 1981.42172547
16 32 4 1 2873.93454042
4 1 4 0 1392.97486244
8 32 1 1 1774.58303741
1 1 4 0 1201.68761451
1 1 8 1 1013.1058443
1 1 1 1 507.087591679
4 1 8 1 1349.39490845
2 1 2 0 888.878459783
4 1 1 0 1425.85435381
2 32 16 1 993.005206696
1 32 16 1 616.813038934
1 1 32 1 975.914747399
1 1 8 0 1199.30088586
2 32 32 1 794.024977562
4 1 32 1 1332.03866267
1 32 4 1 1072.01801765
32 16 4 0 2295.87923955
1 1 32 0 1081.26436985
2 1 2 1 1065.78492801
2 32 1 1 912.883271713
8 1 16 1 1568.66590214
4 32 32 0 1366.69227027
16 1 1 1 1626.00943204
32 32 8 1 2740.63400444
1 1 1 0 695.731972204
8 1 4 0 1583.10453228
16 1 8 0 1901.62531864
8 32 1 0 1874.0150397
4 1 32 0 1483.27007567
32 16 32 1 1299.33068269
4 32 4 1 1342.83451505
8 1 16 0 1644.98127706
2 1 32 0 1015.21124915
4 32 16 1 1534.3385982
8 32 4 0 1991.01772634
8 1 1 0 1949.97327275
1 32 4 0 707.592814718
16 32 4 0 2796.85552696
1 32 32 1 610.831368511
4 32 2 1 1600.82676111
32 32 8 0 2787.74835754
8 32 16 1 1804.70044775
16 32 1 1 2518.4370325
32 1 8 0 3128.43516969
16 2 4 1 2056.94448601
1 4 2 0 987.335178229
16 2 1 0 2261.18108905
8 4 8 0 1783.11327865
8 4 16 1 1454.77963483
4 4 32 1 1036.7306598
16 1 32 1 2314.54396696
2 4 16 0 853.884761529
16 2 16 0 2042.31082656
32 1 4 0 2878.27166427
8 2 2 1 1606.74792744
4 2 32 0 1284.05230931
1 4 2 1 1150.6661889
4 2 4 1 1226.04916777
16 2 4 0 2218.1748161
1 4 8 1 1235.44371121
4 2 32 1 1213.20187993
8 2 1 0 1631.11801833
4 4 1 1 1022.81301989
4 4 32 0 1123.2998449
32 2 2 1 2689.53713921
16 2 32 0 2147.95091187
4 4 4 0 1199.16534505
1 2 2 0 601.390377969
2 4 1 1 722.364590692
16 1 32 0 1971.926986
1 4 8 0 1019.03187435
32 2 32 0 1957.07571665
4 4 8 0 1038.68944407
2 2 1 0 827.508744267
2 2 4 0 1046.5046923
8 2 16 1 1494.99097709
32 1 1 1 2484.06856984
1 4 1 0 931.34891019
16 2 32 1 2087.38074921
32 2 32 1 2357.37847844
2 2 16 0 878.79176099
1 4 1 1 937.571761184
4 4 2 1 1158.14324234
1 4 32 0 1307.68021346
8 4 32 1 1556.53432771
32 1 2 0 2151.29954045
32 2 16 0 2476.11759516
8 4 8 1 1349.5846149
4 2 2 1 1103.89913914
8 2 8 0 1721.46148638
16 2 8 1 2219.7619842
1 2 16 0 1330.91190706
8 2 32 1 1669.84979314
2 4 4 1 823.502810096
2 4 32 1 704.060686205
4 4 1 0 1076.64919638
16 2 16 1 1943.89009513
1 2 32 0 1272.02740579
4 2 8 0 1269.32799868
1 2 2 1 1101.96690485
4 2 8 1 1076.94637174
32 2 2 0 2527.70211233
32 2 4 1 2638.83387535
1 2 4 0 1034.46946653
1 2 32 1 1100.83744435
2 2 8 0 1124.25555067
2 2 32 1 1001.36296729
1 2 4 1 1411.55023439
4 2 16 1 1143.10591492
2 2 8 1 838.890987209
8 2 16 0 1446.10464015
8 2 1 1 1638.16075718
2 2 32 0 835.125755951
2 4 1 0 812.29992192
4 4 2 0 1147.38981951
1 2 8 0 882.680423275
32 1 32 1 2648.23349951
1 2 1 1 943.983502302
32 1 1 0 2643.09392213
8 4 16 0 1410.23563914
1 4 16 0 1313.17570788
8 2 2 0 1584.50321078
16 2 1 1 2080.6657911
2 2 2 1 1107.7960182
32 1 16 1 3144.93108193
8 2 8 1 1523.98595206
2 2 4 1 846.960302844
4 2 2 0 1356.7698748
8 4 2 0 1554.06872032
1 2 16 1 779.212621349
32 1 16 0 2651.28255668
4 4 8 1 1066.66685357
4 2 4 0 1062.80937505
2 4 2 0 749.264126252
4 2 16 0 1366.2634467
2 2 2 0 910.030457023
32 2 4 0 2900.59339153
32 2 8 1 2718.38854985
8 2 4 0 1607.66929699
1 2 8 1 1112.36663924
32 1 32 0 2330.54530079
8 4 4 1 1546.7389492
2 2 16 1 736.389863658
32 2 8 0 2619.59344952
2 4 4 0 774.145123294
2 4 8 0 747.782393898
8 4 2 1 1503.26650441
8 2 32 0 1711.47648612
32 1 2 1 3278.75961684
16 1 16 0 2126.70157679
2 4 16 1 675.64971047
8 4 1 0 1556.99158782
16 2 2 0 2146.66080585
2 4 2 1 704.970086369
32 1 4 1 2065.42039202
16 2 8 0 2182.68528694
4 4 16 1 1092.63579769
1 4 4 0 1314.68860713
32 2 1 0 2347.23708716
8 4 32 0 1622.6010371
8 4 1 1 1711.75610182
4 4 4 1 1145.05989627
32 2 16 1 2156.71882943
4 4 16 0 1182.37463936
1 4 16 1 647.918568091
1 4 32 1 575.666723222
8 2 4 1 1630.21200266
2 4 32 0 738.043835415
4 2 1 0 1403.97213989
4 2 1 1 1155.3428215
16 2 2 1 2170.71547392
2 4 8 1 705.171880231
16 4 1 1 1879.11005285
32 2 1 1 2808.78550988
1 4 4 1 657.892443272
8 4 4 0 1712.04608154
1 2 1 0 957.57327271
2 2 1 1 781.928345097
32 1 8 1 2343.51789737
16 4 1 0 1963.98550581
4 16 1 1 991.077540271
4 8 1 1 1133.42837785
4 8 8 0 1074.98757909
1 8 16 1 1055.55223767
4 16 8 1 1093.64813209
16 4 8 0 2157.91336137
32 4 2 1 2516.2665486
2 8 16 1 786.200407186
4 16 32 1 1075.61551726
16 8 4 0 2056.04177864
1 8 8 1 700.518133321
1 16 16 0 783.216590725
32 4 32 0 2219.1764038
32 8 16 1 2319.42355131
4 16 16 0 997.565516626
32 8 2 0 2599.85881492
4 16 1 0 1174.42478556
2 16 8 1 715.001335953
2 16 2 0 727.715868882
2 8 32 0 725.760922065
2 8 2 0 674.773252712
8 16 8 0 1455.6622271
4 8 32 0 1116.30247583
4 16 8 0 1159.6814827
4 16 2 1 997.872378252
1 16 1 0 853.73825336
2 8 32 1 716.503834884
1 16 2 1 1360.64754761
8 8 4 0 1446.82190493
4 8 1 0 1104.31252562
16 8 4 1 1987.10268959
32 4 4 0 2774.00686686
8 16 1 1 1437.72324878
2 16 2 1 743.727442764
1 8 2 0 657.991065702
1 16 1 1 714.383800832
8 16 4 0 1583.62531109
32 8 2 1 2675.00023341
8 8 32 1 1444.92600949
4 8 2 0 1013.93819964
2 8 1 0 812.469731256
32 4 1 0 2726.18908506
32 4 4 1 2651.16818146
8 8 1 1 1399.97987872
16 8 2 1 2126.42133045
4 16 4 1 1035.48842273
32 4 1 1 2633.61678339
1 16 8 0 956.86999125
4 16 32 0 1228.53708173
8 16 2 0 1487.37070107
1 8 4 0 1198.03906187
16 4 16 0 1904.55875362
32 8 16 0 2653.85076083
8 8 16 0 1529.46107842
8 8 1 0 1470.57238505
16 4 4 0 2145.41537498
32 8 4 1 2608.04167824
1 16 4 1 1214.57435121
32 8 1 1 2361.28036821
2 8 4 0 815.788903094
4 8 32 1 1169.08728058
1 8 16 0 1211.382774
4 16 2 0 1009.70568065
8 8 16 1 1390.72704911
4 16 4 0 1025.94934811
1 8 4 1 912.646163347
1 16 4 0 789.659515467
1 8 32 1 460.002030862
2 16 4 1 755.521231737
16 8 32 0 1855.16290083
16 4 16 1 2076.2121178
1 8 1 1 870.917672619
8 8 2 0 1438.1326384
1 8 2 1 682.090411693
2 8 2 1 604.252813896
32 4 16 1 2332.23377101
8 16 1 0 1347.24232341
16 8 1 1 1966.26554153
16 4 8 1 2216.34585164
1 8 32 0 1043.9402636
1 8 1 0 683.991618038
2 16 32 1 648.185091272
32 8 4 0 2661.03626418
8 8 8 1 1496.80805103
1 8 8 0 976.89613078
1 16 2 0 767.821939056
2 16 16 1 780.456077014
16 8 2 0 1867.9950324
16 4 2 1 2241.37066264
4 16 16 1 1125.63603941
16 4 4 1 2172.06452715
32 8 8 1 2507.85483352
32 4 16 0 2539.16062039
4 8 4 1 1025.81645572
4 8 16 1 1004.87702119
8 8 8 0 1529.30565885
16 8 32 1 1915.10491109
32 8 1 0 2786.67124891
8 8 2 1 1443.14855256
8 16 4 1 1631.75724863
16 4 32 0 1763.07356231
2 8 4 1 722.830613152
16 8 16 0 1895.22779521
32 8 8 0 2473.08872009
2 16 8 0 832.958300415
16 8 8 1 2225.60704796
4 8 8 1 1045.83824339
16 4 2 0 1908.42067381
1 16 16 1 1129.31364462
32 8 32 1 1818.51097261
2 16 1 1 736.254813609
2 16 1 0 711.536705412
2 8 16 0 688.995367329
1 16 8 1 1023.98228797
32 4 32 1 1837.54217947
4 8 16 0 1033.21211203
8 16 2 1 1514.52732095
2 8 1 1 739.358923505
2 8 8 0 782.241115291
2 16 4 0 687.362514635
32 8 32 0 2494.14939511
2 16 16 0 746.915826983
2 16 32 0 627.378743924
4 8 4 0 1108.51239865
32 4 8 0 2386.43540389
1 16 32 1 611.58079128
16 4 32 1 2042.06674495
8 8 32 0 1352.88226507
8 16 8 1 1623.76819389
16 8 8 0 2117.93710754
16 8 16 1 2054.56106589
4 8 2 1 1221.45859868
8 8 4 1 1447.69066777
16 8 1 0 1726.11613492
32 4 2 0 2396.6388786
1 16 32 0 1506.29812774
32 4 8 1 2708.4758874
2 8 8 1 697.253515484
4 32 8 0 1136.72741868
4 1 8 1 1156.23327863
1 1 16 1 678.676930523
1 32 2 1 1173.69998996
2 1 16 0 782.416362568
16 32 32 1 1805.59417889
1 32 8 1 980.660669457
2 1 4 1 933.783965129
1 32 4 0 1296.17789126
2 1 8 1 933.071667261
8 16 16 0 1542.30050301
1 32 32 1 1086.40915846
32 16 32 1 1054.19041397
8 16 32 1 1622.08561502
1 32 8 0 1304.66899175
16 32 2 0 2009.90741027
2 32 16 1 730.33618944
16 16 32 0 2026.01218672
1 32 1 0 532.504453374
16 16 1 1 1866.08340314
32 32 16 0 2121.27665549
8 32 8 1 1524.35503317
8 32 1 0 1470.73520225
4 32 4 0 1170.78948551
4 1 2 1 1296.9409667
32 16 1 1 2385.6443072
8 32 2 0 1498.21523167
16 16 16 1 1807.56978844
2 32 2 0 678.130955132
32 32 16 1 2279.55070527
8 1 2 1 1781.73216985
8 32 8 0 1557.04406966
4 1 16 1 958.238827224
16 16 4 1 1833.83371273
1 32 1 1 942.213262579
32 32 8 1 2310.88098065
32 32 2 1 2125.59417618
16 16 8 0 2005.28985611
8 1 1 0 1477.15328654
32 16 16 0 1531.66893911
32 16 4 0 2516.18760129
32 16 32 0 1531.66552722
32 16 8 1 2341.13390946
4 1 1 0 1313.52693892
32 16 1 0 2364.86810912
1 1 1 1 413.172056724
1 32 16 0 1061.23259898
2 32 4 0 720.604053101
1 1 2 1 1410.69253705
2 32 1 0 656.732427073
8 1 1 1 1757.33699252
32 32 4 0 2448.81321922
8 32 16 1 1409.14158406
8 16 32 0 1502.25442267
4 32 2 0 1208.34467466
32 32 2 0 2401.11376546
2 32 32 0 828.701540581
4 1 2 0 1325.61558639
16 16 32 1 1958.80143755
1 1 32 1 1393.97817916
4 1 4 1 1428.22007044
8 32 32 0 1528.70641544
2 32 8 1 706.237543254
16 32 32 0 1877.77671286
2 1 32 1 795.7555802
32 16 2 0 2267.43916634
2 1 8 0 889.335640797
16 32 2 1 2108.21875342
4 32 1 1 1008.96192194
2 32 4 1 684.582742204
1 1 2 0 1503.78683936
16 16 1 0 2090.93294417
32 32 4 1 2502.26720117
2 1 2 1 893.984514753
4 32 2 1 1068.53571952
8 32 2 1 1333.16883203
32 16 2 1 2448.04709975
32 16 8 0 2139.73202744
32 32 1 1 2502.73827015
1 32 32 0 1243.99099515
1 32 16 1 832.906474071
32 32 8 0 2480.06832437
4 32 1 0 1103.00184022
2 1 1 1 954.647541611
1 1 32 0 1429.79148215
4 1 1 1 1439.84329141
1 32 2 0 1245.23968504
32 16 4 1 2550.50378229
32 32 32 1 1953.86904354
2 32 1 1 710.676400386
32 16 16 1 1828.29997031
4 1 32 1 1125.71774546
1 1 1 0 856.149110094
4 32 32 0 1145.14584497
4 1 32 0 1002.16439136
16 32 1 1 1919.74619756
16 32 1 0 1855.7045132
2 1 16 1 824.45239354
16 32 8 1 2112.79275247
4 32 16 0 1061.26077964
1 1 8 1 1340.54528221
4 1 16 0 1033.77045182
16 32 16 0 1952.43097284
2 32 16 0 681.581919908
4 32 16 1 1176.46126561
16 16 2 1 1957.15575921
4 32 32 1 1141.4234729
1 1 4 0 1382.80306454
4 1 8 0 1211.08292725
8 32 4 0 1485.28223899
2 1 32 0 805.250630413
16 32 16 1 1847.18957866
32 32 1 0 2530.91019118
2 32 2 1 757.496637107
4 32 8 1 1103.03076725
32 32 32 0 2350.29120806
8 32 1 1 242.632716451
16 32 8 0 1958.34728579
16 16 4 0 1891.57879855
1 1 8 0 1489.5722272
2 1 4 0 826.277209091
16 16 16 0 1762.29969336
2 32 8 0 667.476092346
1 1 16 0 1583.83501631
1 32 4 1 547.351719355
16 16 8 1 1982.13651018
2 32 32 1 704.819211295
2 1 2 0 854.228252293
4 32 4 1 865.456750611
8 32 4 1 1483.95104105
2 1 1 0 923.493471699
16 16 2 0 2004.25495238
8 32 32 1 1387.89525213
8 16 16 1 1660.89952784
1 1 4 1 443.005855468
4 1 4 0 1389.5190153
16 32 4 1 1901.89973943
16 32 4 0 1799.90998037
8 32 16 0 1592.068293
1 4 1 1 1609.78168582
4 2 32 0 1168.62807761
32 1 1 0 3025.83647028
4 4 2 0 1600.62349825
32 1 16 1 2027.75235111
16 2 16 0 2106.66069359
2 4 2 1 1265.86180964
16 1 16 0 1972.11892986
2 2 2 0 981.578555653
32 1 8 0 2008.89907332
16 2 1 0 2756.88120709
4 2 8 0 1259.4907472
4 2 4 1 1328.2923219
32 2 8 1 2411.75390226
16 2 16 1 2043.12578968
16 2 4 1 2683.51483583
16 1 4 1 2546.36219845
2 4 32 1 953.571332689
1 4 1 0 595.710419832
32 2 1 1 3426.23901249
1 2 2 1 1612.05969894
8 2 2 1 2010.55658825
32 2 16 1 2388.10605512
8 1 32 1 1272.53300447
2 4 16 0 1077.44763672
1 4 2 0 1328.66359088
16 1 4 0 2533.54847982
1 2 4 0 652.259755499
32 2 2 1 3339.10893095
1 2 16 1 1609.70583461
2 2 32 0 873.453480441
2 2 32 1 946.166576032
4 4 1 1 1403.56968943
1 4 32 0 1884.47525044
2 4 1 1 1053.66256386
16 1 1 0 1758.09370942
2 2 4 0 990.678763562
2 4 16 1 1008.55916406
16 2 8 1 2473.10188068
8 2 1 1 1927.09386832
2 4 32 0 1074.40217039
16 2 8 0 2818.81086863
8 2 1 0 2027.7474005
8 2 16 0 1451.44214562
1 4 8 1 1547.37253341
1 2 16 0 1609.79937156
2 2 2 1 1085.04346589
32 1 32 1 1601.38447557
16 1 16 1 1586.49643444
4 2 16 0 1335.258074
2 2 8 1 1013.12251295
32 1 32 0 1613.34546537
32 1 16 0 2405.88521901
16 1 8 1 1783.88210876
4 4 4 0 1533.61902086
2 4 4 1 890.774763179
2 4 1 0 1059.80920273
8 2 16 1 1851.41871135
32 1 1 1 2288.59084528
1 2 8 0 1381.19901048
8 2 4 0 2050.05680877
4 2 1 1 1532.02176006
4 2 16 1 1416.56092338
1 2 8 1 822.066822878
1 2 32 0 2055.11705538
8 1 16 0 542.048732215
32 2 8 0 2859.34859341
1 4 8 0 1511.5969192
8 2 8 0 1925.04682818
2 4 4 0 1102.10183338
16 1 32 0 1491.78022856
32 2 4 0 2850.01779371
32 2 32 1 1677.13730979
1 4 2 1 1079.50327812
1 4 4 0 557.09638602
4 4 1 0 1349.29087561
16 2 32 0 1726.65299001
1 2 32 1 1768.18143295
32 2 2 0 3273.259901
32 1 4 0 2881.35870038
1 2 4 1 1746.25902163
16 2 2 1 2474.83692082
32 2 32 0 1598.06376348
1 4 16 1 1355.7693343
8 2 8 1 1935.66465499
32 1 4 1 2846.3134451
8 1 8 1 1756.13681254
4 4 8 0 1649.15917622
4 2 2 0 1604.87640464
2 4 2 0 975.780828944
16 1 32 1 1517.12446574
8 1 16 1 1320.78958331
4 2 32 1 1074.78055285
8 2 4 1 2205.91396067
4 4 8 1 1617.98663415
4 2 1 0 1555.36339827
4 2 4 0 1358.02273875
1 4 32 1 713.131263377
2 2 16 0 970.544996056
32 1 8 1 2187.71525517
2 2 8 0 1028.94571673
16 2 4 0 2944.97476792
4 4 16 1 1320.70628046
8 1 8 0 1752.96648222
32 2 16 0 2249.94448602
32 2 4 1 3312.84123411
2 4 8 0 1032.64286776
16 1 2 1 1695.09183274
16 1 1 1 2483.19433803
1 2 1 0 458.884843804
8 1 4 0 1758.05725083
1 2 1 1 1845.25138449
2 4 8 1 1066.70506341
8 1 4 1 1825.86800861
4 4 2 1 1414.9179385
8 1 32 0 950.595607422
4 4 4 1 1555.3690218
1 4 4 1 1568.99894197
8 2 32 1 1303.55972615
32 1 2 1 2622.29580882
32 2 1 0 2609.02835126
16 2 1 1 2741.19973766
4 2 8 1 1495.60630072
4 2 2 1 1483.08717366
2 2 1 0 1001.30020357
16 1 2 0 2523.09488055
2 2 1 1 1100.09791303
16 1 8 0 2207.61266234
16 2 32 1 1353.60090819
1 4 16 0 551.661872016
1 2 2 0 1163.42843318
2 2 4 1 1056.57174644
8 2 32 0 1227.73341509
2 2 16 1 971.928551588
8 1 2 0 1954.61930743
8 2 2 0 1891.97740506
16 2 2 0 2572.06266147
32 1 2 0 2828.65025574
4 4 32 1 1183.49400811
1 8 16 0 1331.84887974
16 4 16 1 2007.74798243
32 8 8 0 2792.25650196
32 8 1 1 3510.34687537
2 8 32 1 1000.705262
8 4 16 0 1624.77724263
8 8 16 1 2106.47466892
2 16 2 1 1241.66750111
16 4 16 0 2430.62974571
1 8 32 1 1267.6962529
32 4 1 1 3438.74764213
8 8 4 1 2067.14578266
4 8 8 0 1669.37217742
32 4 32 1 1834.58105672
16 8 4 0 3079.03517672
1 16 4 0 1095.04304341
1 8 4 0 1008.19892493
8 8 32 0 1609.30073629
2 8 2 0 1276.89089991
4 8 1 1 1868.49837547
1 16 2 0 1607.15132291
1 16 1 1 553.630830648
4 8 2 1 1619.60983371
4 8 32 1 1408.76934628
1 8 8 0 654.604649374
8 4 32 0 1316.9965749
4 8 1 0 1582.12553351
4 8 32 0 1243.82592553
4 8 16 1 1633.22511284
1 16 4 1 1080.35192507
2 8 8 1 1185.36146592
1 8 8 1 1205.5118553
4 8 4 0 1554.84629388
8 8 1 0 2249.00293039
2 8 1 1 1346.57204963
8 4 1 1 1960.53653467
32 8 4 1 3444.23016091
16 4 8 1 2277.01753402
8 8 2 1 2179.52189207
8 4 8 1 2110.62595387
8 8 4 0 2222.17274267
16 8 2 0 3036.47462744
16 4 4 0 3166.14091353
1 8 1 0 1435.05640366
32 8 32 1 2029.17869339
1 16 16 0 1023.36531387
16 8 1 1 2776.31782846
8 4 16 1 1260.03501349
32 4 32 0 1790.17568643
16 4 8 0 2113.25330144
8 8 2 0 2023.56237972
1 16 16 1 805.736187727
2 16 4 0 1039.29243169
16 4 1 0 2251.56432779
4 8 2 0 686.721929549
2 8 4 1 1200.48462302
4 4 32 0 1248.51240092
8 8 1 1 2169.40602712
16 8 2 1 2534.17670095
2 8 16 1 1304.89879893
32 8 16 1 2524.03081958
1 16 32 1 314.637059159
32 4 4 0 2943.48904966
16 8 8 1 2363.33745636
32 4 8 0 3002.37258836
16 8 32 0 1797.78117955
8 4 1 0 1976.6051274
16 8 1 0 2760.77694878
1 8 1 1 1258.72051867
16 4 32 1 1406.75099411
16 8 16 0 1988.59371779
2 8 1 0 1133.3655561
2 16 32 0 921.347082271
2 16 2 0 919.868063287
4 8 16 0 1637.78885348
16 8 8 0 2820.3941945
1 8 32 0 1331.70210351
32 4 2 0 3437.18245095
2 16 1 1 1021.32508083
8 4 2 0 1947.61341197
8 4 32 1 1228.71324933
4 8 8 1 1575.63168905
32 4 2 1 3425.0962872
32 4 4 1 2821.90995329
1 16 32 0 350.226029638
1 16 2 1 748.270648796
8 8 32 1 1761.70803943
2 8 16 0 777.658441572
2 16 8 0 1024.79529032
32 4 1 0 3837.89477887
2 16 32 1 1155.31961369
1 16 1 0 1817.26540084
2 8 8 0 1065.60408019
32 8 4 0 3434.55371341
32 8 2 1 3882.94179562
8 8 8 1 2023.90393844
8 4 4 1 1991.62761335
16 4 2 1 2779.37818611
32 8 1 0 3529.8627104
1 8 2 0 578.773738779
4 4 16 0 1477.77606179
2 16 1 0 908.396813158
16 8 4 1 3017.90404934
2 16 4 1 1137.45479617
4 8 4 1 1800.21875288
32 8 32 0 2036.42927067
16 8 32 1 1905.61846323
8 8 16 0 1962.72267872
16 4 32 0 1867.36527069
2 8 2 1 1172.42176425
2 16 16 0 1253.16391223
4 16 1 1 1426.78228002
16 4 2 0 2835.89190293
32 4 16 1 2634.48788814
1 16 8 0 1890.54746643
2 16 8 1 1110.84350642
8 4 8 0 1908.90258836
4 16 1 0 1721.55421951
32 8 2 0 3554.38223144
32 4 8 1 3043.29389669
1 8 16 1 853.006487982
2 16 16 1 822.835340692
1 8 2 1 1053.53825892
4 16 2 1 1401.23424346
16 4 4 1 2500.26837151
16 8 16 1 2106.37316668
32 8 8 1 3061.11818382
1 16 8 1 526.376102787
8 8 8 0 2320.1369544
8 4 4 0 2112.00372055
16 4 1 1 2232.79050989
2 8 32 0 1074.20585379
1 8 4 1 1813.45065305
2 8 4 0 1175.33645178
8 4 2 1 1973.98752102
32 8 16 0 1929.9349068
32 4 16 0 2624.33574268
