32 32 8 0 2778.6302162
8 32 16 1 1715.00835606
16 32 1 1 2574.57385468
4 16 8 0 1448.36287429
32 1 8 0 2895.98324417
16 2 4 1 1710.11575396
1 4 2 0 837.645316841
16 2 1 0 1999.61101434
8 1 8 0 1895.17024924
16 1 32 1 2291.19134798
16 2 16 0 2251.68459375
32 1 4 0 2681.2753238
8 2 2 1 1707.15771651
4 2 32 0 1381.65135083
1 4 2 1 1311.7132343
8 1 32 1 1863.52671158
4 2 4 1 1328.3860824
16 2 4 0 1882.3167136
1 4 8 1 1367.12676922
4 2 32 1 1210.93873245
16 1 8 1 2409.31543036
8 2 1 0 1584.59092258
32 2 2 1 2612.12183249
16 2 32 0 1767.84172891
8 1 2 1 1827.17795637
1 2 2 0 1352.56049608
16 1 32 0 2635.23851479
1 4 8 0 1292.68084828
32 2 32 0 2268.96056443
2 2 1 0 949.315547595
2 2 4 0 750.538010932
8 2 16 1 1585.97920144
16 1 4 1 1625.70392702
32 1 1 1 2994.59098735
1 4 1 0 1070.2169142
16 2 32 1 1800.8882438
32 2 32 1 2594.89287298
2 2 16 0 790.102305607
1 4 1 1 808.22444259
4 1 8 0 1536.47618218
2 1 8 1 794.994488608
4 1 2 1 1436.64006286
4 1 16 1 1506.20385941
32 1 2 0 2502.08923403
32 2 16 0 2300.43391858
4 2 2 1 1188.79339379
8 2 8 0 1593.83861999
2 1 16 1 917.380500241
4 1 1 1 1157.0549042
2 1 8 0 796.499604615
16 1 16 1 1819.22830094
8 1 32 0 1725.74370461
16 2 8 1 2245.01889555
1 2 16 0 926.247561865
2 1 16 0 951.97841796
8 2 32 1 1583.00089856
2 1 32 1 744.03610639
16 2 16 1 2070.0535198
1 2 32 0 1186.1842234
4 2 8 0 1092.70961541
1 2 2 1 1417.78454704
4 2 8 1 1180.40723266
32 2 2 0 3139.80403028
32 2 4 1 2756.0729442
1 2 4 0 1338.79867516
16 1 2 0 2372.76844924
1 2 32 1 1506.74654725
4 1 2 0 1291.61270656
2 2 8 0 738.366632232
2 2 32 1 825.374578199
1 2 4 1 1077.95437393
4 2 16 1 1239.60097236
2 2 8 1 808.950741541
8 1 2 0 1936.26545975
8 1 1 1 1767.15031001
16 1 4 0 2495.5556442
8 2 16 0 1541.50834742
4 1 16 0 1461.98714832
2 1 4 0 945.843737655
8 2 1 1 1500.88862728
2 2 32 0 720.211543811
2 1 4 1 916.313192016
8 1 4 1 1989.32552485
1 2 8 0 1300.05792877
8 1 8 1 1932.85942596
32 1 32 1 2650.46325304
1 2 1 1 978.759483321
32 1 1 0 3113.55024636
16 1 1 0 2303.41130637
1 4 16 0 1303.9594513
8 2 2 0 1722.91411817
16 2 1 1 2094.17230869
2 2 2 1 986.509852099
32 1 16 1 2602.58848967
8 2 8 1 1733.66963727
2 2 4 1 851.409690669
4 2 2 0 1011.32378871
4 1 4 1 1324.40498985
1 2 16 1 1389.4184065
32 1 16 0 2839.5585089
16 1 2 1 2347.40582608
4 2 4 0 1037.43817466
4 2 16 0 1021.64111862
2 2 2 0 737.94686314
32 2 4 0 2567.36081645
32 2 8 1 2619.28316331
4 1 4 0 1512.06312718
8 2 4 0 1587.67880461
1 2 8 1 955.633737758
32 1 32 0 2541.20413747
2 2 16 1 857.13701845
32 2 8 0 2650.94926211
8 2 32 0 1568.83589472
32 1 2 1 2820.76682571
16 1 16 0 2101.7160701
16 2 2 0 1967.39145392
4 1 8 1 1215.16127754
2 1 2 0 931.824970141
32 1 4 1 2756.43568912
4 1 1 0 1366.95941911
16 2 8 0 2167.95131471
1 4 4 0 1247.19178359
32 2 1 0 2460.26645696
4 1 32 1 1364.94898961
32 2 16 1 2574.66228453
1 4 16 1 1402.42616472
8 2 4 1 1568.11655693
8 1 16 1 1861.49139927
16 1 1 1 1732.8742687
4 2 1 0 1202.32925822
4 2 1 1 1251.33152199
16 2 2 1 2088.45991134
8 1 4 0 2056.27673749
16 1 8 0 2282.15507833
4 1 32 0 1423.31900039
8 1 16 0 1801.75806591
32 2 1 1 2923.35975521
2 1 32 0 963.097387668
1 4 4 1 1275.94188828
1 2 1 0 1039.66562282
8 1 1 0 1885.61187715
2 2 1 1 909.697349737
32 1 8 1 2500.73677999
4 8 1 1 1090.80965406
4 8 8 0 1070.01629054
1 8 16 1 1499.12890695
16 4 8 0 2020.23636305
8 4 8 0 1599.20721868
32 4 2 1 2636.49796981
8 4 16 1 1645.23372914
4 4 32 1 1181.32543316
2 8 16 1 718.968091936
2 4 16 0 401.194129333
16 8 4 0 2218.12449212
1 8 8 1 1341.8247363
32 4 32 0 2412.18346334
4 4 1 1 1105.93689778
32 8 16 1 2287.5745235
4 4 32 0 1091.49722519
4 4 4 0 1188.50608119
32 8 2 0 2588.04830289
2 4 1 1 669.634766063
4 4 8 0 1105.75893001
2 8 32 0 769.937930735
2 8 2 0 806.93041498
4 8 32 0 1164.75798364
4 4 2 1 1020.50027868
1 16 1 0 1057.04548433
2 8 32 1 827.69382514
1 4 32 0 1096.52087076
1 16 2 1 1278.8696893
8 4 32 1 1572.33417748
8 8 4 0 1471.64115217
4 8 1 0 1085.11506248
8 4 8 1 1598.19037534
16 8 4 1 1986.77727553
32 4 4 0 2541.07562372
1 8 2 0 1380.54339046
1 16 1 1 993.463319429
32 8 2 1 2277.82762158
2 4 4 1 789.304512415
2 4 32 1 750.266977277
8 8 32 1 1576.03990241
4 4 1 0 1240.74497549
4 8 2 0 1106.15244404
2 8 1 0 739.67300719
32 4 1 0 2590.9331013
32 4 4 1 2477.96906564
8 8 1 1 1511.33340036
16 8 2 1 2042.79195174
32 4 1 1 2436.69540772
1 8 4 0 1378.68855791
16 4 16 0 1917.23503108
32 8 16 0 2415.02482048
8 8 16 0 1610.01440713
8 8 1 0 1513.81514266
16 4 4 0 1999.16680633
32 8 4 1 2596.2751494
32 8 1 1 2773.91298228
2 8 4 0 715.914711855
4 8 32 1 1035.706554
1 8 16 0 1364.96619108
8 8 16 1 1406.21490635
2 4 1 0 637.729439895
1 8 4 1 1204.60767848
4 4 2 0 1052.48097038
1 8 32 1 1225.13530948
16 8 32 0 2002.58886312
16 4 16 1 2065.17886497
1 8 1 1 914.593498532
8 8 2 0 1471.32113959
8 4 16 0 1648.70556904
1 8 2 1 1180.89117245
2 8 2 1 752.979814688
32 4 16 1 2534.12516043
16 8 1 1 2064.03522647
16 4 8 1 2033.4576623
1 8 32 0 1162.82951305
1 8 1 0 1064.02191554
32 8 4 0 2334.04294243
8 8 8 1 1531.85681215
8 4 2 0 1506.90780976
1 8 8 0 1178.67666075
1 16 2 0 1177.23005835
4 4 8 1 1289.63578108
16 8 2 0 2087.6274976
2 4 2 0 770.695081416
16 4 2 1 2068.57546669
16 4 4 1 2135.18298906
32 8 8 1 2601.12665121
32 4 16 0 2534.13610756
4 8 4 1 1145.09218121
4 8 16 1 1184.67464958
8 8 8 0 1667.00832967
8 4 4 1 1557.37930283
16 8 32 1 1959.8700263
32 8 1 0 2758.99835942
8 8 2 1 1530.32562186
2 4 4 0 731.585537309
2 4 8 0 786.858745151
8 4 2 1 1663.75331565
16 4 32 0 1846.80143644
2 8 4 1 726.633830975
2 4 16 1 706.944279468
8 4 1 0 1452.11895
2 4 2 1 690.098817484
16 8 16 0 2036.76668563
32 8 8 0 2634.50661869
16 8 8 1 2048.08777794
4 4 16 1 1168.53083153
4 8 8 1 1093.75796604
16 4 2 0 2105.12458465
32 8 32 1 2335.892388
8 4 32 0 1698.64974539
8 4 1 1 1478.71500581
2 8 16 0 722.684299409
4 4 4 1 1022.66576575
4 4 16 0 1121.1511247
32 4 32 1 2178.71262238
4 8 16 0 1185.42726399
1 4 32 1 1047.99831599
2 8 1 1 756.932383878
2 8 8 0 700.587481392
32 8 32 0 2108.02498554
2 4 32 0 774.020895682
4 8 4 0 1059.49793068
32 4 8 0 2737.15424948
16 4 32 1 2016.01583457
2 4 8 1 777.961714915
8 8 32 0 1483.02382
16 8 8 0 2125.80847998
16 8 16 1 2048.07245188
16 4 1 1 2041.32379749
8 4 4 0 1614.57589464
4 8 2 1 913.186622541
8 8 4 1 1525.33217775
16 8 1 0 2126.82925797
32 4 2 0 2688.76335654
16 4 1 0 2061.86650111
32 4 8 1 2379.2862485
2 8 8 1 702.827585705
4 32 8 0 1274.50130265
4 16 1 1 1141.01227459
1 32 2 1 712.540656805
4 16 8 1 1136.99521725
16 32 32 1 1804.23523818
4 16 32 1 1074.04196071
1 32 8 1 1328.38109699
1 32 4 0 1006.3920632
8 16 16 0 1485.61923326
1 32 32 1 1264.11725322
32 16 32 1 2201.28839177
8 16 32 1 1661.45804702
1 32 8 0 1293.36729618
16 32 2 0 1964.03682244
2 32 16 1 738.386500375
16 16 32 0 1989.91822734
1 16 16 0 1055.07648288
1 32 1 0 1003.99186268
16 16 1 1 1951.70019834
32 32 16 0 2288.65604538
4 16 16 0 1164.58649134
8 32 8 1 1471.80902213
4 16 1 0 1193.94068384
2 16 8 1 805.121211663
8 32 1 0 1548.27973046
4 32 4 0 1114.22467361
2 16 2 0 776.261023702
32 16 1 1 2443.82029999
8 32 2 0 1622.76757015
16 16 16 1 2055.20924619
2 32 2 0 765.991207592
32 32 16 1 2449.32723563
8 16 8 0 1649.97001624
4 16 8 0 1204.17430193
4 16 2 1 1034.46047945
8 32 8 0 1630.16270904
16 16 4 1 2074.88270024
1 32 1 1 1015.50143469
32 32 8 1 2522.32870277
32 32 2 1 2714.03619473
16 16 8 0 1893.34549249
32 16 16 0 2386.32118454
8 16 1 1 1646.84568206
2 16 2 1 759.712254117
32 16 4 0 2647.82959449
32 16 32 0 2503.56803652
32 16 8 1 2406.74767292
8 16 4 0 1530.53219603
32 16 1 0 2366.83903419
1 32 16 0 1050.33240189
2 32 4 0 793.115136918
2 32 1 0 772.654285911
32 32 4 0 2571.46386737
4 16 4 1 1078.23982466
8 32 16 1 1720.11315917
8 16 32 0 1685.72466295
1 16 8 0 1453.34055818
4 16 32 0 1140.95115306
4 32 2 0 1013.4734474
32 32 2 0 2455.16256671
2 32 32 0 743.540091796
16 16 32 1 1894.630134
8 16 2 0 1522.1725015
8 32 32 0 1451.66968032
2 32 8 1 753.127622535
16 32 32 0 2089.55918772
32 16 2 0 2739.0011497
16 32 2 1 2056.11860559
4 32 1 1 1118.05662095
2 32 4 1 876.70241055
1 16 4 1 1302.46334507
4 16 2 0 1135.86560121
4 16 4 0 1049.27961408
16 16 1 0 2053.6081628
32 32 4 1 2570.43403034
1 16 4 0 1350.39939457
4 32 2 1 1070.45580447
2 16 4 1 734.266263567
8 32 2 1 1591.84178471
32 16 2 1 2404.59756599
32 16 8 0 2566.49997149
32 32 1 1 2483.85648186
1 32 32 0 1038.39671836
8 16 1 0 1597.7543681
1 32 16 1 1127.30463973
32 32 8 0 2405.21600227
2 16 32 1 726.580246513
4 32 1 0 1112.32972774
1 32 2 0 1388.30007298
32 16 4 1 2362.56928691
32 32 32 1 2245.29034984
2 32 1 1 731.739310806
32 16 16 1 2310.69316944
2 16 16 1 789.385233918
4 32 32 0 1067.65185038
4 16 16 1 1196.80573233
16 32 1 1 1838.65211687
16 32 1 0 1901.51955952
16 32 8 1 1876.16510973
4 32 16 0 975.041225269
16 32 16 0 1940.59180874
2 32 16 0 758.40233576
4 32 16 1 1033.74472565
16 16 2 1 1920.58738312
4 32 32 1 1062.86960886
8 32 4 0 1530.62878025
8 16 4 1 1554.92116515
16 32 16 1 1846.08448673
32 32 1 0 2610.66624852
2 32 2 1 738.89642179
2 16 8 0 697.733474504
4 32 8 1 1058.04972145
1 16 16 1 1086.0093389
2 16 1 1 675.233309466
32 32 32 0 2335.6611771
8 32 1 1 1410.06914778
2 16 1 0 773.214249823
16 32 8 0 2080.20148113
16 16 4 0 2083.49404328
1 16 8 1 1194.28097332
16 16 16 0 2071.93842914
8 16 2 1 1451.97679004
2 32 8 0 790.802979156
2 16 4 0 650.052598822
2 16 16 0 819.877409352
2 16 32 0 781.500385608
1 32 4 1 1337.67772612
16 16 8 1 1768.5815455
2 32 32 1 749.799417874
4 32 4 1 1164.20141404
1 16 32 1 1269.08080801
8 16 8 1 1505.30182805
8 32 4 1 1512.59344974
16 16 2 0 2150.50771995
8 32 32 1 1457.85989594
8 16 16 1 1485.76083408
1 16 32 0 1430.33878133
16 32 4 1 2081.03262846
16 32 4 0 2031.98224152
8 32 16 0 1432.28656602
4 1 8 1 1446.13863515
1 1 16 1 1280.62101454
2 1 16 0 876.899798733
4 2 32 0 1362.56023923
2 1 4 1 861.774457656
32 1 1 0 2241.67594181
2 1 8 1 813.502204983
32 1 16 1 2296.05952962
16 1 16 0 1970.39284887
2 2 2 0 1045.66799758
32 1 8 0 2776.012664
16 2 1 0 2539.24303098
4 2 8 0 1502.41651216
4 2 4 1 1381.89800969
16 2 16 1 2319.69147116
16 2 4 1 2619.87221483
16 1 4 1 2394.0025479
1 2 2 1 2134.90154758
8 2 2 1 2092.70063998
8 1 32 1 1766.30675191
4 1 2 1 1268.20676709
16 1 4 0 1891.79943772
8 1 2 1 1480.77444584
1 2 4 0 1877.37476366
4 1 16 1 1293.31508132
1 2 16 1 1302.76384646
2 2 32 0 1067.40106128
2 2 32 1 970.901843937
16 1 1 0 1876.9128943
2 2 4 0 1015.26850681
8 1 1 0 1949.38063188
16 2 8 1 2677.82768029
8 2 1 1 1602.35253534
16 2 8 0 2153.89185358
8 2 1 0 2142.71598529
4 1 1 0 1511.84522408
8 2 16 0 1763.40106041
1 2 16 0 1939.27879803
2 2 2 1 1015.12130912
32 1 32 1 1630.21815485
1 1 1 1 729.991488708
16 1 16 1 2021.76402072
1 1 2 1 1308.56865683
4 2 16 0 1355.64027435
8 1 1 1 2024.89338081
2 2 8 1 1135.86345148
32 1 32 0 1464.65771697
32 1 16 0 2189.95539926
16 1 8 1 1983.38157021
4 1 2 0 1429.27686461
8 2 16 1 1920.39031572
32 1 1 1 3060.88183611
1 1 32 1 1394.0964782
1 2 8 0 1654.02014847
8 2 4 0 2111.73267485
4 1 4 1 1374.35211769
4 2 1 1 1574.35815094
4 2 16 1 1425.12546397
1 2 8 1 2194.90595443
2 1 32 1 946.432313141
2 1 8 0 853.717471426
1 2 32 0 1405.01903665
8 1 16 0 1577.65544669
8 2 8 0 2157.10374504
16 1 32 0 1948.1644176
1 1 2 0 1177.57140278
2 1 2 1 965.411341725
1 2 32 1 2158.35615983
32 1 4 0 2792.33039412
1 2 4 1 1376.9516268
16 2 2 1 2598.33291713
2 1 1 1 990.882754757
1 1 32 0 1631.205905
4 1 1 1 1345.30447024
8 2 8 1 2035.49920178
32 1 4 1 2352.78586412
8 1 8 1 1687.20434742
4 2 2 0 1437.84042052
4 1 32 1 1334.52061901
16 1 32 1 1705.96892243
8 1 16 1 1544.19385472
1 1 1 0 1492.32414929
4 2 32 1 1466.33166621
8 2 4 1 1974.11427153
4 2 1 0 1472.13942174
4 2 4 0 1599.87607434
4 1 32 0 1201.44726623
2 2 16 0 1103.59391803
32 1 8 1 2807.58325476
2 2 8 0 1000.34635782
16 2 4 0 2756.35594254
8 1 8 0 1515.06598728
2 1 16 1 960.04156994
16 1 2 1 1921.08469976
1 1 8 1 1395.32006291
4 1 16 0 1352.01705284
16 1 1 1 1982.1312145
1 2 1 0 1658.58929282
8 1 4 0 1951.87545788
1 2 1 1 1522.12060404
8 1 4 1 1940.57598681
1 1 4 0 1585.63277349
4 1 8 0 1286.45942215
2 1 32 0 967.638279349
8 1 32 0 1622.43632553
8 2 32 1 1443.62946532
32 1 2 1 2585.26400089
16 2 1 1 2749.71466168
4 2 8 1 1317.70878157
1 1 8 0 1549.72496071
4 2 2 1 1377.60297344
2 1 4 0 796.643704851
2 2 1 0 1037.5702715
16 1 2 0 1822.27775122
1 1 16 0 1558.28441837
2 2 1 1 1036.00124066
16 1 8 0 2219.34262947
2 1 2 0 853.476750326
1 2 2 0 1349.05779285
2 2 4 1 1139.20256257
8 2 32 0 1747.48284552
2 2 16 1 1018.74415305
2 1 1 0 873.469178185
8 1 2 0 1796.14170626
8 2 2 0 1972.90642519
16 2 2 0 2649.54849734
1 1 4 1 1619.20276749
4 1 4 0 1285.52429507
32 1 2 0 3052.30637318
4 4 32 1 1349.74235186
1 8 16 0 1972.1044414
16 4 16 1 2709.21134174
1 4 1 1 1283.97906208
2 8 32 1 1192.05206331
8 4 16 0 1859.83713959
8 8 16 1 2164.06002098
4 4 2 0 1608.32910662
16 4 16 0 2640.95637427
1 8 32 1 1950.18307422
16 2 16 0 2078.10971487
32 4 1 1 3262.61314623
2 4 2 1 1243.12561122
8 8 4 1 2170.03069616
4 8 8 0 1696.85564514
32 4 32 1 1969.98312766
1 8 4 0 1912.32058864
32 2 8 1 2670.3984701
2 4 32 1 915.34572282
1 4 1 0 1591.16318401
8 8 32 0 1652.04602955
32 2 1 1 3331.68058945
2 8 2 0 1185.58815136
4 8 1 1 1624.19252026
32 2 16 1 2558.57027884
4 8 2 1 1663.09498621
4 8 32 1 1641.78818433
1 8 8 0 1382.28873884
8 4 32 0 1981.82069786
4 8 1 0 1572.67307794
4 8 32 0 1677.66458261
4 8 16 1 1423.6416569
2 4 16 0 1079.47566203
1 4 2 0 2070.31655501
2 8 8 1 1214.93596396
1 8 8 1 1923.72374523
32 2 2 1 2526.01640186
4 8 4 0 1748.54404908
8 8 1 0 1813.45914057
2 8 1 1 1117.19516734
8 4 1 1 1939.73462397
4 4 1 1 1558.14973993
1 4 32 0 1330.16388481
16 4 8 1 2625.60736244
2 4 1 1 1084.51476254
8 8 2 1 2300.75567389
8 4 8 1 2025.29015236
2 4 16 1 998.065228605
8 8 4 0 2106.77365222
16 4 4 0 3030.14297473
2 4 32 0 1265.45708864
1 8 1 0 1018.62450528
8 4 16 1 2146.86991547
32 4 32 0 1678.77411126
16 4 8 0 2834.88436648
8 8 2 0 2090.74389804
1 4 8 1 2017.39067487
16 4 1 0 3138.26504668
4 8 2 0 1779.22635698
2 8 4 1 1213.17341817
4 4 32 0 1347.85164632
8 8 1 1 2150.90022229
2 8 16 1 1139.49122682
4 4 4 0 1693.61837929
2 4 4 1 1128.98220654
2 4 1 0 997.151040818
32 4 4 0 3009.62623038
32 4 8 0 3154.65494277
8 4 1 0 2139.72841685
1 8 1 1 1195.81369947
16 4 32 1 1991.9204701
2 8 1 0 1172.14300388
32 2 8 0 1977.02550576
1 4 8 0 2117.1756312
2 4 4 0 1050.41184644
32 2 4 0 3181.24126622
32 2 32 1 1848.95709767
1 4 2 1 1365.98304083
1 4 4 0 1526.50497312
4 8 16 0 1581.22836715
1 8 32 0 1268.13503551
4 4 1 0 1577.03119166
32 4 2 0 3760.25196501
16 2 32 0 1808.67573538
8 4 2 0 2301.31161952
32 2 2 0 3443.50959357
8 4 32 1 1741.16827153
4 8 8 1 1689.96905376
32 4 2 1 3168.4627761
32 4 4 1 3067.35849688
32 2 32 0 1761.30039853
1 4 16 1 1511.97212549
8 8 32 1 1945.17544603
2 8 16 0 1174.19005908
32 4 1 0 3586.32435257
4 4 8 0 1495.95078683
2 4 2 0 1167.99896408
2 8 8 0 1194.82865075
4 4 8 1 1594.44970417
1 4 32 1 2186.46405059
8 8 8 1 2049.37967559
8 4 4 1 2127.68787988
16 4 2 1 2734.29569694
1 8 2 0 1540.73904038
4 4 16 1 1578.33367788
32 2 16 0 2409.7300136
32 2 4 1 3173.89500241
2 4 8 0 1071.82119496
4 4 16 0 1507.51407744
2 4 8 1 1157.21149902
4 8 4 1 1404.84248052
4 4 2 1 1412.52411537
8 8 16 0 1845.67745569
16 4 32 0 1979.33546255
2 8 2 1 1204.14683871
4 4 4 1 1439.07902759
1 4 4 1 1496.22833675
32 2 1 0 2485.53429375
16 4 2 0 2764.30043958
32 4 16 1 2525.54911065
8 4 8 0 1644.28582292
16 2 32 1 1971.69004578
32 4 8 1 3170.04142769
1 4 16 0 1527.67693551
1 8 16 1 1018.20162752
1 8 2 1 1877.41131799
16 4 4 1 2848.10922286
8 8 8 0 2328.22249136
8 4 4 0 2036.15935842
16 4 1 1 2998.64938998
2 8 32 0 1232.73401943
1 8 4 1 1417.6845827
2 8 4 0 1133.76039133
8 4 2 1 2241.04611001
32 4 16 0 2654.19358444
32 16 2 0 3477.61372245
2 32 4 1 1094.23555942
32 8 8 0 3292.57499852
32 8 1 1 3156.1987239
2 16 2 1 1072.44976159
32 16 16 0 2341.51992485
16 16 2 0 2667.923964
16 8 4 0 2605.71807044
2 32 1 0 1235.83417604
1 16 4 0 1474.75580506
2 32 2 1 1047.22306951
4 16 32 1 1592.58929194
4 32 16 0 1534.27468482
16 16 32 1 1779.06587448
8 16 32 0 1899.03732957
32 16 8 1 2787.82530031
16 16 16 0 2300.59647601
4 32 8 0 1782.4866769
1 16 2 0 1410.92411378
1 16 1 1 1552.36032732
8 16 2 0 2127.78656235
8 16 8 1 1690.50415449
4 32 32 1 1471.16998549
16 16 32 0 1918.16732707
1 16 4 1 1252.45476664
32 16 1 1 3403.3796345
1 32 32 0 1713.05277457
4 32 4 0 1564.94907343
4 16 32 0 1338.45103002
32 8 4 1 3418.01189304
16 8 2 0 2689.36198901
1 32 8 1 1005.04700131
32 8 32 1 1951.62583553
1 16 16 0 1216.61535548
32 16 4 1 3072.62339377
4 32 2 0 1617.45537617
2 32 16 0 1220.52131214
16 8 1 1 2731.86523416
32 16 1 0 3573.01958742
4 32 1 0 1547.7971692
1 32 2 1 683.147325953
1 16 16 1 2016.26089868
16 16 8 0 2600.18717616
2 16 4 0 1102.12940297
8 32 8 1 2033.30865957
4 16 16 1 1723.4329207
32 16 2 1 3500.17854699
16 8 2 1 2649.32059811
1 32 2 0 1634.12485852
32 8 16 1 2600.28268699
4 32 1 1 1717.2980204
1 16 32 1 1088.68102332
16 8 8 1 2708.02574685
16 8 32 0 1813.58542377
16 8 1 0 2649.53816216
16 16 4 1 2686.01453391
1 32 16 0 1534.70829178
16 8 16 0 2283.90335641
2 16 32 0 1229.86837358
1 32 1 0 1549.30918148
4 16 2 0 1600.65982795
1 32 1 1 1790.59680446
2 16 2 0 1197.05086044
2 32 8 1 1162.75881518
16 8 8 0 2896.3665907
2 16 1 1 1027.65641982
1 32 8 0 1674.02981003
2 32 4 0 1162.57814578
2 32 2 0 1122.375315
1 16 32 0 1826.28064189
32 16 8 0 2927.40946746
16 16 2 1 2890.73848872
8 16 4 0 2308.66604777
1 16 2 1 1454.26462585
4 32 8 1 1656.85955653
2 32 32 0 1150.87689844
8 32 2 1 1937.12369319
2 16 8 0 1233.58305651
32 16 16 1 2669.91027182
8 16 8 0 2019.37257671
2 16 32 1 1198.33589495
1 16 1 0 1822.24438109
2 32 8 0 1196.64369139
32 8 4 0 3215.9534861
32 8 2 1 3576.8917085
32 16 32 0 2084.78986355
32 8 1 0 3260.13565191
8 32 2 0 2207.96420607
8 32 4 1 2128.41435615
8 32 1 1 1958.54541693
2 16 1 0 1154.50731815
16 8 4 1 2700.65709166
2 16 4 1 915.35699444
8 16 16 1 1963.17376578
8 16 4 1 2388.18821842
32 8 32 0 1913.86343858
16 8 32 1 2026.31066096
16 16 8 1 2404.05448381
8 16 2 1 2084.1866569
16 16 16 1 2414.21536663
2 16 16 0 1167.53459518
2 32 16 1 1115.05049965
1 32 16 1 1668.20754067
4 16 1 1 1170.06589487
4 16 16 0 1558.57738744
8 16 1 0 2181.78644791
4 16 4 0 1626.36372954
4 16 4 1 1480.76491828
2 32 32 1 1176.16180027
8 16 1 1 1899.43258376
1 16 8 0 1916.41386311
1 32 4 1 1840.40968754
2 16 8 1 759.631733025
32 16 4 0 3005.95439769
16 16 1 0 2994.52423274
2 32 1 1 1100.99014379
4 16 1 0 1574.26093192
32 8 2 0 3768.00715311
4 32 32 0 1602.29882131
16 16 4 0 2835.69044379
2 16 16 1 1195.93518542
8 16 16 0 1942.16053587
8 32 1 0 2092.75013277
4 16 2 1 1768.77534804
4 16 8 1 1759.24358454
16 8 16 1 2481.8671383
32 16 32 1 2077.00464779
32 8 8 1 3281.14173499
4 32 4 1 1594.33550364
1 16 8 1 885.110058735
16 16 1 1 2830.49056522
8 16 32 1 1842.58253387
4 32 16 1 1623.4825451
8 32 4 0 2172.96025337
1 32 4 0 1684.42355822
1 32 32 1 1028.87544145
4 32 2 1 1592.65174574
32 8 16 0 2316.37992173
