1 1 2 0 765.766258704
1 1 4 1 1338.05108892
1 1 4 0 1076.49794185
1 1 8 1 1386.08094777
1 1 8 0 1490.08754892
1 1 16 1 1559.75614186
1 1 16 0 1051.91152759
1 1 32 1 201.271204898
1 1 32 0 1314.80031098
2 1 1 1 972.769162485
2 1 1 0 938.739907632
2 1 2 1 532.289290956
2 1 2 0 962.184434465
2 1 4 1 1172.13351607
2 1 4 0 1055.58574937
2 1 8 1 495.406766853
2 1 8 0 934.294532101
2 1 16 1 1104.97827949
2 1 16 0 901.57838624
2 1 32 1 989.64391894
2 1 32 0 868.825048235
4 1 1 1 1295.66361889
4 1 1 0 1042.26140125
4 1 2 1 1279.77062725
4 1 2 0 1106.35617494
4 1 4 1 1082.21226915
4 1 4 0 1112.55580022
4 1 8 1 1099.58190316
4 1 8 0 1124.40913781
4 1 16 1 1052.01729383
4 1 16 0 1071.83355864
4 1 32 1 1393.70089178
4 1 32 0 1335.1651744
8 1 1 1 1825.92551794
8 1 1 0 1945.40443549
8 1 2 1 1869.95812169
8 1 2 0 2035.67802621
8 1 4 1 1980.42599405
8 1 4 0 1720.40917063
8 1 8 1 1737.18334309
8 1 8 0 1920.41236935
8 1 16 1 1909.34463211
8 1 16 0 1602.61835921
8 1 32 1 1700.8223868
8 1 32 0 1898.17222046
16 1 1 1 2650.02915748
16 1 1 0 2719.96006746
16 1 2 1 2122.38259469
16 1 2 0 2497.40679115
16 1 4 1 2350.13795444
16 1 4 0 2744.46466396
16 1 8 1 2163.38338856
16 1 8 0 2544.46813532
16 1 16 1 1853.39552096
16 1 16 0 2303.22480216
16 1 32 1 2059.88508859
16 1 32 0 2256.61390067
32 1 1 1 2588.2909763
32 1 1 0 2727.95795946
32 1 2 1 3275.71153988
32 1 2 0 2335.25528669
32 1 4 1 2571.91920481
32 1 4 0 2663.21830451
32 1 8 1 2916.78794234
32 1 8 0 2902.36573551
32 1 16 1 2429.5650045
32 1 16 0 1944.93187516
32 1 32 1 2121.8447903
32 1 32 0 2306.43525197
1 2 1 1 1000.29591373
1 2 1 0 1056.89478046
1 2 2 1 1391.831666
1 2 2 0 409.512260621
1 2 4 1 1255.67989687
1 2 4 0 655.747271486
1 2 8 1 891.166228661
1 2 8 0 810.402909595
1 2 16 1 1453.014033
1 2 16 0 521.960008418
1 2 32 1 1146.23148532
1 2 32 0 1077.60800281
2 2 1 1 651.292419314
2 2 1 0 973.82770104
2 2 2 1 1039.36505782
2 2 2 0 834.445049982
2 2 4 1 1017.93697594
2 2 4 0 1137.26655713
2 2 8 1 1072.79057385
2 2 8 0 1017.30205639
2 2 16 1 954.230363159
2 2 16 0 944.234323027
2 2 32 1 737.976446851
2 2 32 0 665.545028665
4 2 1 1 1026.55619746
4 2 1 0 1008.52923032
4 2 2 1 1092.90925713
4 2 2 0 1382.85762587
4 2 4 1 1156.24128088
4 2 4 0 1266.52992844
4 2 8 1 1164.8076111
4 2 8 0 1238.47002907
4 2 16 1 1241.60311487
4 2 16 0 1306.02953074
4 2 32 1 1246.83929417
4 2 32 0 1098.35953741
8 2 1 1 1474.9214287
8 2 1 0 1515.65504264
8 2 2 1 1622.04430758
8 2 2 0 1487.91124829
8 2 4 1 1709.78256939
8 2 4 0 1610.44533725
8 2 8 1 1281.98703389
8 2 8 0 1597.33461239
8 2 16 1 1512.16813429
8 2 16 0 1410.58798799
8 2 32 1 1513.03222636
8 2 32 0 1427.81736079
16 2 1 1 1769.77790255
16 2 1 0 2244.46840699
16 2 2 1 2299.33515737
16 2 2 0 2346.24015743
16 2 4 1 2054.26836863
16 2 4 0 2177.23713424
16 2 8 1 1936.89739612
16 2 8 0 1902.89545425
16 2 16 1 2245.21105497
16 2 16 0 2150.70799835
16 2 32 1 2043.99874529
16 2 32 0 1907.84340976
32 2 1 1 2249.56956656
32 2 1 0 2740.60241704
32 2 2 1 2369.08248063
32 2 2 0 2419.46115563
32 2 4 1 2650.91219267
32 2 4 0 2841.90434665
32 2 8 1 2725.27693204
32 2 8 0 2635.78848021
32 2 16 1 2699.96804533
32 2 16 0 2375.51681582
32 2 32 1 2217.13132484
32 2 32 0 2128.88323942
1 4 1 1 447.122298921
1 4 1 0 1034.33555671
1 4 2 1 797.385311465
1 4 2 0 1235.35699085
1 4 4 1 1235.80024494
1 4 4 0 1385.80483278
1 4 8 1 408.713675385
1 4 8 0 1361.09196773
1 4 16 1 452.352854576
1 4 16 0 1284.00399931
1 4 32 1 670.730220557
2 4 1 1 235.15080265
2 4 1 0 503.704916464
2 4 2 1 299.417202681
2 4 2 0 725.739790574
2 4 4 1 804.183105059
2 4 4 0 1097.07160957
2 4 8 1 885.442403477
2 4 8 0 344.203001617
2 4 16 1 497.433305887
2 4 16 0 860.21353414
2 4 32 1 706.549536317
2 4 32 0 667.201639088
4 4 1 1 961.856845795
4 4 1 0 1172.16302173
4 4 2 1 859.759051053
4 4 2 0 1128.64228272
4 4 4 1 962.206844152
4 4 4 0 1124.65145589
4 4 8 1 1071.02513915
4 4 8 0 1101.53562917
4 4 16 1 1186.93386215
4 4 16 0 972.464421308
4 4 32 1 1069.36824704
4 4 32 0 1255.85170581
8 4 1 1 1478.11056005
8 4 1 0 1657.97350521
8 4 2 1 1508.84310474
8 4 2 0 1302.21822248
8 4 4 1 1412.28733237
8 4 4 0 1546.01718972
8 4 8 1 1340.71242999
8 4 8 0 1400.9766358
8 4 16 1 1483.39312925
8 4 16 0 1511.45520406
8 4 32 1 1699.84787895
8 4 32 0 1559.83089663
16 4 1 1 1940.48817978
16 4 1 0 1869.89386796
16 4 2 1 1855.00089922
16 4 2 0 2039.92955456
16 4 4 1 2218.89499827
16 4 4 0 1722.23951549
16 4 8 1 1853.60354425
16 4 8 0 453.295339933
16 4 16 1 1991.17336373
16 4 16 0 1319.80768779
16 4 32 1 1787.49194372
16 4 32 0 1240.39004933
32 4 1 1 2460.32548169
32 4 1 0 2659.49101743
32 4 2 1 1255.43933622
32 4 2 0 2443.04164811
32 4 4 1 2628.36020219
32 4 4 0 2624.50518828
32 4 8 1 2668.17409022
32 4 8 0 2676.22960043
32 4 16 1 2154.10813143
32 4 16 0 2374.0704139
32 4 32 1 1955.9099519
32 4 32 0 2421.11182254
1 8 1 1 400.540674343
1 8 1 0 971.154133232
1 8 2 1 1080.86391262
1 8 2 0 1265.72986582
1 8 4 1 679.940563826
1 8 4 0 1002.7790525
1 8 8 1 901.493633035
1 8 8 0 1265.00598807
1 8 16 1 322.736883427
1 8 16 0 1207.61040685
1 8 32 1 1112.46220013
1 8 32 0 1163.29336107
2 8 1 1 931.690837661
2 8 1 0 808.273519223
2 8 2 1 758.131787323
2 8 2 0 1020.78247819
2 8 4 1 766.841865044
2 8 4 0 720.132297013
2 8 8 1 724.244000383
2 8 8 0 781.583556586
2 8 16 1 743.467788454
2 8 16 0 735.321245001
2 8 32 1 723.811435651
2 8 32 0 634.044179406
4 8 1 1 1036.00079065
4 8 1 0 1055.03604382
4 8 2 1 1290.03143574
4 8 2 0 1099.51121083
4 8 4 1 1183.35488637
4 8 4 0 1123.56178979
4 8 8 1 1006.68946596
4 8 8 0 1027.58075672
4 8 16 1 1089.22098939
4 8 16 0 1235.28842735
4 8 32 1 1090.52454873
4 8 32 0 1093.82104586
8 8 1 1 1229.84102244
8 8 1 0 1476.6231722
8 8 2 1 1451.56792118
8 8 2 0 1527.08304269
8 8 4 1 1269.40364895
8 8 4 0 1361.87307991
8 8 8 1 1447.09320328
8 8 8 0 1536.08475388
8 8 16 1 1467.84431114
8 8 16 0 1175.59635708
8 8 32 1 1426.24364977
8 8 32 0 1359.9892499
16 8 1 1 1910.21421959
16 8 1 0 1924.26005737
16 8 2 1 1952.11263541
16 8 2 0 2226.18353235
16 8 4 1 1973.91695514
16 8 4 0 2032.42391904
16 8 8 1 2054.45227893
16 8 8 0 2087.73907299
16 8 16 1 1987.14976097
16 8 16 0 1974.13156663
16 8 32 1 1514.99425236
16 8 32 0 1915.82137451
32 8 1 1 2608.52774568
32 8 1 0 2456.35557012
32 8 2 1 2384.38878546
32 8 2 0 2629.66460985
32 8 4 1 2536.87455517
32 8 4 0 2513.98910628
32 8 8 1 2138.92284656
32 8 8 0 2476.05338865
32 8 16 1 2545.47641739
32 8 16 0 2563.52612184
32 8 32 1 1739.40659805
32 8 32 0 2327.79701529
1 16 1 1 543.267192493
1 16 1 0 663.030085448
1 16 2 1 945.468934685
1 16 2 0 239.246557303
1 16 4 1 854.365365454
1 16 4 0 1124.55353322
1 16 8 1 386.161352273
1 16 8 0 834.079392957
1 16 16 1 930.845787956
1 16 16 0 1186.77042681
1 16 32 1 379.636833922
1 16 32 0 895.831053856
2 16 1 1 772.894006807
2 16 1 0 636.147475231
2 16 2 1 894.587276938
2 16 2 0 759.816721013
2 16 4 1 776.063638411
2 16 4 0 792.247232038
2 16 8 1 671.410333174
2 16 8 0 747.803445292
2 16 16 1 618.640091647
2 16 16 0 788.848187299
2 16 32 1 855.989765004
2 16 32 0 764.027140416
4 16 1 1 1063.0879648
4 16 1 0 988.697121271
4 16 2 1 1213.73871934
4 16 2 0 1076.93465439
4 16 4 1 1244.0766995
4 16 4 0 1109.5233565
4 16 8 1 1027.81872732
4 16 8 0 1111.11014404
4 16 16 1 1031.29385561
4 16 16 0 954.820239093
4 16 32 1 1045.89575384
4 16 32 0 925.239564898
8 16 1 1 1513.05643292
8 16 1 0 1409.84928582
8 16 2 1 1408.66533213
8 16 2 0 1400.31917306
8 16 4 1 1537.59178767
8 16 4 0 1429.42557901
8 16 8 1 1575.85108637
8 16 8 0 1559.4331908
8 16 16 1 1570.82739719
8 16 16 0 1405.46882554
8 16 32 1 1559.83143321
8 16 32 0 1615.63854845
16 16 1 1 2139.03770898
16 16 1 0 1979.34968329
16 16 2 1 1862.28994567
16 16 2 0 1931.4011869
16 16 4 1 1988.65161343
16 16 4 0 2236.43720544
16 16 8 1 1754.75153084
16 16 8 0 2068.05443666
16 16 16 1 2105.0885832
16 16 16 0 1953.94063176
16 16 32 1 1951.54375767
16 16 32 0 1770.07683857
32 16 1 1 2640.59519306
32 16 1 0 2245.07924978
32 16 2 1 2629.90801897
32 16 2 0 2084.27210077
32 16 4 1 2390.88950802
32 16 4 0 2545.64179971
32 16 8 1 2394.04889622
32 16 8 0 2447.57482511
32 16 16 1 2511.40052519
32 16 16 0 2038.16908608
32 16 32 1 2158.16113254
32 16 32 0 2264.58794884
1 32 1 1 953.672341617
1 32 1 0 316.413474029
1 32 2 1 1216.53359235
1 32 2 0 668.596067027
1 32 4 1 1248.27493919
1 32 4 0 380.77608834
1 32 8 1 1176.54947662
1 32 8 0 1255.85954591
1 32 16 1 1233.12367461
1 32 16 0 304.542034496
1 32 32 1 1110.56793893
1 32 32 0 1051.13895495
2 32 1 1 934.139881342
2 32 1 0 763.743653728
2 32 2 1 513.313362146
2 32 2 0 789.321241385
2 32 4 1 1035.81112007
2 32 4 0 751.53310042
2 32 8 1 808.748500527
2 32 8 0 875.031301682
2 32 16 1 1122.39672231
2 32 16 0 788.781096259
2 32 32 1 632.727779258
2 32 32 0 867.280074406
4 32 1 1 1096.36203297
4 32 1 0 1111.28334635
4 32 2 1 1136.70854974
4 32 2 0 1144.07390685
4 32 4 1 1044.78112281
4 32 4 0 1003.28787208
4 32 8 1 1112.01419576
4 32 8 0 1216.46517951
4 32 16 1 1171.9002828
4 32 16 0 353.587070745
4 32 32 1 699.137262744
4 32 32 0 1085.97513999
8 32 1 1 1389.955909
8 32 1 0 1381.12044403
8 32 2 1 1440.15606443
8 32 2 0 1467.92699323
8 32 4 1 1424.86957272
8 32 4 0 1656.37850996
8 32 8 1 1231.63393726
8 32 8 0 1600.13135782
8 32 16 1 1477.01695717
8 32 16 0 1053.87978472
8 32 32 1 1406.19562414
8 32 32 0 1585.29753549
16 32 1 1 1805.68790404
16 32 1 0 2226.0804455
16 32 2 1 1024.84569619
16 32 2 0 1967.239131
16 32 4 1 1874.94581714
16 32 4 0 1934.67677962
16 32 8 1 1812.2341529
16 32 8 0 2213.26875642
16 32 16 1 1942.50910976
16 32 16 0 2009.61959388
16 32 32 1 1696.09569888
16 32 32 0 1951.62498291
32 32 1 1 2602.26244079
32 32 1 0 2413.18263219
32 32 2 1 2611.63389633
32 32 2 0 2456.19978736
32 32 4 1 2391.59179771
32 32 4 0 2501.4079759
32 32 8 1 2193.9834571
32 32 8 0 2446.37774151
32 32 16 1 2264.7791317
32 32 16 0 2389.8482846
32 32 32 1 1472.50696491
32 32 32 0 1924.29848212
1 1 1 1 507.087591679
1 1 1 0 695.731972204
1 1 2 1 637.004426704
