8 32 8 1 2453.45137073
1 16 16 1 1760.13527927
32 32 8 0 3569.95028486
32 8 4 0 3533.12680214
1 32 8 1 976.229607975
4 32 16 1 1647.73790068
16 32 4 0 3643.74365464
16 32 1 0 3829.37395355
32 16 16 0 2650.17977813
2 8 16 0 1423.48928397
1 16 8 1 1754.25924157
1 32 4 0 2083.60015283
8 32 32 0 1687.43950711
8 4 16 0 771.193983428
4 16 4 1 2222.00185747
4 8 2 0 2405.08939376
32 16 16 1 2559.532776
32 32 8 1 2809.67798656
32 4 2 1 742.281964646
8 8 2 0 3157.65306688
16 16 2 1 4272.99722565
32 16 2 1 4404.79403033
8 8 8 1 3125.94650971
1 8 32 0 1752.8217945
1 32 32 0 2134.19604557
8 16 4 0 3139.17263594
2 16 8 0 1645.92840502
8 4 4 0 739.035304193
8 4 8 1 770.598298224
4 32 32 0 1576.31439077
32 8 4 1 4439.8235105
2 32 32 1 1613.20278045
16 16 1 0 4139.79827276
4 8 4 1 2303.88603629
1 1 1 1 1666.28539725
1 32 16 1 1908.4070007
16 8 16 1 2528.64760999
2 32 16 0 1445.28314441
32 8 16 1 2663.37014009
32 16 32 1 2654.43454947
4 8 32 1 1671.95294949
4 8 1 1 2298.52523524
2 32 1 1 1736.34703089
32 8 2 0 4266.07129453
8 32 2 0 3180.39011586
2 8 2 1 1655.00700635
32 16 1 0 5048.53897719
16 8 8 1 3220.26284055
1 8 8 1 814.45102801
32 16 8 0 2816.98451248
1 8 4 0 2249.34845814
16 32 8 1 2588.01787983
32 32 16 0 2490.04948238
8 4 2 0 771.745616402
1 32 1 0 1785.88424274
8 16 1 1 3559.81642245
1 32 16 0 2097.93994602
1 16 4 1 1613.91977317
32 8 8 1 3421.02817555
1 16 1 0 1765.30768922
1 16 2 1 1789.96629199
32 8 32 1 2593.31752727
4 16 8 1 2331.84870577
8 8 32 0 1753.75126243
32 4 8 0 3065.93477575
1 32 32 1 2101.28349224
16 32 16 0 2155.9603623
16 4 32 0 767.723025814
1 32 4 1 1637.44096229
2 16 1 0 1832.77450208
32 4 8 1 2703.49954349
16 4 1 1 760.317612797
32 32 32 1 2566.0259639
4 16 8 0 2198.20682259
1 1 1 0 662.853695219
2 8 4 0 1510.94222434
8 4 8 0 777.138883656
16 32 4 1 3579.61995441
4 8 8 1 2104.57742349
1 16 8 0 1533.64173928
8 8 4 1 3135.34734281
1 1 2 0 1658.89458518
16 4 1 0 748.832396038
32 32 16 1 2112.60870441
2 16 16 0 1658.11242628
4 32 32 1 1746.80194011
16 16 32 0 1821.89147249
8 32 2 1 3054.14987882
8 32 1 0 3146.2645699
2 8 4 1 1567.79873093
2 32 2 0 1945.59967251
8 16 2 0 3438.35747788
16 16 2 0 4235.4644375
32 16 32 0 2843.40376513
32 8 32 0 2525.7689441
16 4 2 0 745.658287396
2 8 1 1 1642.24237521
1 8 16 0 2304.96045639
8 4 1 1 774.674620481
2 32 4 1 1687.09615661
32 4 32 1 2205.52353099
16 4 4 1 738.325120449
8 8 2 1 3221.06107028
32 16 4 1 3884.71144635
4 4 16 0 772.736882763
32 4 1 0 731.085700413
1 8 16 1 2133.90065385
32 4 4 0 3992.96043808
4 16 1 1 2176.32317775
16 8 1 0 4044.09154411
4 8 4 0 2194.70038202
4 32 16 0 2035.06985699
16 8 2 1 4442.40985785
4 8 16 1 1901.09651918
32 16 8 1 3418.00259971
4 16 32 1 1552.44747478
8 8 16 1 2283.62686843
8 4 1 0 715.739396111
2 8 2 0 1352.64166167
8 8 4 0 3111.65829484
2 32 16 1 1627.62368046
4 8 2 1 2350.19202951
16 32 8 0 2532.64518028
32 8 8 0 2575.57619068
2 16 2 1 1576.18418609
1 32 2 0 1747.57643525
16 16 4 0 3656.86926838
16 8 32 0 1978.74196014
8 4 2 1 757.585917458
8 32 16 0 2373.21627232
8 32 16 1 2338.81886535
16 32 1 1 3316.65535709
16 8 32 1 2033.2369284
2 32 2 1 1701.29009055
16 16 4 1 3208.2447144
1 1 2 1 1473.34785536
4 4 4 0 771.090798364
2 16 32 0 1034.0290728
4 32 8 0 2237.07751971
16 8 8 0 2728.6096076
16 4 8 1 764.058987973
16 16 32 1 1998.22427914
8 32 32 1 1988.91814165
8 8 1 1 2978.51216058
2 8 8 1 1790.51338486
16 32 32 1 1800.93709827
1 16 2 0 835.605128546
32 8 1 1 4917.4050124
16 16 1 1 3966.14148932
4 16 2 0 2619.41580546
32 32 2 0 4574.44314252
1 16 4 0 1764.48712928
1 32 8 0 1754.34363718
2 16 1 1 1614.01928763
4 16 4 0 2456.63191646
1 1 4 1 1460.22267353
8 16 16 0 2300.82470998
4 4 8 1 752.789395626
2 8 32 0 1646.88814316
2 16 2 0 1712.42867004
8 16 32 0 1671.76341434
1 32 1 1 1763.64624266
8 16 1 0 3398.12855675
1 8 8 0 1927.31472993
32 32 1 0 4439.09012778
4 4 32 0 774.627610983
32 32 4 1 3752.7036409
16 16 16 0 2440.68292994
4 4 2 0 767.227651754
8 8 1 0 3067.52824516
8 16 16 1 2448.8141336
16 4 32 1 734.610226568
4 8 16 0 2291.42286269
4 4 32 1 736.70852515
2 32 32 0 1997.52654598
1 8 32 1 825.559738698
2 32 1 0 1688.93841539
16 4 4 0 753.502653537
2 16 4 0 1717.34767107
8 32 1 1 3033.52942768
16 16 16 1 2071.07209117
1 8 2 1 736.225051796
8 4 4 1 773.413446798
8 16 8 0 2396.47531722
16 32 2 0 4014.73401574
16 16 8 0 3319.16218956
1 16 32 1 1607.18671481
16 8 1 1 4726.276383
2 8 16 1 1556.26889483
2 16 4 1 1579.69733223
4 32 2 1 2326.49573026
32 32 1 1 2585.09364343
8 32 4 0 2811.5831474
4 16 16 1 2197.94212706
1 1 4 0 713.554518637
4 8 8 0 2099.75042932
4 32 2 0 2375.64333643
16 4 2 1 766.096171889
8 4 32 1 771.358245387
2 32 8 0 1443.70343963
4 32 4 1 745.247025394
8 8 16 0 2249.27737855
1 8 4 1 1784.64572699
4 8 32 0 1566.0867827
16 4 16 1 747.932796345
8 8 32 1 1787.2390031
4 32 4 0 2019.38901495
32 32 32 0 2599.77181013
32 32 2 1 3997.39920354
1 32 2 1 936.488079917
16 32 32 0 1769.00202275
16 16 8 1 2146.43809793
8 16 4 1 2877.03015249
32 16 4 0 4121.6620253
4 16 16 0 1866.67442379
1 8 1 0 1942.42178188
4 32 1 1 2117.45742207
16 8 2 0 4513.81928584
2 16 16 1 1721.57900173
16 32 2 1 3508.77022848
1 16 16 0 1967.95885664
32 32 4 0 3830.68759321
8 4 32 0 773.12461299
4 16 1 0 2531.37263021
4 16 2 1 2434.43834073
8 16 8 1 2557.04014668
4 8 1 0 2271.66894463
16 32 16 1 1856.83400738
2 32 8 1 1514.84864244
4 32 1 0 2491.07754007
1 16 1 1 1594.0122725
1 16 32 0 1676.85435406
4 16 32 0 1663.1797156
32 4 32 0 2504.44042289
32 4 2 0 755.07892009
16 4 16 0 1849.14735259
32 4 4 1 3894.13549191
4 4 1 0 2234.94580822
2 2 16 0 1350.12071592
2 8 32 1 2143.98137156
32 1 4 1 2862.17176787
1 8 2 0 2061.12260255
32 2 16 0 2164.25920116
32 4 16 1 3088.58379052
8 2 4 1 2366.22554447
1 2 16 0 690.702765515
8 4 16 1 2169.82300447
16 8 4 0 3933.75916913
8 1 16 0 998.325664211
4 4 8 0 1952.08947005
8 2 16 1 1447.81744776
2 8 1 0 1679.95172307
16 2 2 1 3469.71785756
4 2 1 0 2010.42479138
1 4 2 1 1745.76176575
32 4 16 0 2560.84192668
16 4 8 0 1970.58614949
4 4 16 1 1361.95503118
1 1 16 0 502.824746081
8 1 32 1 1176.99760115
1 8 1 1 2294.62569758
8 1 8 1 1021.73582448
2 1 1 0 1120.24783755
32 1 8 0 2157.09358108
1 4 16 1 1978.70648017
1 2 1 0 807.92100508
8 1 2 0 1651.63389246
32 4 1 1 4617.17315935
4 2 2 0 1920.50318405
1 2 32 1 2157.4860717
8 8 8 0 2748.74524657
16 8 4 1 3582.37451174
8 1 16 1 1560.25290174
4 4 4 1 2240.53292434
16 8 16 0 1406.66366741
4 1 32 1 1115.78143622
4 1 2 0 1351.30442076
16 1 16 1 1249.34128926
4 1 2 1 1461.14765438
2 8 8 0 1909.29317038
32 2 8 1 2527.39439162
2 1 32 1 974.757807628
2 1 32 0 926.144897223
1 2 2 0 1687.70833272
