1 1 1 0 619.857990416
2 1 2 0 769.386051546
2 1 8 1 775.308230661
2 1 1 1 972.000892139
2 1 8 0 805.914158464
2 1 32 0 783.370280324
1 1 16 0 991.376697528
2 1 4 0 840.935132984
2 1 1 0 873.926210653
2 1 2 1 996.331162777
1 1 1 1 791.130612587
1 1 32 0 1292.39902466
1 1 4 0 809.307144333
4 1 4 1 1368.79079185
1 1 8 0 1481.83762324
1 1 32 1 1396.74910005
4 1 1 1 1417.86996558
1 1 2 1 827.249914505
1 1 16 1 1373.58293821
1 1 8 1 687.159698026
1 1 2 0 1272.79871186
2 1 16 0 706.215971558
2 1 4 1 1114.08630775
2 1 16 1 843.652756462
4 1 2 1 1080.08940442
4 1 1 0 1293.46684991
4 1 2 0 1262.31013517
2 1 32 1 898.837567978
1 1 4 1 1119.06395261
8 4 2 1 2175.62863086
32 1 16 1 1397.27799212
32 1 8 1 2650.14661067
32 2 8 0 2725.87470198
1 2 16 0 1656.05744471
8 1 8 1 1732.59853921
4 4 16 1 1402.11923973
4 1 32 1 1064.53795743
16 4 32 0 1181.56411126
4 4 1 0 1612.35132867
8 1 16 0 1711.3852105
16 2 4 0 2553.24599138
16 2 1 0 3072.27977482
16 2 8 0 2798.13237665
2 2 32 0 1096.85764068
4 4 8 1 1283.64835095
2 2 8 1 1044.65109182
4 4 8 0 1420.9623767
2 2 16 0 955.12690146
4 1 16 1 1287.81072588
4 2 32 0 1544.11840212
16 1 8 0 1843.36145801
16 1 16 1 1766.02726634
4 4 4 1 1543.06948129
1 2 2 1 1314.14464265
8 2 8 0 803.578136281
32 2 4 1 3210.93601745
1 4 16 0 1281.31851386
8 1 1 1 1749.58256782
4 1 4 0 1141.73133226
1 4 16 1 1007.18079633
4 1 8 1 1267.64305468
32 1 2 1 2517.18376323
8 4 4 1 2035.84742101
16 4 4 1 2987.20455762
2 4 32 0 875.824586798
32 2 1 0 3294.74622182
4 2 32 1 1255.30132247
1 2 8 0 774.561047122
1 4 8 1 1602.95863631
4 2 16 0 1426.7465956
4 2 1 0 1515.03759814
2 2 1 0 1089.49145613
1 2 2 0 1062.50607275
8 2 8 1 1911.78746908
16 2 2 0 2796.31333633
1 2 32 0 1073.07896981
2 4 8 0 1080.56523487
16 2 1 1 2127.46866322
8 2 4 0 1962.455078
4 4 2 0 1258.92980481
32 2 4 0 3279.58033458
32 2 32 0 2052.45759573
1 4 2 1 1712.13803421
32 2 1 1 2447.31530105
8 2 2 0 1756.2567825
32 2 32 1 1646.70550317
8 1 2 1 1981.60017355
32 2 16 0 2371.32473886
32 2 2 0 3100.62433127
8 1 8 0 1875.30022529
4 1 8 0 1278.31603284
8 4 8 1 2043.56040536
8 1 2 0 1693.83567098
2 2 32 1 883.824244386
32 1 32 1 1519.80735053
4 2 4 0 1100.38931897
1 2 4 1 1535.33223419
4 4 32 0 1546.78602693
4 1 32 0 1248.06250463
16 2 32 0 1790.79408598
4 2 4 1 1444.43212233
2 4 8 1 1105.8240303
4 4 16 0 1705.18648625
16 4 8 1 2711.87720641
8 4 16 1 2321.52377227
8 4 16 0 1884.55657768
16 4 16 1 1988.99589051
16 4 1 0 1950.67311692
4 2 2 0 1441.59032649
8 4 8 0 1923.50173586
16 2 16 0 2119.95142793
8 2 16 0 1642.61496579
2 4 2 0 1079.13096871
4 1 16 0 1105.86540261
8 4 32 0 1695.26869818
16 4 8 0 2490.99155405
16 2 16 1 2375.404325
8 2 32 1 1542.7749498
16 1 4 1 2008.41927773
16 1 4 0 1794.95583912
2 4 2 1 1138.52237257
2 4 4 1 1011.17445717
32 1 4 0 2286.44320241
8 1 4 0 1473.60905957
8 1 32 0 1450.34571219
8 2 32 0 1445.59945497
8 2 1 0 2023.25943807
8 2 2 1 2103.48269241
8 4 32 1 1993.07725026
16 1 16 0 2027.47329175
16 2 32 1 1693.94844251
32 1 1 1 2197.0252233
1 4 4 0 1568.24416445
8 2 16 1 1799.49092907
4 2 16 1 1351.77078525
16 4 2 1 2477.5584162
4 2 8 0 1396.82157132
32 1 16 0 1905.58831268
1 4 32 1 1645.81379516
1 4 4 1 1524.12999108
1 2 16 1 1190.08975423
16 1 1 1 2239.56539151
2 4 32 1 857.964518141
2 2 4 1 801.386285062
16 1 8 1 2332.11282183
8 2 1 1 1981.48650133
4 2 8 1 1302.63657889
32 1 8 0 1854.31376001
2 4 16 1 1064.99408337
4 2 1 1 1279.71744781
8 4 4 0 1972.54820928
1 4 1 0 1331.86000239
16 1 32 0 1638.1711685
1 2 4 0 1638.79218894
32 4 1 1 3017.7435334
32 1 32 0 1829.61870208
16 2 8 1 2457.77254771
8 4 1 0 1881.06380838
16 1 2 0 2179.79187139
16 4 32 1 1933.77276825
32 1 2 0 2545.45091158
8 4 1 1 2083.8157537
16 1 2 1 2075.61853303
1 2 1 0 1672.1054853
8 1 32 1 1446.87542891
16 1 32 1 829.783622195
2 2 16 1 1014.25853513
1 4 32 0 1751.19499172
32 1 4 1 2296.28095627
4 4 2 1 1616.04049092
2 2 2 0 994.87928839
16 4 16 0 2257.24902961
4 2 2 1 1527.20003841
4 4 32 1 1695.61888962
8 1 1 0 1282.26145577
1 2 32 1 1739.6184245
16 4 2 0 2425.36055588
2 2 2 1 917.326042748
2 4 1 1 1051.47661631
32 2 2 1 3349.90442657
2 4 16 0 1112.40023818
1 2 1 1 1544.43777241
8 2 4 1 1860.09045594
2 2 8 0 941.640035817
32 2 16 1 2035.85290534
8 1 4 1 1692.84669909
1 4 1 1 1593.41529953
2 2 1 1 960.447352337
4 4 4 0 1482.97864147
1 4 8 0 1717.17999198
16 4 4 0 2925.62568656
2 2 4 0 1117.11194911
32 1 1 0 2350.04384033
16 4 1 1 2378.15953206
16 1 1 0 2453.56028476
16 2 4 1 2467.95891997
2 4 1 0 950.481905269
16 2 2 1 2322.44763146
8 4 2 0 2200.77827707
1 2 8 1 1750.47139482
1 4 2 0 1438.70910539
8 1 16 1 1828.17164528
2 4 4 0 1322.2866339
4 4 1 1 1484.46294507
32 2 8 1 2490.99562239
16 8 1 0 2673.36685483
32 8 1 1 3143.43569419
32 16 32 1 1894.46632871
16 8 32 0 2111.17851845
32 16 1 0 3352.86828282
1 16 4 0 1492.79073409
32 16 16 1 2288.12019468
32 4 32 1 1846.02633135
2 8 16 1 1230.97490155
32 16 2 1 3128.15547142
2 16 8 1 1139.55891092
4 8 32 1 701.866359274
2 8 8 1 1015.46474873
1 8 2 0 1721.04379134
32 16 4 1 2934.50803549
32 16 4 0 2773.42809698
1 16 32 1 946.399015101
32 4 16 1 2112.33520544
8 16 1 1 1948.88637093
1 32 8 0 1223.00281305
8 16 32 1 1666.93638642
4 8 8 1 1519.66957754
2 16 4 0 1160.83225733
4 16 16 0 1564.37180799
1 32 4 1 983.509701618
16 8 16 0 2130.48415879
16 16 8 1 2444.21885212
4 16 8 0 1448.36287429
16 8 8 0 2271.000837
32 8 32 1 1575.16795339
16 8 4 0 2797.89765824
1 16 32 0 1587.78473544
32 8 8 0 3252.21546835
4 8 4 0 1429.89537876
32 4 4 0 3151.18086938
1 16 2 1 960.234423991
32 8 2 1 3568.59541771
8 8 32 1 1751.38951823
2 16 16 1 1126.85503406
8 16 2 0 2038.75001476
2 32 1 0 1133.71903532
16 16 8 0 2498.08857837
4 16 4 1 1821.81240174
32 8 8 1 2813.69742837
2 32 2 0 1073.28138366
8 8 8 1 2267.41973016
4 16 32 1 1220.70337897
1 32 1 0 1304.50430633
2 8 1 1 1286.30812971
4 8 16 0 1634.78075715
16 16 32 1 1685.77183915
4 16 32 0 1352.810944
1 8 32 0 1430.74931377
32 8 4 0 3009.51096857
1 32 32 1 1248.93898725
1 8 4 1 1578.02701614
2 16 32 1 1100.7144078
8 8 32 0 1568.04695145
16 8 4 1 2536.27198811
2 8 16 0 1090.3896533
1 16 4 1 1590.53890165
32 8 16 0 2585.96963069
32 4 8 1 2330.99868201
2 8 4 0 1077.57355078
4 16 2 0 1536.91037618
4 16 8 1 1496.63982146
4 8 2 0 1481.61551032
8 8 4 1 2108.74772615
32 16 8 1 2948.82388003
1 8 16 0 1123.09813897
1 8 32 1 1377.54442666
1 8 2 1 1365.16598757
16 16 1 0 2572.20079707
32 8 4 1 3126.8003493
2 32 4 0 1235.8944156
2 8 1 0 1209.25248529
1 8 8 1 1430.65841985
16 8 1 1 2746.43862568
1 16 1 1 1272.50944438
8 16 32 0 1831.90857538
4 8 16 1 1626.89951559
8 16 2 1 2148.15937433
2 8 2 0 1177.4089726
1 16 8 0 1072.31618699
32 16 32 0 1845.71705017
32 8 32 0 1727.07495464
2 32 1 1 1302.49036619
4 16 4 0 1795.07408456
32 4 4 1 3024.54519283
1 32 32 0 1731.40088134
8 8 8 0 2310.30123526
1 32 16 1 1154.31357374
2 8 4 1 958.284917697
2 32 4 1 1220.75624554
32 8 2 0 3292.07067125
1 16 8 1 630.534176449
8 8 16 1 1947.91300693
2 16 1 0 1275.26245661
4 16 1 1 1504.13042539
1 32 16 0 1309.78615536
4 8 8 0 1454.95778897
32 16 8 0 2786.94985806
1 8 16 1 1759.16219915
1 16 1 0 1518.39927381
16 16 32 0 1650.68962953
1 16 2 0 1178.458522
2 8 32 0 1135.01311872
8 8 2 0 2193.17780334
8 8 4 0 2019.32160849
8 16 8 1 1979.48053374
8 16 16 1 1527.74985773
32 4 2 0 2953.58452291
2 16 32 0 1081.20903544
2 8 2 1 1253.34689751
1 8 1 0 1503.47822441
2 16 2 0 965.820598454
32 4 1 0 3136.01107286
1 16 16 0 1679.85999587
2 16 2 1 989.529362803
1 32 2 1 1231.57290274
1 16 16 1 1290.99458693
8 16 16 0 1843.69306746
32 16 1 1 3590.49506851
32 4 32 0 1890.88572257
1 32 2 0 1748.3129143
16 8 32 1 1998.84154516
4 8 32 0 1425.2696317
16 8 8 1 2668.66733687
32 4 16 0 2384.10997075
32 16 2 0 3230.68473368
2 8 8 0 1028.98743085
8 16 8 0 2226.86536479
32 4 8 0 2976.98050681
1 8 1 1 1618.97607961
2 16 8 0 1297.64153752
2 16 4 1 1132.86429771
8 16 1 0 2176.10310699
1 32 4 0 1152.72620385
16 16 4 0 2688.47701731
2 16 16 0 1039.06721299
4 8 1 0 1806.32793456
8 8 1 0 1845.19606184
4 8 1 1 1580.05654868
2 16 1 1 938.919307709
32 4 2 1 3231.9450632
8 8 16 0 1866.92757056
1 8 4 0 935.594128368
4 8 4 1 1660.40082691
2 8 32 1 1196.57953645
16 16 2 1 2848.25244141
32 16 16 0 1947.67133838
4 16 1 0 1469.23442366
8 16 4 1 2291.84421073
16 16 4 1 2451.94828442
1 8 8 0 1896.27448504
1 32 1 1 796.893607207
16 16 16 0 2438.04699228
16 8 16 1 2074.8737053
16 16 2 0 2830.36459788
32 8 16 1 2130.11044266
8 16 4 0 2155.98144047
4 16 16 1 1694.65082337
16 8 2 1 2967.61983205
16 16 16 1 2205.90204014
2 32 8 1 1137.23176498
16 16 1 1 2659.74337325
4 8 2 1 1490.15638842
4 16 2 1 1601.29798145
8 8 2 1 2027.06016129
16 8 2 0 2582.82444367
8 8 1 1 2046.23465216
2 32 2 1 1255.0359409
1 32 8 1 1397.4967922
32 8 1 0 3538.64068944
8 32 8 0 2090.55171254
4 32 2 1 1530.50458223
8 32 1 1 1810.02466984
32 32 4 0 3217.99739488
4 32 16 0 1393.90172926
32 32 16 0 2332.81720531
8 32 4 1 2038.89911934
16 32 1 0 2376.25256066
8 32 2 1 2104.65641108
16 32 32 0 1733.89595869
16 32 4 0 2655.38432057
32 32 32 1 1558.27373702
16 32 8 1 2484.58697944
16 32 16 1 2121.8366068
16 32 8 0 2014.6212568
32 32 8 0 2778.6302162
16 32 2 1 2458.68319868
4 32 16 1 1567.80750439
8 32 16 0 1935.25429112
32 32 2 1 3162.99991593
8 32 32 1 1778.48701213
4 32 1 1 1413.90850172
32 32 16 1 2457.05168765
16 32 32 1 1655.84514474
8 32 16 1 1715.00835606
2 32 32 0 1080.36990174
32 32 4 1 2564.01634441
8 32 1 0 2221.89501804
32 32 1 0 3357.99837473
32 32 1 1 3195.46408359
8 32 2 0 1982.04597781
8 32 4 0 2087.51161995
2 32 8 0 1101.54210998
32 32 8 1 2645.26130756
32 32 2 0 3349.04367396
16 32 1 1 2574.57385468
4 32 4 0 1837.78168848
2 32 16 0 1026.65328847
8 32 32 0 1366.15962005
4 32 32 1 1253.61569608
16 32 16 0 2243.60449678
4 32 32 0 1172.17178136
32 32 32 0 1694.14000383
4 32 8 1 1507.17610644
4 32 2 0 1521.8387634
4 32 4 1 1454.00533562
16 32 4 1 2548.55732487
2 32 16 1 1053.41984352
4 32 8 0 1681.6894592
4 32 1 0 1574.21545096
16 32 2 0 2613.50871386
2 32 32 1 1167.45097959
8 32 8 1 1971.37044511
