32 16 2 0 3000.26273969
8 32 8 0 2025.11470013
2 32 4 1 896.730751889
32 8 8 0 1643.9083322
32 8 1 1 2132.89539043
2 16 2 1 996.49364079
32 16 16 0 2013.70137737
16 16 2 0 2316.0382819
2 32 1 0 847.118644616
1 16 4 0 703.711012713
2 32 2 1 784.090082779
4 16 32 1 1335.28566219
4 32 16 0 1399.5149013
16 16 32 1 1450.85156406
8 16 32 0 1477.18916985
32 16 8 1 2548.86571909
16 16 16 0 1710.59406687
4 32 8 0 1318.60339615
1 16 2 0 716.818924955
16 32 2 1 2464.60170282
1 16 1 1 785.265240916
8 16 2 0 1438.74703168
8 16 8 1 1696.16367944
4 32 32 1 1191.85348125
16 16 32 0 1113.75482619
1 16 4 1 552.40343933
32 16 1 1 3126.00620981
1 32 32 0 542.910841627
4 32 4 0 1415.56493117
4 16 32 0 1201.68646408
8 32 32 1 1722.70130091
32 8 4 1 2208.03725987
1 32 8 1 477.92695113
32 8 32 1 1555.9369337
1 16 16 0 481.696721107
8 32 16 0 1994.64239402
32 16 4 1 2897.93925257
4 32 2 0 1407.57257669
2 32 16 0 1028.51441061
16 32 1 0 2843.21235394
32 16 1 0 3162.77678972
8 32 32 0 1968.61513202
4 32 1 0 1210.37443573
1 32 2 1 608.197113739
1 16 16 1 485.786653092
16 16 8 0 2168.59860414
2 16 4 0 637.495764514
8 32 8 1 2071.1009124
4 16 16 1 1231.87739455
32 16 2 1 2724.61625006
1 32 2 0 567.93503442
32 8 16 1 2156.38856947
4 32 1 1 1137.06116782
1 16 32 1 477.284956403
16 16 4 1 2130.29322691
1 32 16 0 566.229753387
2 16 32 0 796.445080709
1 32 1 0 440.767254206
4 16 2 0 1195.59001406
1 32 1 1 486.298832998
2 16 2 0 821.075045558
2 32 8 1 944.579945807
2 16 1 1 739.830990883
1 32 8 0 609.294054898
2 32 4 0 828.987457142
2 32 2 0 1051.25462994
1 16 32 0 410.325898473
32 16 8 0 2602.45557835
16 32 2 0 2742.96802798
16 16 2 1 2210.41728789
8 16 4 0 1756.02263019
1 16 2 1 717.046147921
4 32 8 1 1280.70290562
2 32 32 0 1238.95958087
8 32 2 1 1665.4398158
2 16 8 0 760.188318921
32 16 16 1 2086.66165914
8 16 8 0 1842.28407527
2 16 32 1 796.275560289
1 16 1 0 672.922856354
2 32 8 0 858.292666725
32 8 4 0 3352.16942454
32 8 2 1 2863.26409761
32 16 32 0 1592.9224355
32 8 1 0 3587.1602361
8 32 2 0 1777.76337032
8 32 4 1 2009.82720967
16 32 4 1 2514.80893261
8 32 1 1 1785.74636554
2 16 1 0 913.887899707
2 16 4 1 949.365427119
8 16 16 1 1504.54296292
8 16 4 1 1834.28460284
32 8 32 0 1345.97186696
16 16 8 1 2292.04146536
8 16 2 1 1825.06724418
16 16 16 1 2100.86633611
2 16 16 0 929.060147808
2 32 16 1 902.95559243
1 32 16 1 669.443675976
4 16 1 1 1213.35469449
4 16 16 0 1372.99429504
8 16 1 0 2107.27867516
4 16 4 0 1256.83055109
4 16 4 1 1348.22563217
2 32 32 1 974.218344181
8 16 1 1 1936.11840348
1 16 8 0 537.675864085
1 32 4 1 487.645740344
2 16 8 1 767.470285606
32 16 4 0 3244.68529557
16 16 1 0 2471.80241475
2 32 1 1 753.169961234
4 16 1 0 1030.01117994
32 8 2 0 3069.4563701
4 32 32 0 1010.61005876
16 16 4 0 2478.17517054
2 16 16 1 771.362602708
8 16 16 0 1662.83891687
8 32 1 0 1575.0823457
4 16 2 1 1293.79409965
4 16 8 1 1285.72561293
32 16 32 1 1750.28397439
32 8 8 1 2353.32294208
4 32 4 1 1312.03460434
1 16 8 1 448.27479784
16 16 1 1 2027.54133418
8 16 32 1 1747.94322573
4 32 16 1 1394.00198099
8 32 4 0 1926.5019096
1 32 4 0 423.174475533
16 32 4 0 2388.29183995
1 32 32 1 627.693227982
4 32 2 1 1196.58411933
32 8 16 0 2113.07209881
8 32 16 1 1920.57915571
16 32 1 1 2333.71930226
4 16 8 0 1267.41141572
32 1 8 0 2467.16390495
8 1 8 0 1100.21466899
16 1 32 1 1537.56483105
2 1 1 1 356.94945014
32 1 4 0 2476.6712175
8 2 2 1 2050.10707088
32 32 4 0 3244.26522854
4 2 32 0 1539.72200623
8 1 32 1 1243.93842164
4 2 4 1 832.612505541
1 1 16 1 223.79237012
4 2 32 1 1143.1558642
16 1 8 1 1424.57601117
8 2 1 0 1290.68219552
8 1 2 1 1229.73867271
1 2 2 0 1087.13696415
16 1 32 0 1893.46173402
2 2 1 0 1092.01759514
32 32 16 1 1707.91261435
2 2 4 0 740.652525317
8 2 16 1 942.114703813
16 1 4 1 2012.21831866
32 1 1 1 2735.98111767
16 32 16 1 1438.82894893
16 32 32 0 1325.46575121
32 32 32 0 1726.9830789
2 2 16 0 774.712366504
4 1 8 0 464.208604026
16 32 32 1 1985.2104042
2 1 8 1 222.137997493
4 1 2 1 431.573046991
4 1 16 1 551.108761892
32 1 2 0 2463.5643802
32 32 2 1 2723.50688351
4 2 2 1 1362.92782377
32 32 16 0 2186.08872612
8 2 8 0 1139.48992075
2 1 16 1 263.336508198
32 32 1 1 3200.0095752
4 1 1 1 476.502182421
2 1 8 0 220.436176325
16 1 16 1 2153.81342706
8 1 32 0 1209.98437581
1 2 16 0 421.502972859
2 1 16 0 212.426694323
32 32 4 1 3138.68189145
2 1 32 1 273.068018661
1 2 32 0 781.104491368
4 2 8 0 1283.96184405
1 2 2 1 367.15316124
4 2 8 1 1137.57089913
1 2 4 0 722.380907193
16 1 2 0 1229.13119914
1 2 32 1 955.684901686
4 1 2 0 615.809523066
2 2 8 0 902.762531052
2 2 32 1 889.985318163
1 2 4 1 627.470485202
4 2 16 1 1167.34184353
2 2 8 1 996.058262169
8 1 2 0 1117.4950374
8 1 1 1 1153.03751731
16 1 4 0 1898.81621583
16 32 8 0 2033.41171995
4 1 16 0 460.30097215
2 1 4 0 391.079839286
1 1 2 0 164.134966042
8 2 1 1 1308.64507068
1 1 4 1 170.977864543
32 32 32 1 1898.08942468
2 2 32 0 982.417471677
2 1 4 1 368.780339051
8 1 4 1 1119.73042217
1 2 8 0 701.012824058
8 1 8 1 1153.77934765
32 32 1 0 3383.29551877
32 1 32 1 1956.00597601
1 2 1 1 578.743641789
32 1 1 0 2366.27648346
16 1 1 0 1688.60437587
16 32 8 1 2140.9092867
16 32 16 0 2485.32412612
8 2 2 0 1673.54205993
2 2 2 1 1728.51090171
32 1 16 1 2056.43063389
8 2 8 1 1091.45377572
2 2 4 1 938.620454575
4 2 2 0 759.505328458
32 32 2 0 3336.65973078
4 1 4 1 643.239230173
1 2 16 1 884.122510379
32 1 16 0 1976.9705421
16 1 2 1 1495.54026448
1 1 16 0 208.448904061
4 2 4 0 1206.4637698
2 1 1 0 403.09905147
4 2 16 0 1120.96010087
2 2 2 0 1374.32173599
1 1 2 1 160.895471875
4 1 4 0 424.839913437
8 2 4 0 1488.42692738
1 1 4 0 196.014783282
1 2 8 1 292.425121512
32 1 32 0 2283.30301174
1 1 8 1 203.118527597
2 2 16 1 1152.01923676
1 1 1 1 351.163109802
32 1 2 1 2159.77283851
16 1 16 0 2037.10039658
4 1 8 1 448.41491624
2 1 2 0 438.743858501
32 1 4 1 2588.01712357
4 1 1 0 491.839258323
1 1 32 1 236.412075621
1 1 8 0 247.368441929
4 1 32 1 503.483252229
1 1 32 0 245.890811244
2 1 2 1 360.65838979
8 2 4 1 1579.18567266
8 1 16 1 1020.18816592
16 1 1 1 1850.47331295
4 2 1 0 854.821640692
4 2 1 1 660.086354481
32 32 8 1 2838.66778944
1 1 1 0 263.718099625
8 1 4 0 1433.85100209
16 1 8 0 2105.56005414
4 1 32 0 753.148695345
8 1 16 0 1288.12142963
2 1 32 0 256.360799721
1 2 1 0 743.835705108
8 1 1 0 1075.57106132
2 2 1 1 1079.8106196
32 1 8 1 2350.58526077
32 32 8 0 2816.71679636
16 2 4 1 1832.18509015
1 4 2 0 777.504542077
4 8 1 1 1114.08477524
16 2 1 0 1942.11432153
4 8 8 0 1033.22551247
1 8 16 1 1208.96537928
16 4 8 0 2014.52595993
8 4 8 0 1241.56716156
32 4 2 1 2335.198015
8 4 16 1 1125.04189133
4 4 32 1 1204.17030897
2 8 16 1 768.389237276
2 4 16 0 494.784194573
16 2 16 0 1770.78363273
1 4 2 1 720.644609989
1 8 8 1 1187.22051582
16 2 4 0 2175.41838742
1 4 8 1 290.689528573
32 4 32 0 1728.90081137
4 4 1 1 811.058251439
4 4 32 0 1245.45040907
32 2 2 1 1569.84503479
16 2 32 0 1403.08028072
4 4 4 0 1214.9985732
2 4 1 1 705.135197741
1 4 8 0 457.333845159
32 2 32 0 2019.63640545
4 4 8 0 1337.75946043
2 8 32 0 687.602670844
2 8 2 0 720.205140974
4 8 32 0 966.185514053
1 4 1 0 477.270719865
16 2 32 1 2045.91798828
32 2 32 1 1787.60320724
1 4 1 1 465.647330334
4 4 2 1 969.913329324
2 8 32 1 735.583072811
1 4 32 0 686.522854755
8 4 32 1 1202.85401551
4 8 1 0 1062.16746707
32 2 16 0 1926.74771824
8 4 8 1 1357.00415789
32 4 4 0 2272.96723715
1 8 2 0 368.023105256
16 2 8 1 1979.48436251
8 2 32 1 1487.1544814
2 4 4 1 406.34894625
2 4 32 1 877.008226078
4 4 1 0 911.234453214
4 8 2 0 1006.40561007
2 8 1 0 639.118953779
32 4 1 0 2129.35797121
32 4 4 1 2355.67518084
8 8 1 1 1553.79246875
16 2 16 1 1769.48604724
32 4 1 1 2232.51013684
32 2 2 0 1940.78888466
32 2 4 1 1814.42535738
1 8 4 0 1484.49493707
16 4 16 0 1579.01224101
8 8 1 0 1584.79621005
16 4 4 0 1404.50907673
8 2 16 0 1450.06084004
2 8 4 0 923.389898227
4 8 32 1 1103.04216734
1 8 16 0 1493.53313618
2 4 1 0 545.637133232
1 8 4 1 846.914325
4 4 2 0 1246.65210999
1 8 32 1 1106.59025538
16 4 16 1 1706.00411075
1 8 1 1 704.94634497
8 8 2 0 1513.3664244
8 4 16 0 1205.10175782
1 4 16 0 340.069876134
1 8 2 1 474.978486133
2 8 2 1 670.598071933
32 4 16 1 2099.39463105
16 2 1 1 1979.00448657
16 4 8 1 2190.26398555
1 8 32 0 1292.41977014
1 8 1 0 631.287813288
8 4 2 0 1540.45699278
1 8 8 0 1401.19550598
4 4 8 1 1240.74113087
2 4 2 0 739.232820759
16 4 2 1 1610.75357736
32 2 4 0 1840.9806548
16 4 4 1 1816.83515467
32 4 16 0 1836.73326182
32 2 8 1 2237.47418569
4 8 4 1 1106.72135683
4 8 16 1 1109.37008234
8 4 4 1 1362.74023642
32 2 8 0 2010.34337252
8 8 2 1 1576.21472526
2 4 4 0 675.597755364
2 4 8 0 630.140757791
8 4 2 1 1691.93390614
8 2 32 0 1428.19957162
16 4 32 0 1466.78880802
2 8 4 1 764.627772989
2 4 16 1 480.981704631
8 4 1 0 1697.9132068
16 2 2 0 1448.56650291
2 4 2 1 741.956935313
16 2 8 0 1944.97374546
4 4 16 1 1084.17678615
4 8 8 1 1085.23337467
16 4 2 0 1200.06883139
1 4 4 0 436.165427509
32 2 1 0 2287.02831587
8 4 32 0 1153.81678401
8 4 1 1 1693.84421182
2 8 16 0 738.828129123
4 4 4 1 1104.81704042
32 2 16 1 1895.47118396
4 4 16 0 1079.37952302
1 4 16 1 383.20478823
32 4 32 1 1817.65034602
4 8 16 0 1235.01463124
1 4 32 1 562.061669581
2 8 1 1 772.153871061
2 8 8 0 812.646098435
2 4 32 0 971.076821251
4 8 4 0 1177.42934836
32 4 8 0 1969.54804925
16 2 2 1 2042.32633998
16 4 32 1 1435.72978317
2 4 8 1 926.404024779
16 4 1 1 1729.44619611
32 2 1 1 2470.72222291
1 4 4 1 416.224865922
8 4 4 0 1390.22460311
4 8 2 1 1140.97989341
8 8 4 1 1516.85482195
32 4 2 0 2370.64419701
16 4 1 0 2237.71024134
32 4 8 1 2483.35437456
2 8 8 1 731.457524472
4 32 8 0 742.006579993
4 16 1 1 891.457048329
1 32 2 1 499.900808275
4 16 8 1 1039.86919834
4 16 32 1 882.060489434
1 32 8 1 422.465991417
1 32 4 0 484.216588525
8 16 16 0 1470.70967508
16 8 4 0 1831.37394432
1 32 32 1 932.598932493
32 16 32 1 1864.42185132
8 16 32 1 1522.41036621
1 32 8 0 720.696077967
2 32 16 1 493.57403488
16 16 32 0 1698.81804672
1 16 16 0 496.890950687
1 32 1 0 746.337810761
16 16 1 1 1937.26586202
32 8 16 1 2294.42830872
4 16 16 0 1058.15479698
32 8 2 0 2721.3547952
4 16 1 0 919.946331118
2 16 8 1 446.97155698
4 32 4 0 826.603586433
2 16 2 0 482.270591256
32 16 1 1 2532.70287736
16 16 16 1 1516.03220904
2 32 2 0 467.977719501
8 16 8 0 1478.39321244
4 16 8 0 1059.15534013
4 16 2 1 715.274892285
16 16 4 1 1767.58097743
1 16 1 0 797.774847156
1 16 2 1 1421.14805289
1 32 1 1 671.932683687
8 8 4 0 1481.75830132
16 8 4 1 2010.11474693
16 16 8 0 1302.22741026
32 16 16 0 2311.80561842
8 16 1 1 1317.48750964
2 16 2 1 743.679532237
32 16 4 0 2359.37518947
32 16 32 0 2074.08655888
1 16 1 1 1025.06096945
32 16 8 1 2070.79179239
8 16 4 0 1477.17747191
32 16 1 0 2350.25907418
1 32 16 0 407.660241174
32 8 2 1 2478.33690238
2 32 4 0 554.775186942
2 32 1 0 549.99898429
8 8 32 1 1500.03626726
16 8 2 1 2115.16939926
4 16 4 1 840.405433898
8 16 32 0 1416.06158142
1 16 8 0 1050.62196203
4 16 32 0 1096.0886119
4 32 2 0 1110.29118599
2 32 32 0 663.331802821
16 16 32 1 1551.54589621
8 16 2 0 1571.31165194
32 8 16 0 2326.20991059
2 32 8 1 568.628049952
8 8 16 0 1395.91180803
32 16 2 0 2102.2931096
4 32 1 1 926.059862827
2 32 4 1 556.513096564
32 8 4 1 2577.81630558
1 16 4 1 924.389079241
32 8 1 1 2755.05015656
4 16 2 0 973.145284557
8 8 16 1 1500.08970085
4 16 4 0 1417.11649659
16 16 1 0 1893.02049793
1 16 4 0 529.566870003
4 32 2 1 1107.8516126
2 16 4 1 539.217893575
16 8 32 0 2011.65900375
32 16 2 1 2198.04356156
32 16 8 0 2350.72259837
1 32 32 0 771.664286562
8 16 1 0 1415.78310696
16 8 1 1 1811.31668105
1 32 16 1 972.647202499
2 16 32 1 578.631778928
4 32 1 0 1165.72907039
32 8 4 0 2593.79831264
1 32 2 0 1245.31764906
32 16 4 1 1948.2723413
8 8 8 1 1613.44569646
2 32 1 1 526.815174552
32 16 16 1 2381.48487543
1 16 2 0 1087.13740795
2 16 16 1 584.406740243
16 8 2 0 2030.31191592
4 32 32 0 923.564782227
4 16 16 1 1135.9277634
32 8 8 1 2283.8385497
4 32 16 0 848.967562201
8 8 8 0 1442.99243106
16 8 32 1 1944.85233332
32 8 1 0 2408.66721983
2 32 16 0 565.738996515
4 32 16 1 832.632261173
16 16 2 1 2167.10447434
4 32 32 1 665.268135255
8 16 4 1 1415.52423258
2 32 2 1 577.779500052
16 8 16 0 2004.63442796
32 8 8 0 2862.39226731
2 16 8 0 576.119990834
4 32 8 1 716.557063454
16 8 8 1 1957.33093508
1 16 16 1 917.587364898
32 8 32 1 2294.67970528
2 16 1 1 746.68614875
2 16 1 0 656.024405551
16 16 4 0 1541.76810561
1 16 8 1 1425.62893644
16 16 16 0 1496.3766173
8 16 2 1 1438.11976863
2 32 8 0 614.212552214
2 16 4 0 620.947945364
32 8 32 0 2327.40395891
2 16 16 0 554.831598893
2 16 32 0 524.50854722
1 32 4 1 1201.62426925
16 16 8 1 1444.94537294
2 32 32 1 532.605077931
4 32 4 1 917.232490979
1 16 32 1 1184.52663822
8 8 32 0 1578.77280773
8 16 8 1 1365.69122377
16 8 8 0 2166.00712351
16 8 16 1 2082.15249623
16 16 2 0 1719.59634472
8 16 16 1 1299.81916874
16 8 1 0 1908.72600538
1 16 32 0 408.613861191
4 1 8 1 794.207086737
1 1 16 1 594.915643316
2 1 16 0 523.466424644
16 32 32 1 1082.72862183
2 1 4 1 594.151660582
32 1 1 0 2619.18824004
2 1 8 1 819.576760314
32 1 16 1 1966.8897574
16 32 2 0 1508.68239101
16 1 16 0 1516.85468901
2 2 2 0 922.488538382
32 1 8 0 2380.80021506
4 2 4 1 1460.60709136
16 1 4 1 1806.7822346
32 32 16 0 1919.5448944
1 2 2 1 1119.7861487
8 32 8 1 1418.17260108
8 1 32 1 865.116530981
8 32 1 0 1265.35626629
4 1 2 1 1032.32394289
8 32 2 0 1250.27071976
16 1 4 0 1998.47804004
32 32 16 1 1526.63095408
8 1 2 1 1564.25128682
1 2 4 0 1517.65620726
8 32 8 0 930.341687119
4 1 16 1 1028.08483931
1 2 16 1 347.935430886
2 2 32 0 870.370057725
2 2 32 1 776.944237782
32 32 8 1 2222.02172889
32 32 2 1 2183.54662402
16 1 1 0 2029.67251146
2 2 4 0 988.008148738
8 1 1 0 1213.45208017
4 1 1 0 1158.96307739
1 2 16 0 1314.46097798
2 2 2 1 1131.59796553
32 1 32 1 1320.45288063
1 1 1 1 428.149489244
16 1 16 1 1742.58543328
1 1 2 1 690.172547941
8 1 1 1 1612.22012561
2 2 8 1 805.762610147
32 32 4 0 2483.12344469
32 1 32 0 1509.67250293
8 32 16 1 947.061126268
32 1 16 0 2135.70263701
16 1 8 1 1430.61002507
32 32 2 0 2566.66742951
4 1 2 0 1135.44993684
32 1 1 1 2525.82614111
1 1 32 1 404.485545073
1 2 8 0 1795.42537901
4 1 4 1 902.199377263
8 32 32 0 1316.18986929
4 2 1 1 1350.86924916
1 2 8 1 802.153974241
16 32 32 0 1070.58088798
2 1 32 1 678.394977316
2 1 8 0 726.092262275
16 32 2 1 1425.42689077
1 2 32 0 1047.87776139
8 1 16 0 879.493718006
16 1 32 0 973.428381185
1 1 2 0 878.103604861
32 32 4 1 2412.5750106
2 1 2 1 747.385208226
1 2 32 1 344.424488927
8 32 2 1 1369.60316045
32 1 4 0 2598.32434583
1 2 4 1 360.596778642
32 32 1 1 2117.46309792
32 32 8 0 2125.49410892
2 1 1 1 728.645438022
1 1 32 0 1127.70250573
4 1 1 1 930.652583697
32 32 32 1 1886.48178227
32 1 4 1 1821.47392265
8 1 8 1 1378.37357151
4 2 2 0 1377.81489649
4 1 32 1 772.831604841
16 1 32 1 888.169091269
8 1 16 1 1197.66493383
1 1 1 0 259.655665946
4 2 1 0 1435.75616701
4 2 4 0 1530.36550519
4 1 32 0 882.288512588
2 2 16 0 1004.17194092
32 1 8 1 2458.19171705
2 2 8 0 1032.01077591
8 1 8 0 1474.46965439
16 32 1 1 1669.43107433
16 32 1 0 1446.29003622
2 1 16 1 935.763312253
16 32 8 1 1762.604867
16 1 2 1 2074.82849276
1 1 8 1 418.525722673
4 1 16 0 868.392792995
16 1 1 1 1966.94719886
1 2 1 0 2125.09681147
16 32 16 0 1552.53596869
8 1 4 0 1468.0389647
1 2 1 1 347.237561849
8 1 4 1 1292.35869533
1 1 4 0 390.051804485
4 1 8 0 1107.3822329
8 32 4 0 1258.8517331
2 1 32 0 661.629021077
8 1 32 0 734.797287597
16 32 16 1 1759.36847181
32 32 1 0 2462.33111809
32 1 2 1 2669.32410035
32 32 32 0 1911.55165587
8 32 1 1 1198.86599864
16 32 8 0 1804.19812156
4 2 8 1 1523.99782899
1 1 8 0 899.96269112
4 2 2 1 1440.75730568
2 1 4 0 616.002268375
2 2 1 0 1128.9777546
16 1 2 0 1721.48444448
1 1 16 0 474.181952177
2 2 1 1 975.874360063
16 1 8 0 1457.86786213
2 1 2 0 553.807848218
1 2 2 0 1815.61088431
2 2 4 1 919.263389878
8 32 4 1 1400.15542376
2 2 16 1 865.116553285
2 1 1 0 575.288145353
8 1 2 0 1510.09686701
8 32 32 1 1455.41339899
1 1 4 1 1017.15423405
4 1 4 0 878.774617734
32 1 2 0 2304.58035299
16 32 4 1 1435.99852276
16 32 4 0 1800.1869254
8 32 16 0 1297.59850283
4 4 32 1 1078.2763932
1 8 16 0 1163.76208651
16 4 16 1 2140.77829685
1 4 1 1 993.105155349
2 8 32 1 933.21355921
4 2 32 0 810.95796603
8 4 16 0 2003.2742201
4 4 2 0 1591.97244021
16 4 16 0 2607.02181816
1 8 32 1 1402.0357431
16 2 16 0 2049.04793348
32 4 1 1 3515.68479751
2 4 2 1 1090.20488539
32 4 32 1 1663.99237017
16 2 1 0 2138.34444971
4 2 8 0 1571.22827664
1 8 4 0 1651.51272223
32 2 8 1 2267.019715
16 2 16 1 2140.80902817
16 2 4 1 2769.32265129
2 4 32 1 1044.19185981
1 4 1 0 396.466694983
32 2 1 1 2928.96678783
2 8 2 0 1061.62675277
4 8 1 1 1607.28947823
8 2 2 1 1990.17094731
32 2 16 1 1805.76845624
1 8 8 0 473.318011503
8 4 32 0 1305.9687133
2 4 16 0 965.521403843
1 4 2 0 924.371578717
2 8 8 1 1216.93396204
1 8 8 1 1789.808342
32 2 2 1 3378.69391062
2 8 1 1 1143.34577242
8 4 1 1 2039.61390012
4 4 1 1 1466.50573736
1 4 32 0 1576.92308908
16 4 8 1 2042.92678527
2 4 1 1 1031.17669352
8 4 8 1 2084.54215203
2 4 16 1 1163.97479512
16 4 4 0 2444.02917792
16 2 8 1 2165.56704273
8 2 1 1 1899.17951097
2 4 32 0 949.463693411
16 2 8 0 2493.86985462
1 8 1 0 1583.21239122
8 4 16 1 2058.75538843
32 4 32 0 1568.27830617
8 2 1 0 1644.60557696
16 4 8 0 2320.08269939
8 2 16 0 1502.06282916
1 4 8 1 825.075539299
4 2 16 0 1427.69287879
16 4 1 0 2206.72871968
2 8 4 1 1181.37616192
4 4 32 0 920.22772822
2 8 16 1 1038.66728019
4 4 4 0 1620.90008192
2 4 4 1 1063.96887376
2 4 1 0 1212.17698483
32 4 4 0 3021.37764072
8 2 16 1 1650.58194319
32 4 8 0 3067.19105108
8 2 4 0 2023.94900976
4 2 16 1 1474.39534181
8 4 1 0 1983.01686865
1 8 1 1 1829.5385359
16 4 32 1 1517.35868471
2 8 1 0 1265.23129528
32 2 8 0 2593.18721052
1 4 8 0 920.007889761
8 2 8 0 1689.64887739
2 4 4 0 1097.95445772
32 2 4 0 2863.69843074
32 2 32 1 1344.79744459
1 4 2 1 1207.59170274
1 4 4 0 369.062583416
1 8 32 0 434.057972348
4 4 1 0 1349.65605183
32 4 2 0 3402.95019175
16 2 32 0 1710.07645064
8 4 2 0 2198.90451497
32 2 2 0 3462.18817933
8 4 32 1 1493.1437578
32 4 2 1 3290.81446617
16 2 2 1 2256.21441944
32 4 4 1 3135.458164
32 2 32 0 1217.27927512
1 4 16 1 1033.73866102
2 8 16 0 1091.80746888
8 2 8 1 1764.27007153
32 4 1 0 3074.21600469
4 4 8 0 1390.38628619
2 4 2 0 1408.12587824
2 8 8 0 1352.5965772
4 2 32 1 962.932430641
8 2 4 1 1952.44537374
4 4 8 1 1682.61808075
1 4 32 1 401.87251012
8 4 4 1 1890.91210631
16 4 2 1 2431.88154736
16 2 4 0 2752.41242096
1 8 2 0 1307.51914955
4 4 16 1 1379.60714791
32 2 16 0 1766.16162479
32 2 4 1 2995.87591138
2 4 8 0 869.187005798
4 4 16 0 1194.48598869
2 4 8 1 1196.47249317
4 4 2 1 1724.95516687
16 4 32 0 1771.91792485
2 8 2 1 1276.11405139
4 4 4 1 1494.83437061
1 4 4 1 1463.60892776
8 2 32 1 1402.06828053
32 2 1 0 3568.00527352
16 4 2 0 2653.71708526
32 4 16 1 2457.40096059
16 2 1 1 2296.77647688
8 4 8 0 2029.08955877
16 2 32 1 1285.3916873
32 4 8 1 3038.54437694
1 4 16 0 1097.44241732
1 8 16 1 1440.5733116
1 8 2 1 367.302642377
8 2 32 0 1301.79001602
16 4 4 1 2352.82103698
8 2 2 0 1789.5286426
8 4 4 0 1643.01802507
16 4 1 1 2580.59444683
2 8 32 0 1174.50401389
16 2 2 0 2576.98391051
1 8 4 1 1156.98702858
2 8 4 0 1142.55042355
8 4 2 1 1858.28629131
32 4 16 0 2505.36876835
