8 8 8 0 2349.1494299
16 8 4 1 4174.7901499
4 4 4 1 1952.24176717
16 8 16 0 2407.74967238
2 8 8 0 1717.92537952
2 8 16 0 1552.56450441
8 4 16 0 2289.57062912
4 8 2 0 2280.4021427
32 4 2 1 3640.0296478
8 8 2 0 2733.74937711
8 8 8 1 2945.06397405
1 8 32 0 2075.24523624
8 4 4 0 2550.09582101
8 4 8 1 2492.64152989
4 8 4 1 2184.46046914
16 8 16 1 2399.94750892
4 8 32 1 1182.99115667
4 8 1 1 2215.7136736
2 8 2 1 1471.22586694
16 8 8 1 3162.52229571
1 8 8 1 664.971663561
1 8 4 0 1876.33986893
8 4 2 0 3018.42409598
8 8 32 0 1694.29236653
32 4 8 0 3252.16487603
16 4 32 0 1861.33014827
32 4 8 1 3142.72191467
16 4 1 1 3108.12935547
2 8 4 0 1553.7854271
8 4 8 0 2111.74205614
4 8 8 1 2054.06114331
8 8 4 1 2708.28088087
16 4 1 0 3870.2068931
2 8 4 1 1523.04896945
16 4 2 0 3426.97685722
2 8 1 1 1450.40946661
1 8 16 0 1632.40451138
8 4 1 1 2834.48030218
32 4 32 1 2354.8908132
16 4 4 1 3632.63935658
8 8 2 1 3382.30279327
4 4 16 0 1776.48745734
32 4 1 0 4807.2009234
1 8 16 1 2264.05904986
32 4 4 0 4018.68688214
16 8 1 0 4241.19244547
4 8 4 0 2129.70800911
16 8 2 1 4085.87284153
4 8 16 1 1893.50138167
8 8 16 1 1074.38937995
8 4 1 0 2383.65528358
2 8 2 0 1405.14746432
8 8 4 0 2827.76394954
4 8 2 1 2242.28511861
8 4 2 1 2830.62204686
4 4 4 0 2154.00383593
16 8 8 0 2334.66398196
16 4 8 1 2696.6103712
8 8 1 1 2838.64743803
2 8 8 1 1665.05217532
4 4 8 1 2074.87780524
2 8 32 0 1685.92558714
1 8 8 0 1926.2600587
4 4 32 0 1603.14424118
8 8 1 0 3282.28516314
16 4 32 1 1793.92688695
4 8 16 0 1287.70444278
4 4 32 1 1657.64061871
1 8 32 1 616.205372109
16 4 4 0 2660.62521738
1 8 2 1 1208.54700939
8 4 4 1 2921.82138807
16 8 1 1 4082.8417118
2 8 16 1 1058.12630221
4 8 8 0 2252.16554572
16 4 2 1 3974.82318941
8 4 32 1 1795.83133635
8 8 16 0 2099.85557265
1 8 4 1 2131.00705323
4 8 32 0 1545.17909289
16 4 16 1 2025.06215496
8 8 32 1 1646.80100183
1 8 1 0 1764.76112525
16 8 2 0 4062.60984134
8 4 32 0 1715.04225157
4 8 1 0 2143.12998999
32 4 32 0 2881.93406913
32 4 2 0 4584.865067
32 16 2 0 4997.36227882
32 8 16 0 2667.01735185
8 16 32 1 1767.97128745
32 8 2 1 4696.93040319
8 16 2 1 2608.98512917
2 16 32 1 2043.50325724
2 16 8 1 1482.86102657
32 8 1 0 4868.86553215
32 16 1 1 4294.49872504
1 16 16 1 740.233632442
32 8 4 0 3426.86010227
1 32 8 1 854.360023574
32 16 16 0 2807.49334795
1 16 8 1 1693.55854751
1 32 4 0 2073.09339134
4 16 4 1 2434.1626468
32 16 16 1 2538.52702308
16 16 2 1 4049.12174117
32 16 2 1 4497.10272252
1 32 32 0 2136.51991123
8 16 4 0 3184.5533101
2 16 8 0 1660.26760804
32 8 4 1 4089.41724096
16 16 1 0 4315.96952613
1 32 16 1 2088.11750209
32 8 16 1 2578.20458664
32 16 32 1 1955.94066716
2 32 1 1 2019.2485226
32 8 2 0 4759.51547665
32 16 1 0 4640.3841507
32 16 8 0 3232.65292658
1 32 1 0 1689.86320859
8 16 1 1 3303.12701914
1 32 16 0 2034.2670336
1 16 4 1 835.056104855
32 8 8 1 3105.86663733
1 16 1 0 2035.25291113
1 16 2 1 865.11320603
32 8 32 1 2162.72947649
4 16 8 1 2192.20331964
1 32 32 1 1063.11275512
1 32 4 1 2126.4385965
2 16 1 0 1808.80405361
4 16 8 0 2169.1977168
1 16 8 0 2144.08606772
2 16 16 0 1616.06471745
16 16 32 0 1718.64741887
8 16 2 0 2985.31124652
16 16 2 0 4600.35195289
32 16 32 0 2659.45067553
32 8 32 0 2919.3933453
32 16 4 1 4407.79700256
4 16 1 1 2398.93726918
32 16 8 1 2878.37986988
4 16 32 1 1305.73548693
32 8 8 0 3362.00541359
2 16 2 1 1446.17708623
1 32 2 0 2092.80280486
16 16 4 0 3809.77131086
16 8 32 0 1880.1200602
16 8 32 1 2040.04239282
2 32 2 1 1834.1887549
16 16 4 1 3794.83810881
2 16 32 0 1463.32696617
16 16 32 1 2008.33950582
1 16 2 0 1021.61295196
32 8 1 1 5131.54814915
16 16 1 1 3408.79442537
4 16 2 0 2343.00765923
1 16 4 0 2085.43454309
1 32 8 0 2073.1404825
2 16 1 1 1354.13238839
4 16 4 0 2424.23162943
8 16 16 0 1527.14704669
2 16 2 0 1633.13311403
8 16 32 0 1620.42291268
1 32 1 1 1921.74851786
8 16 1 0 3147.68758802
16 16 16 0 2482.79917829
8 16 16 1 1769.91344698
2 32 1 0 1855.01309482
2 16 4 0 1717.23390896
16 16 16 1 2535.82413512
8 16 8 0 2733.18986252
16 16 8 0 2801.29766503
1 16 32 1 2167.37185254
2 16 4 1 1514.19938251
4 16 16 1 1279.87107172
1 32 2 1 980.39395519
16 16 8 1 3562.69524656
8 16 4 1 1905.95109527
32 16 4 0 4277.43627839
4 16 16 0 1742.54004959
2 16 16 1 1449.0046835
1 16 16 0 2635.21141602
4 16 1 0 2319.0426056
4 16 2 1 2412.66028136
8 16 8 1 2791.64120315
1 16 1 1 1873.96959527
1 16 32 0 2267.9534525
4 16 32 0 2007.56363542
2 2 16 0 1398.66231632
32 1 4 1 727.970399943
8 2 4 1 776.026812071
1 2 16 0 592.454727547
8 1 16 0 743.71972045
8 2 16 1 757.964107743
16 2 2 1 756.775638137
8 32 8 0 2868.04042076
4 2 1 0 773.399380598
8 32 4 1 3133.07495906
1 1 16 0 511.520214717
8 1 32 1 766.431978157
8 1 8 1 744.688137411
2 1 1 0 954.070022682
4 32 8 1 2203.08873739
32 1 8 0 734.387247361
1 2 1 0 595.807847402
8 1 2 0 679.978790567
4 2 2 0 773.981736628
1 2 32 1 1955.22167636
8 1 16 1 757.959854092
4 1 32 1 752.476891385
4 1 2 0 774.090507383
16 1 16 1 718.975096222
2 32 4 0 1844.77873897
4 1 2 1 728.998983834
8 32 8 1 2634.59049641
2 1 32 1 888.865142812
32 32 8 0 740.767525015
2 1 32 0 749.066648995
1 2 2 0 1806.0310259
4 32 16 1 1855.03366952
16 32 4 0 750.941348279
16 32 1 0 4262.77877621
4 2 8 1 762.58499592
2 2 16 1 774.32605099
8 32 32 0 1715.83242847
2 1 4 1 515.39967257
16 2 4 1 732.376618271
8 1 4 0 761.895011289
32 32 8 1 740.099076894
2 2 32 0 1591.96492846
8 2 1 0 772.104077525
2 1 16 1 765.341553058
2 1 8 1 780.737497448
8 1 4 1 752.007066192
4 32 32 0 1964.58874088
2 32 32 1 1719.5204311
16 1 32 0 759.818156363
4 2 32 1 778.318706059
32 1 1 0 703.994717488
1 1 1 1 563.096753003
2 32 16 0 1439.58030991
4 1 32 0 769.003300865
16 1 2 1 721.399289517
32 1 2 1 725.936209377
8 32 2 0 3112.72240191
4 1 4 0 765.1990353
1 1 32 1 1856.68284381
32 1 1 1 726.232748726
8 2 2 0 763.893648697
16 32 8 1 744.202877578
32 32 16 0 733.488580357
32 1 16 0 739.673280534
16 2 8 0 753.491374974
8 1 32 0 558.486908614
16 1 1 1 739.312049301
2 2 1 1 705.76262944
16 2 8 1 765.342720472
16 32 16 0 738.944750367
2 2 2 0 1338.45660427
4 1 4 1 774.293999995
32 32 32 1 743.577352368
1 1 1 0 475.000945136
16 32 4 1 735.529532028
1 1 2 0 1773.05024079
4 2 16 0 781.063875778
32 32 16 1 732.895521423
4 32 32 1 1751.75633562
8 32 2 1 3024.90942494
8 32 1 0 2979.03087267
2 2 1 0 1406.41958361
8 2 32 1 765.277536219
2 32 2 0 1796.00336458
16 2 1 1 761.960856085
4 2 2 1 769.889426441
1 2 4 1 864.771407109
2 1 4 0 1016.35864177
1 1 8 0 1739.71380525
2 1 16 0 708.802648817
2 32 4 1 1704.63458242
1 2 1 1 586.516768241
4 1 8 0 777.921497481
8 2 32 0 773.53526199
4 32 16 0 1810.18884993
16 1 8 1 744.239364582
4 2 8 0 774.850125877
2 32 16 1 1674.48774914
16 32 8 0 749.144234501
1 2 4 0 561.045286895
4 1 8 1 742.976312448
32 1 4 0 755.128990251
16 1 2 0 761.588204689
2 2 32 1 569.354834641
8 1 1 1 757.700407479
8 32 16 0 2184.62071455
1 1 8 1 1683.40845442
32 1 16 1 736.300582968
8 32 16 1 2029.82626212
16 32 1 1 4002.83881774
16 2 1 0 757.709703026
16 2 2 0 765.323341316
1 2 8 1 2486.59093836
2 1 2 0 987.467543747
1 2 32 0 1592.93496441
8 1 1 0 762.975289049
1 1 2 1 1585.45728417
2 2 4 1 656.451634649
16 2 4 0 742.974158365
4 2 16 1 777.58196087
2 2 8 1 624.137005377
8 2 16 0 765.05543405
32 1 2 0 758.919701821
8 1 8 0 770.250604545
1 1 32 0 1454.55287227
4 32 8 0 2086.75512593
8 2 1 1 751.691406321
8 32 32 1 1704.72290436
16 32 32 1 736.291095915
32 1 32 0 752.560939437
4 1 1 1 771.66086672
32 32 2 0 750.843878811
1 1 4 1 468.933914747
16 1 4 1 729.18730815
16 1 16 0 696.587938429
32 32 1 0 743.922773908
32 32 4 1 721.429602411
16 1 8 0 745.895586995
1 2 2 1 1512.68890286
2 1 8 0 924.489047671
8 2 8 1 766.546643143
2 32 32 0 1947.78995557
32 1 32 1 713.757722695
8 32 1 1 3230.2911991
2 2 8 0 1373.53372807
4 1 16 0 775.267690245
8 2 2 1 772.955558261
4 32 2 1 2296.07344604
32 32 1 1 741.515248153
32 1 8 1 720.355994718
8 32 4 0 2687.77814314
4 2 32 0 778.492268445
8 2 4 0 773.344945048
4 1 1 0 775.233546281
2 2 2 1 638.65774962
1 1 4 0 528.393608089
4 2 4 1 722.293265639
4 32 2 0 2215.79124403
1 2 8 0 2034.79995514
4 2 1 1 777.506970474
2 32 8 0 1738.55956342
16 1 4 0 713.381267261
4 32 4 1 2193.13334049
2 1 1 1 358.910176802
4 32 4 0 2450.0621176
32 32 32 0 730.873138485
4 1 16 1 775.166020056
32 32 2 1 730.0588332
4 2 4 0 751.697002863
16 32 32 0 747.523825638
16 1 32 1 728.702224037
8 2 8 0 773.254614821
4 32 1 1 1772.33747549
8 1 2 1 769.782658067
2 2 4 0 1324.09318756
16 32 2 1 3750.32211296
1 2 16 1 789.066624619
1 1 16 1 346.117316941
32 32 4 0 743.268833709
16 32 16 1 737.735508284
16 1 1 0 757.744497182
2 1 2 1 417.505285527
2 32 8 1 1507.99415859
4 32 1 0 2330.50592824
16 4 16 0 751.464875549
32 4 4 1 763.835342865
4 4 1 0 771.657963581
1 8 2 0 2036.4781246
32 2 16 0 746.552158537
32 4 16 1 745.209200833
8 4 16 1 770.334845764
4 4 8 0 768.932064908
1 4 2 1 775.761894086
32 4 16 0 755.231599334
16 4 8 0 769.830066546
4 4 16 1 778.355280504
1 8 1 1 1973.65394661
1 4 16 1 589.284305787
32 4 1 1 749.754121247
