4 4 4 1 766.980687862
32 2 8 1 753.470738139
8 4 16 0 766.057657938
32 4 2 1 719.663548155
1 4 8 0 1238.87829029
8 4 4 0 777.759707328
32 2 32 0 762.094275544
8 4 8 1 774.117881348
1 4 8 1 1387.56473461
32 2 4 1 732.201092612
16 2 32 1 768.004313071
32 2 8 0 760.444993615
8 4 2 0 773.644417321
1 4 32 1 583.413523136
16 2 16 1 769.280497969
2 4 32 1 775.07583181
16 2 32 0 769.347644845
4 4 2 1 767.56295572
32 4 8 0 745.485106185
2 4 2 0 773.776782654
16 4 32 0 757.081704156
32 4 8 1 752.063037605
16 4 1 1 770.307166724
8 4 8 0 762.763756753
16 4 1 0 765.612054571
2 4 4 0 1486.57377643
2 4 8 1 767.244082013
32 2 4 0 739.888887143
16 4 2 0 770.355648492
8 4 1 1 762.019168115
32 4 32 1 755.405212332
16 4 4 1 737.539883447
4 4 16 0 781.802042674
32 4 1 0 753.383674562
32 4 4 0 741.740159028
2 4 2 1 1494.4191448
8 4 1 0 754.227348769
16 2 16 0 768.229609502
8 4 2 1 765.501729342
32 2 1 0 740.792904648
4 4 4 0 780.136851791
2 4 16 1 769.902542712
1 4 32 0 2403.17179126
16 4 8 1 752.569434153
32 2 1 1 713.519344811
32 2 16 1 731.883975493
4 4 8 1 774.928114032
1 4 1 1 1786.36338348
4 4 32 0 776.207167186
2 4 4 1 771.328298563
4 4 2 0 771.485317377
16 4 32 1 762.099595336
4 4 32 1 771.536145699
1 4 4 0 2423.46626799
16 4 4 0 735.946435911
2 4 16 0 1522.51419633
1 8 2 1 843.551176456
8 4 4 1 773.962514443
4 4 1 1 777.0701675
1 4 1 0 2276.64731107
32 2 2 0 741.684801624
2 4 8 0 1635.1291698
16 4 2 1 751.14088474
32 2 2 1 733.789187003
1 4 4 1 601.962557084
2 4 32 0 1582.45960654
8 4 32 1 756.381312866
16 4 16 1 751.356341951
1 4 2 0 594.334926608
2 4 1 1 1478.15879548
32 2 32 1 746.019235613
1 8 1 0 2162.00909802
2 4 1 0 766.540226819
1 4 16 0 1548.53965898
8 4 32 0 771.226113423
32 4 32 0 747.334910646
32 4 2 0 740.688244032
2 8 32 1 773.287980442
32 8 16 0 738.322843484
32 8 2 1 744.147876577
16 8 4 0 759.473781641
2 8 1 0 1325.97309199
2 16 32 1 1523.3124286
2 16 8 1 1752.4034463
8 8 8 0 753.868517424
16 8 4 1 770.741805447
16 8 16 0 769.071346817
32 8 1 0 747.256550138
2 8 8 0 1700.21228831
1 16 16 1 1055.7754511
32 8 4 0 747.58619219
2 8 16 0 1670.3369811
1 16 8 1 1661.14471125
4 8 2 0 773.980740766
8 8 2 0 768.507173081
8 8 8 1 764.115476402
1 8 32 0 673.651702779
2 16 8 0 778.668570729
32 8 4 1 746.989871042
4 8 4 1 776.232376287
16 8 16 1 766.209547209
32 8 16 1 746.25116623
4 8 32 1 772.80755174
4 8 1 1 769.714519297
32 8 2 0 755.990879352
2 8 2 1 780.226393355
16 8 8 1 767.414426365
1 8 8 1 590.440027067
1 8 4 0 1347.09674513
1 16 4 1 1027.02861187
32 8 8 1 750.704436165
1 16 1 0 543.508478255
1 16 2 1 2140.34237936
32 8 32 1 745.264198484
8 8 32 0 772.314928894
2 16 1 0 1731.56660756
2 8 4 0 1738.94319234
4 8 8 1 775.831634736
1 16 8 0 2023.76488526
8 8 4 1 771.623873432
2 16 16 0 781.369965679
2 8 4 1 778.700888911
32 8 32 0 754.667527906
2 8 1 1 766.11463908
1 8 16 0 1216.41335093
8 8 2 1 772.901708136
1 8 16 1 2096.39417649
4 16 1 1 765.137394955
16 8 1 0 770.295512114
4 8 4 0 774.831830628
16 8 2 1 734.494990719
4 8 16 1 777.742730659
8 8 16 1 755.705171036
2 8 2 0 1446.29113851
8 8 4 0 778.739275532
4 8 2 1 775.063945739
32 8 8 0 747.055584146
2 16 2 1 781.277086005
16 8 32 0 743.042884418
16 8 32 1 764.526997138
2 16 32 0 780.343073965
16 8 8 0 763.490366188
8 8 1 1 767.814670701
2 8 8 1 775.827839652
1 16 2 0 2014.25672165
32 8 1 1 746.147980585
1 16 4 0 586.930178595
2 16 1 1 742.345312317
2 8 32 0 1723.40083812
2 16 2 0 1825.18611183
1 8 8 0 2280.73919909
8 8 1 0 773.246053216
4 8 16 0 764.790228224
1 8 32 1 586.634592765
2 16 4 0 771.092927525
1 16 32 1 2180.0205888
16 8 1 1 771.391458633
2 8 16 1 765.367981673
2 16 4 1 767.009010474
4 8 8 0 766.683261077
8 8 16 0 719.200593621
1 8 4 1 2196.06957213
4 8 32 0 778.452783072
8 8 32 1 763.100148035
16 8 2 0 752.75806307
2 16 16 1 1310.87248164
1 16 16 0 513.200971352
4 16 1 0 777.708647173
4 16 2 1 756.514075231
4 8 1 0 772.662587632
1 16 1 1 885.908778075
1 16 32 0 798.269664399
32 16 2 0 732.975416986
8 16 32 1 761.289045094
8 32 8 0 768.331738795
8 16 2 1 751.188518412
8 32 4 1 769.532370239
4 32 8 1 767.473244246
2 32 4 0 1779.2623165
32 16 1 1 737.745841085
8 32 8 1 754.834548342
32 32 8 0 743.211825506
1 32 8 1 526.313778699
4 32 16 1 757.961079352
16 32 4 0 758.928456025
16 32 1 0 745.26284323
32 16 16 0 752.940052074
1 32 4 0 1178.76247106
8 32 32 0 734.100747879
4 16 4 1 771.542202416
32 16 16 1 743.746175991
32 32 8 1 730.081319975
16 16 2 1 747.482212956
32 16 2 1 745.801497549
1 32 32 0 1237.73339044
8 16 4 0 751.426440869
4 32 32 0 768.266148863
2 32 32 1 769.830367352
16 16 1 0 739.342743391
1 1 1 1 1534.91096987
1 32 16 1 1652.48040487
2 32 16 0 1420.38495653
32 16 32 1 739.245014268
2 32 1 1 764.781703231
8 32 2 0 771.224603937
32 16 1 0 747.327394523
32 16 8 0 737.345435767
16 32 8 1 733.109146378
32 32 16 0 726.531302642
1 32 1 0 2069.09400124
8 16 1 1 765.239715352
1 32 16 0 911.665331311
4 16 8 1 780.734783907
1 32 32 1 580.165803854
16 32 16 0 750.512756255
1 32 4 1 1850.88061786
32 32 32 1 725.884091091
4 16 8 0 775.846966804
1 1 1 0 1750.962913
16 32 4 1 722.044929054
32 32 16 1 738.532413503
4 32 32 1 773.705852686
16 16 32 0 738.374110317
8 32 2 1 766.150050912
8 32 1 0 742.229668883
2 32 2 0 1836.01595915
8 16 2 0 764.745723318
16 16 2 0 745.162100062
32 16 32 0 745.72578628
2 32 4 1 763.278936176
32 16 4 1 732.661835802
4 32 16 0 776.659836215
32 16 8 1 737.565893549
4 16 32 1 771.794720444
2 32 16 1 758.152720868
16 32 8 0 751.312558783
1 32 2 0 516.887264156
16 16 4 0 769.936163481
8 32 16 0 741.496485921
8 32 16 1 739.015082844
16 32 1 1 752.99045943
2 32 2 1 767.085795298
16 16 4 1 759.034879744
4 32 8 0 768.142440267
16 16 32 1 764.026343329
8 32 32 1 761.426365383
16 32 32 1 741.274724177
16 16 1 1 726.888974776
4 16 2 0 775.987649298
32 32 2 0 740.784620046
1 32 8 0 2271.82892588
4 16 4 0 768.455027154
8 16 16 0 766.115374287
8 16 32 0 753.237524796
1 32 1 1 2069.5620964
8 16 1 0 773.118703969
32 32 1 0 734.023349072
32 32 4 1 737.456513016
16 16 16 0 772.108141631
8 16 16 1 767.403064797
2 32 32 0 771.358048671
2 32 1 0 1685.02247045
8 32 1 1 754.155439173
16 16 16 1 748.858440991
8 16 8 0 762.278234172
16 32 2 0 763.747369777
16 16 8 0 748.062684769
4 32 2 1 766.004409413
32 32 1 1 714.164169465
8 32 4 0 745.428624329
4 16 16 1 766.836693753
4 32 2 0 769.296806825
2 32 8 0 1489.45363636
4 32 4 1 768.617890448
4 32 4 0 767.281424133
32 32 32 0 750.493415298
32 32 2 1 735.137502475
1 32 2 1 1199.36226137
16 32 32 0 747.43627344
16 16 8 1 745.721863097
8 16 4 1 771.759236989
32 16 4 0 744.924669956
4 16 16 0 777.145017409
4 32 1 1 766.252213096
16 32 2 1 746.682198711
32 32 4 0 744.517605661
8 16 8 1 750.483042304
16 32 16 1 739.308664173
2 32 8 1 767.819354135
4 32 1 0 774.562595657
4 16 32 0 772.102250913
4 4 1 0 766.927738216
2 2 16 0 1478.39892159
32 1 4 1 743.618734825
32 2 16 0 746.532382756
8 2 4 1 768.178789978
1 2 16 0 566.847244317
8 1 16 0 772.40486467
4 4 8 0 780.715437704
8 2 16 1 757.231968998
16 2 2 1 736.359830829
4 2 1 0 779.412678589
1 4 2 1 1722.96355491
4 4 16 1 782.900284688
1 1 16 0 557.819080988
8 1 32 1 757.326692012
8 1 8 1 755.313721556
2 1 1 0 767.109966
32 1 8 0 747.618602652
1 4 16 1 597.938028695
1 2 1 0 2176.8390455
8 1 2 0 761.522108328
4 2 2 0 778.946002584
1 2 32 1 2260.71370913
8 1 16 1 760.946040511
