1 1 2 0 1008.63286151
1 1 4 1 1175.03718538
1 1 4 0 982.251087112
1 1 8 1 158.445248274
1 1 8 0 266.244896754
1 1 16 1 506.222991284
1 1 16 0 212.826831591
1 1 32 1 209.524058232
1 1 32 0 284.746706237
2 1 1 1 1045.22860186
2 1 1 0 862.932503669
2 1 2 1 699.806771636
2 1 2 0 1076.42156047
2 1 4 1 1229.91275133
2 1 4 0 889.369652353
2 1 8 1 864.844774405
2 1 8 0 463.064755313
2 1 16 1 737.504033836
2 1 16 0 1047.15232468
2 1 32 1 773.413418329
2 1 32 0 932.810825209
4 1 1 1 1235.19448096
4 1 1 0 1197.98997552
4 1 2 1 1071.94141729
4 1 2 0 1598.43689235
4 1 4 1 1388.31852288
4 1 4 0 1330.79403933
4 1 8 1 1099.60170008
4 1 8 0 1438.91747565
4 1 16 1 927.787472393
4 1 16 0 1246.00572675
4 1 32 1 1261.59974902
4 1 32 0 1193.18554844
8 1 1 1 1748.50045336
8 1 1 0 1643.89524627
8 1 2 1 2153.17402147
8 1 2 0 1417.30515389
8 1 4 1 1788.36553097
8 1 4 0 2063.84403655
8 1 8 1 1895.41899796
8 1 8 0 1504.92612045
8 1 16 1 1928.224399
8 1 16 0 1712.00717547
8 1 32 1 1936.38910978
8 1 32 0 1792.23122454
16 1 1 1 2179.0704436
16 1 1 0 2181.05741925
16 1 2 1 2551.45500284
16 1 2 0 1867.08665181
16 1 4 1 1894.21313954
16 1 4 0 2552.79999981
16 1 8 1 2556.28945987
16 1 8 0 2347.79216469
16 1 16 1 1887.45863297
16 1 16 0 2183.44003148
16 1 32 1 2384.36787751
16 1 32 0 2393.01126837
32 1 1 1 2391.96778727
32 1 1 0 2530.44811349
32 1 2 1 3097.81020442
32 1 2 0 2928.46156177
32 1 4 1 2040.23765588
32 1 4 0 1705.46855432
32 1 8 1 2144.55018947
32 1 8 0 1790.1852364
32 1 16 1 1771.80919929
32 1 16 0 1929.67076312
32 1 32 1 1224.09929954
32 1 32 0 1331.19391365
1 2 1 1 173.175504417
1 2 1 0 933.9651292
1 2 2 1 366.56511565
1 2 2 0 183.313060372
1 2 4 1 911.085704105
1 2 4 0 1144.45780459
1 2 8 1 443.232421639
1 2 8 0 168.209369732
1 2 16 1 855.647064725
1 2 32 1 728.437126153
1 2 32 0 1087.7575855
2 2 1 1 957.613936836
2 2 1 0 752.870759571
2 2 2 1 251.438546749
2 2 2 0 561.186030147
2 2 4 1 1016.74928774
2 2 4 0 785.553722349
2 2 8 1 985.780474834
2 2 8 0 812.467866303
2 2 16 1 351.420260737
2 2 16 0 259.288961173
2 2 32 1 222.331732484
2 2 32 0 331.98149513
4 2 1 1 1189.98288401
4 2 1 0 1055.06406885
4 2 2 1 1285.95160869
4 2 2 0 1007.69692178
4 2 4 1 917.03251287
4 2 4 0 1098.99472658
4 2 8 1 1076.50414455
4 2 8 0 1100.48106465
4 2 16 1 1211.45812182
4 2 16 0 937.258819468
4 2 32 1 1059.06165125
4 2 32 0 1303.2182877
8 2 1 1 1328.13378741
8 2 1 0 1483.50805714
8 2 2 1 1479.16049123
8 2 2 0 1436.48733879
8 2 4 1 1748.29166688
8 2 4 0 1527.96461722
8 2 8 1 1411.04059539
8 2 8 0 1288.17594478
8 2 16 1 1539.45641087
8 2 16 0 1294.00522832
8 2 32 1 1240.35786174
8 2 32 0 1352.2760355
16 2 1 1 2015.46680322
16 2 1 0 1897.19881852
16 2 2 1 1964.11656167
16 2 2 0 1961.45354145
16 2 4 1 1749.302884
16 2 4 0 1995.35946664
16 2 8 1 2068.72547021
16 2 8 0 2023.47293202
16 2 16 1 1895.28510917
16 2 16 0 2098.99563553
16 2 32 1 1810.49848489
16 2 32 0 1762.18034095
32 2 1 1 2678.14735555
32 2 1 0 2907.92963109
32 2 2 1 2763.30757154
32 2 2 0 2654.15732473
32 2 4 1 2575.03417503
32 2 4 0 2626.79450623
32 2 8 1 2982.70575588
32 2 8 0 2277.50740138
32 2 16 1 1951.08466025
32 2 16 0 2372.85405695
32 2 32 1 1796.73111088
32 2 32 0 2222.94031665
1 4 1 1 218.397696473
1 4 1 0 746.466907354
1 4 2 1 235.252111295
1 4 2 0 902.690148678
1 4 4 1 1198.52334853
1 4 4 0 989.234137749
1 4 8 1 236.329394393
1 4 8 0 488.498568791
1 4 16 1 1358.95400651
1 4 16 0 1008.73439733
1 4 32 1 223.305078579
1 4 32 0 998.83693997
2 4 1 1 719.2661876
2 4 1 0 806.39607806
2 4 2 1 763.88598986
2 4 2 0 724.734857088
2 4 4 1 572.159123457
2 4 4 0 691.228233924
2 4 8 1 917.959534583
2 4 8 0 656.859706983
2 4 16 1 792.957664456
2 4 16 0 492.156677515
2 4 32 1 801.861129384
2 4 32 0 666.275528693
4 4 1 1 1133.80371522
4 4 1 0 1036.37604456
4 4 2 1 1024.67809238
4 4 2 0 1096.14805772
4 4 4 1 1070.80772761
4 4 4 0 1023.18159978
4 4 8 1 1034.62773233
4 4 8 0 1208.7097967
4 4 16 1 1118.13521764
4 4 16 0 950.639009687
4 4 32 1 1176.11474553
4 4 32 0 1017.07818486
8 4 1 1 1544.98821757
8 4 1 0 1518.30204074
8 4 2 1 1432.44777863
8 4 2 0 1461.1702694
8 4 4 1 1437.80231346
8 4 4 0 1544.48238478
8 4 8 1 1405.14766125
8 4 8 0 1554.48096305
8 4 16 1 1522.25469116
8 4 16 0 1603.46218619
8 4 32 1 1232.17942495
8 4 32 0 1634.81237083
16 4 1 1 1948.8289452
16 4 1 0 1966.10945297
16 4 2 1 2088.4794355
16 4 2 0 2228.37950984
16 4 4 1 2269.6245117
16 4 4 0 1988.43593093
16 4 8 1 2098.81214484
16 4 8 0 2005.37238106
16 4 16 1 1826.50646268
16 4 16 0 1393.80670668
16 4 32 1 1222.30881621
16 4 32 0 1793.65627562
32 4 1 1 2649.09634799
32 4 1 0 2471.888844
32 4 2 1 2424.76288543
32 4 2 0 2808.91351316
32 4 4 1 2572.93922366
32 4 4 0 2524.20293508
32 4 8 1 2005.14450122
32 4 8 0 2088.2166569
32 4 16 1 1772.9335226
32 4 16 0 2079.97582467
32 4 32 1 2283.56866685
32 4 32 0 1790.63297754
1 8 1 1 280.487731356
1 8 1 0 921.388023693
1 8 2 1 1319.44221469
1 8 2 0 935.897124898
1 8 4 1 255.651167144
1 8 4 0 1071.32045571
1 8 8 1 710.392229806
1 8 8 0 740.808662485
1 8 16 1 1024.44715348
1 8 16 0 361.319930776
1 8 32 1 857.412463845
1 8 32 0 1169.53591631
2 8 1 1 712.718816478
2 8 1 0 793.802691528
2 8 2 1 615.631493426
2 8 2 0 745.499861194
2 8 4 1 972.212577625
2 8 4 0 790.684884869
2 8 8 1 668.611622308
2 8 8 0 742.101234696
2 8 16 1 717.920525232
2 8 16 0 726.852656416
2 8 32 1 683.838890099
2 8 32 0 904.945895095
4 8 1 1 1047.15630497
4 8 1 0 985.728655591
4 8 2 1 1107.49212522
4 8 2 0 1050.86167496
4 8 4 1 1103.73192667
4 8 4 0 1178.1931522
4 8 8 1 992.85397674
4 8 8 0 1003.76146327
4 8 16 1 1022.8306416
4 8 16 0 1090.58689459
4 8 32 1 1080.23958458
4 8 32 0 1012.47183947
8 8 1 1 1604.86727099
8 8 1 0 1279.31665852
8 8 2 1 1554.768741
8 8 2 0 1452.25496553
8 8 4 1 1407.73649545
8 8 4 0 1444.31829099
8 8 8 1 1528.26567143
8 8 8 0 1556.97788995
8 8 16 1 1427.08226007
8 8 16 0 1577.74444537
8 8 32 1 1373.34440037
8 8 32 0 1490.00612298
16 8 1 1 1966.63869684
16 8 1 0 1914.98921017
16 8 2 1 1895.00137798
16 8 2 0 1695.88924526
16 8 4 1 2120.85455433
16 8 4 0 1920.36269157
16 8 8 1 1902.93054838
16 8 8 0 2009.87476045
16 8 16 1 1742.7398883
16 8 16 0 1941.05568223
16 8 32 1 1622.92900375
16 8 32 0 1400.84763435
32 8 1 1 2602.77886054
32 8 1 0 2473.48220352
32 8 2 1 2582.49143114
32 8 2 0 2259.358922
32 8 4 1 2520.70760014
32 8 4 0 2067.91138675
32 8 8 1 2267.9068616
32 8 8 0 2103.32802305
32 8 16 1 2239.82018055
32 8 16 0 2131.76276256
32 8 32 1 2142.60263028
32 8 32 0 2014.36455823
1 16 1 1 884.369016899
1 16 1 0 291.687703585
1 16 2 1 994.582139906
1 16 2 0 941.396944547
1 16 4 1 306.93192378
1 16 4 0 1126.24464307
1 16 8 1 1082.52527095
1 16 8 0 873.938410044
1 16 16 1 369.236440529
1 16 16 0 880.333826913
1 16 32 1 1140.03935263
1 16 32 0 1031.99958468
2 16 1 1 590.230797777
2 16 1 0 707.410655411
2 16 2 1 743.065638775
2 16 2 0 715.877388894
2 16 4 1 745.868432785
2 16 4 0 731.210173784
2 16 8 1 770.367964745
2 16 8 0 757.997518683
2 16 16 1 714.005101518
2 16 16 0 709.188746848
2 16 32 1 659.071428122
2 16 32 0 676.924603433
4 16 1 1 974.770544973
4 16 1 0 909.427156866
4 16 2 1 952.422379737
4 16 2 0 905.99803615
4 16 4 1 1040.1515535
4 16 4 0 986.26581408
4 16 8 1 1069.04638261
4 16 8 0 1097.13202301
4 16 16 1 1128.94438831
4 16 16 0 954.967202379
4 16 32 1 996.542104134
4 16 32 0 1076.77877231
8 16 1 1 1570.33690015
8 16 1 0 1532.42940002
8 16 2 1 1457.7319605
8 16 2 0 1391.95739539
8 16 4 1 1312.24420862
8 16 4 0 1451.61611119
8 16 8 1 1534.75954391
8 16 8 0 1512.6783997
8 16 16 1 1531.16815559
8 16 16 0 1443.17298296
8 16 32 1 1341.33662259
8 16 32 0 1409.05104857
16 16 1 1 1846.07918499
16 16 1 0 2148.98558358
16 16 2 1 2035.82971926
16 16 2 0 2123.3675131
16 16 4 1 1950.3044249
16 16 4 0 2107.45466974
16 16 8 1 1955.34038598
16 16 8 0 2089.85710867
16 16 16 1 1858.85099975
16 16 16 0 1947.34568324
16 16 32 1 1516.36417046
16 16 32 0 1497.38163397
32 16 1 1 2554.11122628
32 16 1 0 2339.71509696
32 16 2 1 2349.90697595
32 16 2 0 2240.15094711
32 16 4 1 2553.73796869
32 16 4 0 2344.86516094
32 16 8 1 1850.01253049
32 16 8 0 2492.18863771
32 16 16 1 1850.32265905
32 16 16 0 1800.65379187
32 16 32 1 1867.38047903
32 16 32 0 2040.64137966
1 32 1 1 362.041841952
1 32 1 0 627.450071684
1 32 2 1 1088.07870798
1 32 2 0 369.592291902
1 32 4 1 986.545933646
1 32 4 0 1184.18424444
1 32 8 1 1001.68597285
1 32 8 0 392.832510064
1 32 16 1 1158.78785147
1 32 16 0 265.023655862
1 32 32 1 615.106773733
1 32 32 0 1322.37409764
2 32 1 1 279.243180211
2 32 1 0 728.258125642
2 32 2 1 643.541740736
2 32 2 0 806.195015374
2 32 4 1 716.3436216
2 32 4 0 715.058647757
2 32 8 1 835.488366117
2 32 8 0 829.608376515
2 32 16 1 1015.81770355
2 32 16 0 732.965758539
2 32 32 1 764.395683499
2 32 32 0 749.603934991
4 32 1 1 1032.14418002
4 32 1 0 1109.82137628
4 32 2 1 1011.33649936
4 32 2 0 1006.54593586
4 32 4 1 919.89265784
4 32 4 0 1008.38476909
4 32 8 1 979.970140249
4 32 8 0 1121.22469459
4 32 16 1 1040.58796237
4 32 16 0 1010.22260184
4 32 32 1 748.570468859
4 32 32 0 995.946733986
8 32 1 1 1442.21665671
8 32 1 0 1453.47205553
8 32 2 1 1390.17107253
8 32 2 0 1476.40755823
8 32 4 1 1240.2444482
8 32 4 0 1357.04195979
8 32 8 1 1354.83547452
8 32 8 0 1532.87390774
8 32 16 1 1353.04764814
8 32 16 0 1285.29019945
8 32 32 1 1446.91443943
8 32 32 0 1416.77263962
16 32 1 1 1746.45504282
16 32 1 0 1793.75808595
16 32 2 1 1856.26416593
16 32 2 0 1844.58906026
16 32 4 1 1764.81443778
16 32 4 0 402.119647244
16 32 8 1 2031.62877692
16 32 8 0 1818.64840784
16 32 16 1 1780.46323832
16 32 16 0 1709.04174372
16 32 32 1 1554.11900424
16 32 32 0 1916.74195966
32 32 1 1 2337.33023929
32 32 1 0 2112.32125525
32 32 2 1 2368.94850853
32 32 2 0 2705.84744321
32 32 4 1 2385.12781381
32 32 4 0 2362.13373753
32 32 8 1 2136.54174219
32 32 8 0 1948.52773537
32 32 16 1 2155.51049856
32 32 16 0 2353.09194007
32 32 32 1 1219.49945669
32 32 32 0 2111.03235621
1 1 1 1 41.564476379
1 1 1 0 36.9845507225
1 1 2 1 56.1398946616
1 1 2 0 55.4867985944
1 1 4 1 76.3644348815
1 1 4 0 70.707493792
1 1 8 1 88.1614755487
1 1 8 0 80.3456462373
1 1 16 1 95.462957147
1 1 16 0 91.5650582721
1 1 32 1 77.3791250222
1 1 32 0 62.4256644735
2 1 1 1 68.0217517769
2 1 1 0 80.7404148732
2 1 2 1 75.6979892104
2 1 2 0 76.0044357751
2 1 4 1 81.6884999153
2 1 4 0 93.195085694
2 1 8 1 94.4884942695
2 1 8 0 86.7649333326
2 1 16 1 20.285842994
2 1 16 0 71.5339613186
2 1 32 1 67.3389254742
2 1 32 0 91.1190552735
4 1 1 1 88.7827240169
4 1 1 0 76.0611892157
4 1 2 1 79.3760162831
4 1 2 0 92.5558731822
4 1 4 1 81.2907785963
4 1 4 0 18.3857812219
4 1 8 1 103.109163371
4 1 8 0 92.3537412331
4 1 16 1 104.775842636
4 1 16 0 101.007739789
4 1 32 1 91.2305409504
4 1 32 0 111.246481395
8 1 1 1 97.8336545897
8 1 1 0 101.330679532
8 1 2 1 90.3406645771
8 1 2 0 84.2917047859
8 1 4 1 92.7866329547
8 1 4 0 78.3846472176
8 1 8 1 77.5739034026
8 1 8 0 92.5700935462
8 1 16 1 50.7682524847
8 1 16 0 94.2743177359
8 1 32 1 75.1063864856
8 1 32 0 84.620203138
16 1 1 1 78.7248286859
16 1 1 0 75.9753038975
16 1 2 1 98.8210943726
16 1 2 0 93.3340631815
16 1 4 1 91.1340014083
16 1 4 0 91.5964086168
16 1 8 1 92.031223452
16 1 8 0 80.5473089959
16 1 16 1 91.470011213
16 1 16 0 69.2339749335
16 1 32 1 71.860796141
16 1 32 0 105.221688341
32 1 1 1 81.5149271889
32 1 1 0 66.216111364
32 1 2 1 68.8446689396
32 1 2 0 75.4604764336
32 1 4 1 89.8534733798
32 1 4 0 65.685332974
32 1 8 1 85.7679709613
32 1 8 0 72.12927155
32 1 16 1 85.3517470689
32 1 16 0 64.3308594561
32 1 32 1 95.2626307062
32 1 32 0 88.5861776679
1 2 1 1 51.5259682045
1 2 1 0 50.0151583277
1 2 2 1 63.3467075503
1 2 2 0 42.9476520722
1 2 4 1 86.9548348804
1 2 4 0 77.2230580242
1 2 8 1 96.5540261403
1 2 8 0 79.5288792316
1 2 16 1 78.9568965491
1 2 16 0 84.9716823761
1 2 32 1 59.9503955071
1 2 32 0 76.3887144706
2 2 1 1 60.6464298989
2 2 1 0 61.1503835827
2 2 2 1 79.2386832093
2 2 2 0 72.5375754977
2 2 4 1 85.9454088893
2 2 4 0 61.946500983
2 2 8 1 88.4462916687
2 2 8 0 86.181483484
2 2 16 1 67.3259162257
2 2 16 0 62.6999383383
2 2 32 1 85.9107491342
2 2 32 0 54.7048898011
4 2 1 1 66.4526488176
4 2 1 0 75.4644611309
4 2 2 1 79.8378548332
4 2 2 0 96.3472408702
4 2 4 1 90.9826848538
4 2 4 0 90.8835584565
4 2 8 1 90.9579362261
4 2 8 0 82.7222471334
4 2 16 1 86.2684704242
4 2 16 0 80.2565911416
4 2 32 1 79.0864795698
4 2 32 0 83.5378078208
8 2 1 1 87.9053309737
8 2 1 0 80.8445206346
8 2 2 1 85.7226155399
8 2 2 0 67.5276957619
8 2 4 1 74.0460810262
8 2 4 0 89.865735965
8 2 8 1 65.381422729
8 2 8 0 91.7743865656
8 2 16 1 81.0537400522
8 2 16 0 93.6945316784
8 2 32 1 83.8463081643
8 2 32 0 69.5842366448
16 2 1 1 56.0019796133
16 2 1 0 79.385868038
16 2 2 1 88.7271597831
16 2 2 0 96.25071947
16 2 4 1 88.6916978499
16 2 4 0 92.9740420202
16 2 8 1 80.3976447781
16 2 8 0 82.8244598151
16 2 16 1 80.8792219576
16 2 16 0 98.8897546736
16 2 32 1 79.1711029824
16 2 32 0 80.0260314239
32 2 1 1 70.4233950564
32 2 1 0 80.0303052914
32 2 2 1 73.2639507317
32 2 2 0 54.5430899936
32 2 4 1 76.7804110954
32 2 4 0 84.2153294221
32 2 8 1 88.9207674062
32 2 8 0 82.6877521105
32 2 16 1 73.2975543193
32 2 16 0 95.0209651025
32 2 32 1 81.0039171061
32 2 32 0 87.8074641381
1 4 1 1 46.11579387
1 4 1 0 48.1528641696
1 4 2 1 60.6824222681
1 4 2 0 53.3538326571
1 4 4 1 66.9661921887
1 4 4 0 71.0164551106
1 4 8 1 74.9521079131
1 4 8 0 77.1155055088
1 4 16 1 83.5488928292
1 4 16 0 81.8777336765
1 4 32 1 78.307096899
1 4 32 0 55.2002890496
2 4 1 1 51.8450338587
2 4 1 0 66.4095599652
2 4 2 1 71.6858152912
2 4 2 0 69.8811343646
2 4 4 1 76.8289256723
2 4 4 0 81.6975724127
2 4 8 1 75.3655545742
2 4 8 0 92.1444114839
2 4 16 1 79.5411211608
2 4 16 0 71.0270436803
2 4 32 1 83.3208996475
2 4 32 0 94.4797795179
4 4 1 1 77.5769497549
4 4 1 0 77.6052618651
4 4 2 1 93.754206081
4 4 2 0 88.9384093191
4 4 4 1 96.0948804019
4 4 4 0 91.8679434438
4 4 8 1 75.3698054382
4 4 8 0 102.325202744
4 4 16 1 95.1491914168
4 4 16 0 59.3853226991
4 4 32 1 70.7992897995
4 4 32 0 81.231390651
8 4 1 1 86.0634431721
8 4 1 0 66.0606385184
8 4 2 1 77.521819707
8 4 2 0 78.8832522933
8 4 4 1 79.7068658652
8 4 4 0 81.9841605705
8 4 8 1 94.0638512324
8 4 8 0 74.9663349827
8 4 16 1 80.4277144096
8 4 16 0 84.6138483298
8 4 32 1 79.5731851282
8 4 32 0 66.9935855432
16 4 1 1 86.4514429037
16 4 1 0 74.8682160108
16 4 2 1 73.7375546475
16 4 2 0 82.4540958132
16 4 4 1 84.7806723491
16 4 4 0 81.6383194901
16 4 8 1 81.6348187623
16 4 8 0 76.9766511738
16 4 16 1 97.0852842896
16 4 16 0 93.3500190043
16 4 32 1 70.9368679189
16 4 32 0 92.9963382836
32 4 1 1 83.6291571847
32 4 1 0 88.2504508561
32 4 2 1 75.010534391
32 4 2 0 77.2225634315
32 4 4 1 69.3765599685
32 4 4 0 74.358043423
32 4 8 1 78.2798418566
32 4 8 0 73.1299713892
32 4 16 1 74.375420705
32 4 16 0 76.6138752603
32 4 32 1 70.8188155114
32 4 32 0 73.0987625319
1 8 1 1 43.4183673693
1 8 1 0 48.4924671514
1 8 2 1 55.2469945464
1 8 2 0 54.0481481628
1 8 4 1 67.869794868
1 8 4 0 58.6493150549
1 8 8 1 66.2650605667
1 8 8 0 72.8669344044
1 8 16 1 83.5126213247
1 8 16 0 92.1612181593
1 8 32 1 80.4158392114
1 8 32 0 80.7912208097
2 8 1 1 62.2247757736
2 8 1 0 50.2476176589
2 8 2 1 63.7254232109
2 8 2 0 73.5092507344
2 8 4 1 71.5457880904
2 8 4 0 81.1553405998
2 8 8 1 78.4350408697
2 8 8 0 76.9556829368
2 8 16 1 79.7271909318
2 8 16 0 85.1639007478
2 8 32 1 87.6500259866
2 8 32 0 74.6431976063
4 8 1 1 74.417093874
4 8 1 0 76.7701559226
4 8 2 1 84.7895606034
4 8 2 0 79.610905724
4 8 4 1 81.2513427198
4 8 4 0 95.7918138973
4 8 8 1 68.9362687508
4 8 8 0 74.620683611
4 8 16 1 69.2616227583
4 8 16 0 77.697216247
4 8 32 1 77.1762532956
4 8 32 0 78.4621400088
8 8 1 1 74.1133805497
8 8 1 0 73.8066934011
8 8 2 1 74.4338174181
8 8 2 0 78.0110753692
8 8 4 1 89.2570967431
8 8 4 0 89.444224347
8 8 8 1 92.0929043627
8 8 8 0 104.244300159
8 8 16 1 57.0293985663
8 8 16 0 88.2928580766
8 8 32 1 79.7011730701
8 8 32 0 71.9965451626
16 8 1 1 77.8290919438
16 8 1 0 33.8371348647
16 8 2 1 73.0279840448
16 8 2 0 76.7754826513
16 8 4 1 73.3175396148
16 8 4 0 86.1916735578
16 8 8 1 72.4634486471
16 8 8 0 65.1224444045
16 8 16 1 86.8052852316
16 8 16 0 86.5953137765
16 8 32 1 77.2135652242
16 8 32 0 84.5385711498
32 8 1 1 66.2398407267
32 8 1 0 59.0057258047
32 8 2 1 74.4094131734
32 8 2 0 59.1333233441
32 8 4 1 62.2889057294
32 8 4 0 63.7290470029
32 8 8 1 56.0975983534
32 8 8 0 72.8653248124
32 8 16 1 85.0720949176
32 8 16 0 79.8735521161
32 8 32 1 72.8279142522
32 8 32 0 93.6223140027
1 16 1 1 47.3022119236
1 16 1 0 46.7422488583
1 16 2 1 55.0379120029
1 16 2 0 63.0378599431
1 16 4 1 62.9291238893
1 16 4 0 62.918328653
1 16 8 1 81.1664868674
1 16 8 0 64.3253168391
1 16 16 1 65.2412932659
1 16 16 0 60.8650751114
1 16 32 1 68.7062036514
1 16 32 0 73.9513869218
2 16 1 1 56.4994395404
2 16 1 0 60.4007720931
2 16 2 1 60.8982904263
2 16 2 0 52.8434550579
2 16 4 1 78.4508674497
2 16 4 0 64.0932100264
2 16 8 1 71.9594633381
2 16 8 0 77.8668009568
2 16 16 1 73.3124257026
2 16 16 0 83.3106822757
2 16 32 1 77.6393981549
2 16 32 0 70.5904072291
4 16 1 1 79.7288149609
4 16 1 0 61.408929378
4 16 2 1 63.474863398
4 16 2 0 84.5796879748
4 16 4 1 69.3114518565
4 16 4 0 71.2327073793
4 16 8 1 66.8998055767
4 16 8 0 79.8926357697
4 16 16 1 80.7110425257
4 16 16 0 84.6317479865
4 16 32 1 76.6194433569
4 16 32 0 81.985961153
8 16 1 1 82.4495267541
8 16 1 0 77.6902935535
8 16 2 1 80.6138526176
8 16 2 0 77.8251250024
8 16 4 1 65.7049708866
8 16 4 0 75.9596132101
8 16 8 1 70.5763963805
8 16 8 0 83.8420660059
8 16 16 1 77.7609018572
8 16 16 0 67.5945161131
8 16 32 1 68.92342757
8 16 32 0 69.9325818127
16 16 1 1 73.3675480007
16 16 1 0 81.075992385
16 16 2 1 66.0595527026
16 16 2 0 74.5335700098
16 16 4 1 71.6692998107
16 16 4 0 79.0001150769
16 16 8 1 65.774990135
16 16 8 0 73.5015760209
16 16 16 1 75.0222349115
16 16 16 0 79.6161263743
16 16 32 1 77.5877143017
16 16 32 0 87.3182986067
32 16 1 1 67.689923301
32 16 1 0 63.6351281554
32 16 2 1 58.2144087942
32 16 2 0 66.9493438995
32 16 4 1 56.537782037
32 16 4 0 64.8092744855
32 16 8 1 64.3907015871
32 16 8 0 65.4311817486
32 16 16 1 62.9416223022
32 16 16 0 64.7958072856
32 16 32 1 66.1358754465
32 16 32 0 61.0686130952
1 32 1 1 32.7439647106
1 32 1 0 41.8604284471
1 32 2 1 52.9685590816
1 32 2 0 53.2770467417
1 32 4 1 53.8823066989
1 32 4 0 64.7710412957
1 32 8 1 61.3053165075
1 32 8 0 65.7399103667
1 32 16 1 56.6122278877
1 32 16 0 71.8996785668
1 32 32 1 57.4697887685
1 32 32 0 75.7550407287
2 32 1 1 48.3785254291
2 32 1 0 56.8275829788
2 32 2 1 56.614357531
2 32 2 0 69.8962537241
2 32 4 1 68.1862893694
2 32 4 0 65.8944342696
2 32 8 1 70.308839535
2 32 8 0 71.0587657658
2 32 16 1 65.5305711897
2 32 16 0 62.1424867736
2 32 32 1 61.9007630245
2 32 32 0 74.1117363653
4 32 1 1 58.5713779352
4 32 1 0 59.1399811141
4 32 2 1 51.7221805271
4 32 2 0 68.4093419513
4 32 4 1 63.4499990261
4 32 4 0 81.747080359
4 32 8 1 75.9466232337
4 32 8 0 72.4592490073
4 32 16 1 67.0178027252
4 32 16 0 73.9560845893
4 32 32 1 65.0432262437
4 32 32 0 83.2787228527
8 32 1 1 73.7411883899
8 32 1 0 73.4557414069
8 32 2 1 62.3690280944
8 32 2 0 74.3240767974
8 32 4 1 68.1859746759
8 32 4 0 69.1349114131
8 32 8 1 56.5209933697
8 32 8 0 62.132283573
8 32 16 1 52.1201947832
8 32 16 0 66.3963693476
8 32 32 1 64.918391103
8 32 32 0 67.2847606064
16 32 1 1 73.3144240403
16 32 1 0 71.4084116676
16 32 2 1 64.8408827273
16 32 2 0 68.883028326
16 32 4 1 58.159012849
16 32 4 0 80.0408331633
16 32 8 1 61.7678595613
16 32 8 0 61.1459100813
16 32 16 1 38.5958518581
16 32 16 0 69.3958825798
16 32 32 1 57.5523025876
16 32 32 0 74.2586178629
32 32 1 1 56.9393004359
32 32 1 0 53.5357723361
32 32 2 1 60.0661042009
32 32 2 0 67.8949661881
32 32 4 1 68.5230412058
32 32 4 0 69.3588165148
32 32 8 1 71.9935408437
32 32 8 0 58.7690385759
32 32 16 1 56.8655029587
32 32 16 0 76.4208533203
32 32 32 1 66.5439584591
32 32 32 0 57.2661065924
1 1 1 1 45.6449770597
1 1 1 0 60.3898021678
1 1 2 1 87.5367281174
1 1 2 0 83.3033833214
1 1 4 1 112.924773675
1 1 4 0 115.869386309
1 1 8 1 145.283021455
1 1 8 0 106.536700947
1 1 16 1 136.862100598
1 1 16 0 125.622803794
1 1 32 1 126.947042065
1 1 32 0 138.640571119
2 1 1 1 97.9251160704
2 1 1 0 93.5015517424
2 1 2 1 104.443506458
2 1 2 0 100.110033798
2 1 4 1 144.945348237
2 1 4 0 145.002074315
2 1 8 1 148.467450158
2 1 8 0 165.756216429
2 1 16 1 160.092358421
2 1 16 0 149.252216151
2 1 32 1 154.793890496
2 1 32 0 150.220715835
4 1 1 1 138.670777375
4 1 1 0 122.917662974
4 1 2 1 140.577912713
4 1 2 0 119.051205288
4 1 4 1 132.330825398
4 1 4 0 150.35315523
4 1 8 1 183.952257112
4 1 8 0 169.94476531
4 1 16 1 125.543181814
4 1 16 0 218.187228073
4 1 32 1 182.785015933
4 1 32 0 170.996394074
8 1 1 1 163.496878739
8 1 1 0 143.502646663
8 1 2 1 135.218698299
8 1 2 0 180.547092434
8 1 4 1 180.218503645
8 1 4 0 163.81432245
8 1 8 1 182.959783177
8 1 8 0 173.030252392
8 1 16 1 149.54929417
8 1 16 0 191.957378255
8 1 32 1 178.131203216
8 1 32 0 142.412501952
16 1 1 1 183.50580585
16 1 1 0 151.466847808
16 1 2 1 167.189336198
16 1 2 0 180.980885697
16 1 4 1 168.266456515
16 1 4 0 137.526842323
16 1 8 1 157.472143337
16 1 8 0 145.239940691
16 1 16 1 155.362859283
16 1 16 0 181.554730666
16 1 32 1 155.778718955
16 1 32 0 175.456541287
32 1 1 1 159.023756146
32 1 1 0 187.870036088
32 1 2 1 150.205732729
32 1 2 0 124.435893288
32 1 4 1 167.08109131
32 1 4 0 133.002206467
32 1 8 1 150.780136767
32 1 8 0 110.248847878
32 1 16 1 131.608011762
32 1 16 0 156.070727512
32 1 32 1 153.036857621
32 1 32 0 138.261229764
1 2 1 1 62.2770558689
1 2 1 0 60.1583974396
1 2 2 1 57.626652791
1 2 2 0 83.1215491286
1 2 4 1 106.113007377
1 2 4 0 106.250588028
1 2 8 1 133.76341519
1 2 8 0 143.045571222
1 2 16 1 111.481422848
1 2 16 0 131.909221773
1 2 32 1 135.061030272
1 2 32 0 129.308141613
2 2 1 1 84.0478400326
2 2 1 0 91.7959750814
2 2 2 1 111.428514063
2 2 2 0 110.427437116
2 2 4 1 100.189870075
2 2 4 0 138.811754902
2 2 8 1 146.755674905
2 2 8 0 150.218317047
2 2 16 1 142.515035766
2 2 16 0 157.577180849
2 2 32 1 151.884218555
2 2 32 0 150.993848127
4 2 1 1 115.505547253
4 2 1 0 103.312283205
4 2 2 1 115.642131581
4 2 2 0 132.018657497
4 2 4 1 149.447954245
4 2 4 0 132.170455817
4 2 8 1 151.786356641
4 2 8 0 170.074483736
4 2 16 1 150.99507623
4 2 16 0 198.702345064
4 2 32 1 164.594713812
4 2 32 0 174.468401353
8 2 1 1 128.919174635
8 2 1 0 150.570963262
8 2 2 1 142.985696914
8 2 2 0 163.69642683
8 2 4 1 160.103391413
8 2 4 0 141.590898905
8 2 8 1 143.428374638
8 2 8 0 141.534966901
8 2 16 1 174.39559146
8 2 16 0 137.425416119
8 2 32 1 152.867572972
8 2 32 0 175.572828405
16 2 1 1 148.593204545
16 2 1 0 135.407003831
16 2 2 1 180.988552242
16 2 2 0 134.359832533
16 2 4 1 160.675111897
16 2 4 0 196.040841169
16 2 8 1 180.666042
16 2 8 0 180.053969653
16 2 16 1 153.092129058
16 2 16 0 156.658848438
16 2 32 1 150.800448676
16 2 32 0 172.628210435
32 2 1 1 154.614590324
32 2 1 0 144.347824053
32 2 2 1 118.316131269
32 2 2 0 149.501952434
32 2 4 1 172.197382918
32 2 4 0 164.025188076
32 2 8 1 134.337926644
32 2 8 0 159.561923508
32 2 16 1 160.548959493
32 2 16 0 136.531609449
32 2 32 1 157.33363253
32 2 32 0 149.924277714
1 4 1 1 57.3865222297
1 4 1 0 61.5111565036
1 4 2 1 81.2499890101
1 4 2 0 80.5357771775
1 4 4 1 103.229655752
1 4 4 0 114.023012696
1 4 8 1 122.373524711
1 4 8 0 103.994326881
1 4 16 1 112.484319383
1 4 16 0 119.490118803
1 4 32 1 117.026325643
1 4 32 0 115.917943336
2 4 1 1 84.6626014662
2 4 1 0 93.9602872493
2 4 2 1 96.4366670799
2 4 2 0 88.7911590422
2 4 4 1 125.233422987
2 4 4 0 120.95422621
2 4 8 1 139.900914648
2 4 8 0 147.848109259
2 4 16 1 126.18236819
2 4 16 0 128.058461553
2 4 32 1 127.876906992
2 4 32 0 151.687567802
4 4 1 1 116.534002723
4 4 1 0 109.391437306
4 4 2 1 118.952983797
4 4 2 0 124.925471659
4 4 4 1 143.037056477
4 4 4 0 133.473658546
4 4 8 1 144.514652775
4 4 8 0 151.432406364
4 4 16 1 137.828407979
4 4 16 0 159.546293246
4 4 32 1 141.964168689
4 4 32 0 140.188809834
8 4 1 1 134.620402023
8 4 1 0 134.101684237
8 4 2 1 161.225425755
8 4 2 0 146.052984506
8 4 4 1 136.428043077
8 4 4 0 153.559894261
8 4 8 1 175.372010899
8 4 8 0 153.227197564
8 4 16 1 135.197530904
8 4 16 0 149.015251883
8 4 32 1 136.957859198
8 4 32 0 152.97918293
16 4 1 1 136.408579782
16 4 1 0 140.682500199
16 4 2 1 156.163160973
16 4 2 0 144.541925727
16 4 4 1 153.91753606
16 4 4 0 161.558721206
16 4 8 1 124.31804638
16 4 8 0 138.391834211
16 4 16 1 134.505413507
16 4 16 0 164.395946931
16 4 32 1 138.736055349
16 4 32 0 177.530222895
32 4 1 1 169.966300155
32 4 1 0 137.963630289
32 4 2 1 143.318765353
32 4 2 0 129.141136275
32 4 4 1 126.437590298
32 4 4 0 135.144123377
32 4 8 1 134.509328963
32 4 8 0 113.3934417
32 4 16 1 134.241371256
32 4 16 0 136.414753498
32 4 32 1 147.657711228
32 4 32 0 127.162158886
1 8 1 1 59.4102232067
1 8 1 0 59.1810948408
1 8 2 1 70.6359652372
1 8 2 0 77.1946379169
1 8 4 1 96.2683882393
1 8 4 0 107.071593018
1 8 8 1 119.359095455
1 8 8 0 78.8285971772
1 8 16 1 93.7948289802
1 8 16 0 113.324351545
1 8 32 1 110.355637126
1 8 32 0 111.852694922
2 8 1 1 89.011835885
2 8 1 0 91.5935932563
2 8 2 1 99.1513209842
2 8 2 0 104.855089505
2 8 4 1 126.210137879
2 8 4 0 132.779231472
2 8 8 1 134.143805133
2 8 8 0 143.265892245
2 8 16 1 127.047649606
2 8 16 0 133.43826352
2 8 32 1 127.073245918
2 8 32 0 142.562124194
4 8 1 1 110.940889994
4 8 1 0 96.7578333996
4 8 2 1 119.425726971
4 8 2 0 120.302336408
4 8 4 1 139.027601501
4 8 4 0 139.790843565
4 8 8 1 161.894971758
4 8 8 0 164.757036844
4 8 16 1 136.800857503
4 8 16 0 154.606465723
4 8 32 1 134.038501079
4 8 32 0 162.2780045
8 8 1 1 117.289563871
8 8 1 0 123.716258717
8 8 2 1 140.057533013
8 8 2 0 156.412028906
8 8 4 1 148.800092267
8 8 4 0 144.15810635
8 8 8 1 160.285269799
8 8 8 0 125.921779547
8 8 16 1 139.907371215
8 8 16 0 145.055444549
8 8 32 1 151.556939745
8 8 32 0 162.975899338
16 8 1 1 137.110543664
16 8 1 0 153.364623662
16 8 2 1 162.399044591
16 8 2 0 162.165104492
16 8 4 1 170.095941137
16 8 4 0 140.411689001
16 8 8 1 162.947922483
16 8 8 0 163.883735608
16 8 16 1 126.688873678
16 8 16 0 150.027080301
16 8 32 1 112.504944532
16 8 32 0 152.808445183
32 8 1 1 144.670443156
32 8 1 0 159.019103147
32 8 2 1 147.09227403
32 8 2 0 162.805402438
32 8 4 1 125.476373106
32 8 4 0 144.677267652
32 8 8 1 139.014546843
32 8 8 0 141.278894793
32 8 16 1 150.277900673
32 8 16 0 136.795692457
32 8 32 1 126.76837026
32 8 32 0 145.257157861
1 16 1 1 58.7614903899
1 16 1 0 61.1997358309
1 16 2 1 69.5987885116
1 16 2 0 78.9838060046
1 16 4 1 101.57614165
1 16 4 0 104.52216776
1 16 8 1 95.3690553096
1 16 8 0 108.154520086
1 16 16 1 104.707553846
1 16 16 0 101.947059541
1 16 32 1 107.735108144
1 16 32 0 117.790084297
2 16 1 1 83.7956274239
2 16 1 0 93.1265686309
2 16 2 1 85.4475580181
2 16 2 0 103.072828132
2 16 4 1 106.481742973
2 16 4 0 115.966887252
2 16 8 1 121.538984747
2 16 8 0 117.293387149
2 16 16 1 118.407361663
2 16 16 0 126.365936711
2 16 32 1 111.267261667
2 16 32 0 151.433226216
4 16 1 1 97.8053211913
4 16 1 0 111.675598696
4 16 2 1 103.742878396
4 16 2 0 113.113657367
4 16 4 1 113.904187248
4 16 4 0 132.766441561
4 16 8 1 131.22638881
4 16 8 0 131.357736933
4 16 16 1 139.149984823
4 16 16 0 138.483529476
4 16 32 1 116.959963738
4 16 32 0 139.357284704
8 16 1 1 112.001876764
8 16 1 0 133.870713431
8 16 2 1 122.240727964
8 16 2 0 133.370310861
8 16 4 1 125.742716487
8 16 4 0 143.324718713
8 16 8 1 119.537187913
8 16 8 0 140.610910639
8 16 16 1 137.400924378
8 16 16 0 130.655860472
8 16 32 1 141.095445104
8 16 32 0 152.633201614
16 16 1 1 117.287832657
16 16 1 0 143.736235546
16 16 2 1 116.577190551
16 16 2 0 134.641847076
16 16 4 1 125.045159277
16 16 4 0 122.936902964
16 16 8 1 102.413177578
16 16 8 0 118.260297793
16 16 16 1 112.920032465
16 16 16 0 127.517360943
16 16 32 1 130.278404682
16 16 32 0 129.39534995
32 16 1 1 101.901510093
32 16 1 0 130.940830095
32 16 2 1 101.771977913
32 16 2 0 112.178498476
32 16 4 1 104.191187825
32 16 4 0 107.124382727
32 16 8 1 125.058756187
32 16 8 0 104.259664797
32 16 16 1 112.040058693
32 16 16 0 113.308082071
32 16 32 1 100.843115285
32 16 32 0 120.243710184
1 32 1 1 48.005813951
1 32 1 0 54.4629731616
1 32 2 1 76.5376276272
1 32 2 0 80.1051956465
1 32 4 1 79.8864335581
1 32 4 0 99.261553038
1 32 8 1 96.285479156
1 32 8 0 109.430280146
1 32 16 1 93.0566885713
1 32 16 0 102.365257652
1 32 32 1 93.2825031888
1 32 32 0 116.932732199
2 32 1 1 72.1916308383
2 32 1 0 72.9081581816
2 32 2 1 80.5031656613
2 32 2 0 96.3019395376
2 32 4 1 92.1938706629
2 32 4 0 119.644564838
2 32 8 1 108.013397157
2 32 8 0 123.924758595
2 32 16 1 95.1950561548
2 32 16 0 118.913956265
2 32 32 1 100.496750562
2 32 32 0 116.458492891
4 32 1 1 100.463383696
4 32 1 0 98.5624747786
4 32 2 1 101.380729359
4 32 2 0 129.824998645
4 32 4 1 92.748077246
4 32 4 0 130.413633194
4 32 8 1 110.555858233
4 32 8 0 121.248997856
4 32 16 1 114.608228949
4 32 16 0 145.769105132
4 32 32 1 101.58986565
4 32 32 0 130.671868939
8 32 1 1 90.7135030022
8 32 1 0 126.247917591
8 32 2 1 111.671431415
8 32 2 0 129.766286035
8 32 4 1 119.341923024
8 32 4 0 123.756451132
8 32 8 1 110.196378734
8 32 8 0 128.37310093
8 32 16 1 104.016607692
8 32 16 0 118.030835321
8 32 32 1 106.744221582
8 32 32 0 128.085905789
16 32 1 1 97.5773369081
16 32 1 0 126.321255298
16 32 2 1 114.71986424
16 32 2 0 143.566167531
16 32 4 1 109.946972182
16 32 4 0 135.009007755
16 32 8 1 114.09777304
16 32 8 0 137.503855607
16 32 16 1 115.025916929
16 32 16 0 83.7382762134
16 32 32 1 117.643077606
16 32 32 0 118.690796115
32 32 1 1 102.735370325
32 32 1 0 114.889046859
32 32 2 1 136.309699124
32 32 2 0 121.047371721
32 32 4 1 116.033044467
32 32 4 0 104.870851535
32 32 8 1 124.204503673
32 32 8 0 103.773423511
32 32 16 1 110.577833834
32 32 16 0 134.15175722
32 32 32 1 103.284887059
32 32 32 0 106.205548479
1 1 1 1 51.5038368513
1 1 1 0 66.1927744314
1 1 2 1 87.8735209523
1 1 2 0 93.7250074999
1 1 4 1 142.287962317
1 1 4 0 147.491749781
1 1 8 1 149.561574799
1 1 8 0 173.338814312
1 1 16 1 174.902593112
1 1 16 0 177.31414983
1 1 32 1 162.841685942
1 1 32 0 180.746618834
2 1 1 1 125.060183618
2 1 1 0 121.208055919
2 1 2 1 138.891975323
2 1 2 0 149.630010601
2 1 4 1 147.360425653
2 1 4 0 197.515333944
2 1 8 1 236.536688418
2 1 8 0 227.309582338
2 1 16 1 270.481669936
2 1 16 0 234.630057785
2 1 32 1 246.526008581
2 1 32 0 248.540232781
4 1 1 1 194.112030028
4 1 1 0 199.595623922
4 1 2 1 240.690656542
4 1 2 0 186.58371155
4 1 4 1 256.997954973
4 1 4 0 247.44205071
4 1 8 1 309.05747438
4 1 8 0 286.102162363
4 1 16 1 275.33474404
4 1 16 0 345.59096516
4 1 32 1 321.745884716
4 1 32 0 325.387627947
8 1 1 1 273.39589509
8 1 1 0 261.199507022
8 1 2 1 272.601954243
8 1 2 0 301.685096195
8 1 4 1 275.439458985
8 1 4 0 314.598094438
8 1 8 1 273.782166952
8 1 8 0 322.673862554
8 1 16 1 294.943269018
8 1 16 0 312.510932748
8 1 32 1 335.864231389
8 1 32 0 357.605633476
16 1 1 1 271.566489257
16 1 1 0 249.100692705
16 1 2 1 226.035918382
16 1 2 0 188.313048199
16 1 4 1 258.003594046
16 1 4 0 247.483124157
16 1 8 1 327.058278653
16 1 8 0 294.483596242
16 1 16 1 248.566001596
16 1 16 0 259.274220187
16 1 32 1 238.523897055
16 1 32 0 288.716130552
32 1 1 1 221.984589008
32 1 1 0 266.164616558
32 1 2 1 229.196838158
32 1 2 0 296.928271815
32 1 4 1 256.490064402
32 1 4 0 258.189344883
32 1 8 1 227.395466403
32 1 8 0 268.167458847
32 1 16 1 260.379853081
32 1 16 0 264.328590038
32 1 32 1 224.799030223
32 1 32 0 317.906984699
1 2 1 1 71.4606916632
1 2 1 0 68.8961379816
1 2 2 1 91.8016837836
1 2 2 0 92.0098099441
1 2 4 1 144.36035513
1 2 4 0 134.380461315
1 2 8 1 141.122188914
1 2 8 0 183.40343672
1 2 16 1 183.985076956
1 2 16 0 175.479877873
1 2 32 1 174.806137467
1 2 32 0 181.956294669
2 2 1 1 125.077430938
2 2 1 0 121.362762855
2 2 2 1 167.580322754
2 2 2 0 148.081811505
2 2 4 1 184.776385702
2 2 4 0 198.649220189
2 2 8 1 263.138845529
2 2 8 0 235.974488896
2 2 16 1 212.629272589
2 2 16 0 229.270710171
2 2 32 1 225.87911482
2 2 32 0 238.86970707
4 2 1 1 165.887611229
4 2 1 0 163.420803099
4 2 2 1 201.532471665
4 2 2 0 211.278251142
4 2 4 1 246.583182932
4 2 4 0 213.256208446
4 2 8 1 248.499735004
4 2 8 0 235.488515716
4 2 16 1 291.257644233
4 2 16 0 268.092146355
4 2 32 1 276.737486674
4 2 32 0 277.425665469
8 2 1 1 215.38697307
8 2 1 0 221.528975026
8 2 2 1 225.326632138
8 2 2 0 258.417122771
8 2 4 1 256.84148983
8 2 4 0 251.382769281
8 2 8 1 261.905896292
8 2 8 0 306.731437759
8 2 16 1 302.667870081
8 2 16 0 316.27757059
8 2 32 1 310.003807398
8 2 32 0 299.367536645
16 2 1 1 262.732848591
16 2 1 0 258.342493716
16 2 2 1 285.453810937
16 2 2 0 281.415167166
16 2 4 1 228.838924859
16 2 4 0 247.290821269
16 2 8 1 329.211973711
16 2 8 0 290.10527623
16 2 16 1 349.874205577
16 2 16 0 318.816577432
16 2 32 1 343.655655936
16 2 32 0 271.572536236
32 2 1 1 283.439517872
32 2 1 0 339.171282853
32 2 2 1 304.887849669
32 2 2 0 306.380997776
32 2 4 1 247.218036316
32 2 4 0 210.781570761
32 2 8 1 284.644436158
32 2 8 0 289.972059316
32 2 16 1 318.584554781
32 2 16 0 306.90712693
32 2 32 1 265.927297456
32 2 32 0 298.664419052
1 4 1 1 60.7061337801
1 4 1 0 67.5620847414
1 4 2 1 88.7289691749
1 4 2 0 88.8630354024
1 4 4 1 118.5633633
1 4 4 0 142.418286803
1 4 8 1 167.180782204
1 4 8 0 171.34218231
1 4 16 1 169.276245627
1 4 16 0 170.933369013
1 4 32 1 165.564169872
1 4 32 0 166.397420062
2 4 1 1 112.07685807
2 4 1 0 110.714621744
2 4 2 1 147.761304427
2 4 2 0 156.226886039
2 4 4 1 185.92912534
2 4 4 0 206.517514777
2 4 8 1 200.840255524
2 4 8 0 207.904043944
2 4 16 1 223.342376974
2 4 16 0 200.461857127
2 4 32 1 211.832441728
2 4 32 0 197.610970285
4 4 1 1 172.054572454
4 4 1 0 163.713975683
4 4 2 1 195.198387005
4 4 2 0 187.205952561
4 4 4 1 231.681204095
4 4 4 0 224.218830308
4 4 8 1 269.755089843
4 4 8 0 254.933946482
4 4 16 1 245.087848929
4 4 16 0 229.764523058
4 4 32 1 263.218682846
4 4 32 0 222.432764286
8 4 1 1 218.722035245
8 4 1 0 226.261861631
8 4 2 1 240.28639799
8 4 2 0 244.226521782
8 4 4 1 240.965836419
8 4 4 0 276.084975937
8 4 8 1 270.92290423
8 4 8 0 336.627406929
8 4 16 1 255.877514972
8 4 16 0 285.759935245
8 4 32 1 278.20745823
8 4 32 0 269.77900978
16 4 1 1 260.831230687
16 4 1 0 220.90310406
16 4 2 1 223.847281938
16 4 2 0 246.142918569
16 4 4 1 227.06793766
16 4 4 0 334.28105613
16 4 8 1 296.904296096
16 4 8 0 204.931487407
16 4 16 1 226.483011899
16 4 16 0 274.482138932
16 4 32 1 288.47056908
16 4 32 0 289.353278453
32 4 1 1 261.840775474
32 4 1 0 290.45620723
32 4 2 1 251.60698949
32 4 2 0 258.666655158
32 4 4 1 236.85162908
32 4 4 0 260.768669102
32 4 8 1 233.428067015
32 4 8 0 282.075907121
32 4 16 1 243.036117608
32 4 16 0 230.711327671
32 4 32 1 224.618704742
32 4 32 0 234.943095894
1 8 1 1 68.090824799
1 8 1 0 68.7833931601
1 8 2 1 93.7186659003
1 8 2 0 93.7823595219
1 8 4 1 125.808689383
1 8 4 0 145.778530156
1 8 8 1 158.780469203
1 8 8 0 180.195566661
1 8 16 1 173.270018723
1 8 16 0 187.738716626
1 8 32 1 155.147890223
1 8 32 0 165.773495427
2 8 1 1 119.485375238
2 8 1 0 111.628005028
2 8 2 1 146.709805964
2 8 2 0 147.453447354
2 8 4 1 169.862045732
2 8 4 0 90.7630668877
2 8 8 1 199.535544693
2 8 8 0 217.78954549
2 8 16 1 175.235421091
2 8 16 0 228.882332365
2 8 32 1 95.0791320265
2 8 32 0 206.101322861
4 8 1 1 173.958991957
4 8 1 0 167.630392941
4 8 2 1 194.919612153
4 8 2 0 195.686916132
4 8 4 1 254.727822549
4 8 4 0 230.03623396
4 8 8 1 226.441743984
4 8 8 0 247.28660892
4 8 16 1 243.802686355
4 8 16 0 236.254229801
4 8 32 1 240.297008833
4 8 32 0 247.019134681
8 8 1 1 202.522284682
8 8 1 0 229.48110147
8 8 2 1 224.126396348
8 8 2 0 250.793983671
8 8 4 1 269.88966214
8 8 4 0 266.873537008
8 8 8 1 216.787137918
8 8 8 0 298.337611833
8 8 16 1 279.669880133
8 8 16 0 305.534433038
8 8 32 1 225.931662662
8 8 32 0 257.658603936
16 8 1 1 222.711292051
16 8 1 0 280.486722273
16 8 2 1 242.916902178
16 8 2 0 290.416659231
16 8 4 1 311.364330118
16 8 4 0 340.745402295
16 8 8 1 259.000248846
16 8 8 0 287.269809951
16 8 16 1 251.10215741
16 8 16 0 291.871995735
16 8 32 1 292.120476232
16 8 32 0 299.641681859
32 8 1 1 263.583237435
32 8 1 0 291.366243761
32 8 2 1 285.566676829
32 8 2 0 250.778633063
32 8 4 1 268.980158156
32 8 4 0 294.524693909
32 8 8 1 200.138943288
32 8 8 0 280.592447162
32 8 16 1 228.292778971
32 8 16 0 196.218945933
32 8 32 1 229.927941272
32 8 32 0 279.497634304
1 16 1 1 68.1210169102
1 16 1 0 67.5627636526
1 16 2 1 87.8780911325
1 16 2 0 93.4379562203
1 16 4 1 104.182085816
1 16 4 0 137.568522966
1 16 8 1 145.751086467
1 16 8 0 153.147458014
1 16 16 1 159.348633875
1 16 16 0 163.75575984
1 16 32 1 148.496883872
1 16 32 0 149.961943653
2 16 1 1 111.997412104
2 16 1 0 117.738409295
2 16 2 1 134.330796551
2 16 2 0 131.38159577
2 16 4 1 174.570642051
2 16 4 0 157.830250431
2 16 8 1 195.621395054
2 16 8 0 198.490681854
2 16 16 1 209.455129873
2 16 16 0 202.136485612
2 16 32 1 207.965248676
2 16 32 0 239.004804611
4 16 1 1 171.825083472
4 16 1 0 161.854533737
4 16 2 1 175.016741394
4 16 2 0 205.096705906
4 16 4 1 203.283542182
4 16 4 0 229.541391855
4 16 8 1 233.071159783
4 16 8 0 236.035809846
4 16 16 1 236.516833265
4 16 16 0 249.258986949
4 16 32 1 217.540824932
4 16 32 0 303.811254667
8 16 1 1 218.994496747
8 16 1 0 248.265604461
8 16 2 1 202.679449088
8 16 2 0 248.350165212
8 16 4 1 256.632726217
8 16 4 0 275.887124606
8 16 8 1 236.490995889
8 16 8 0 287.500918115
8 16 16 1 262.938672974
8 16 16 0 238.9445171
8 16 32 1 230.352795452
8 16 32 0 281.530113103
16 16 1 1 218.172844216
16 16 1 0 223.004231808
16 16 2 1 254.719827012
16 16 2 0 292.372436339
16 16 4 1 264.16630119
16 16 4 0 295.919751019
16 16 8 1 264.724253045
16 16 8 0 303.226627789
16 16 16 1 259.061564765
16 16 16 0 228.981156123
16 16 32 1 259.54621877
16 16 32 0 293.590126712
32 16 1 1 231.224688665
32 16 1 0 274.847701352
32 16 2 1 207.733666527
32 16 2 0 261.259119305
32 16 4 1 225.877886563
32 16 4 0 248.908955091
32 16 8 1 237.858814893
32 16 8 0 274.260345499
32 16 16 1 189.147326031
32 16 16 0 230.198119188
32 16 32 1 235.696137928
32 16 32 0 295.363056362
1 32 1 1 64.5714467413
1 32 1 0 65.2323949549
1 32 2 1 85.4393030553
1 32 2 0 90.0143681986
1 32 4 1 122.14466334
1 32 4 0 130.616204168
1 32 8 1 139.136717821
1 32 8 0 149.424124481
1 32 16 1 138.535318141
1 32 16 0 148.836648348
1 32 32 1 134.997826544
1 32 32 0 172.68063741
2 32 1 1 106.128011547
2 32 1 0 111.126373097
2 32 2 1 149.275368461
2 32 2 0 141.758454613
2 32 4 1 184.154473878
2 32 4 0 190.33920743
2 32 8 1 200.103481304
2 32 8 0 203.270196733
2 32 16 1 187.470632525
2 32 16 0 195.585327468
2 32 32 1 169.676372371
2 32 32 0 204.563400274
4 32 1 1 151.150891185
4 32 1 0 156.031862682
4 32 2 1 172.736454937
4 32 2 0 179.429404486
4 32 4 1 211.039066147
4 32 4 0 220.334032422
4 32 8 1 195.194427434
4 32 8 0 213.300509076
4 32 16 1 201.102675263
4 32 16 0 233.032167618
4 32 32 1 241.839779182
4 32 32 0 243.284788759
8 32 1 1 185.108967771
8 32 1 0 177.068318292
8 32 2 1 196.721854563
8 32 2 0 227.677599015
8 32 4 1 226.100138582
8 32 4 0 268.094150713
8 32 8 1 251.820666493
8 32 8 0 284.621186618
8 32 16 1 199.100211031
8 32 16 0 223.362376749
8 32 32 1 200.782845483
8 32 32 0 256.939862058
16 32 1 1 191.252880508
16 32 1 0 243.03682154
16 32 2 1 244.9078408
16 32 2 0 199.269217395
16 32 4 1 228.819667038
16 32 4 0 289.180960783
16 32 8 1 230.680680172
16 32 8 0 288.775051996
16 32 16 1 246.981079309
16 32 16 0 264.683569764
16 32 32 1 215.745610996
16 32 32 0 249.583618066
32 32 1 1 204.020448711
32 32 1 0 210.566554874
32 32 2 1 165.175942809
32 32 2 0 280.354322201
32 32 4 1 227.277246331
32 32 4 0 213.871217063
32 32 8 1 135.843713619
32 32 8 0 211.14596607
32 32 16 1 160.006369312
32 32 16 0 241.061368701
32 32 32 1 202.859483613
32 32 32 0 225.030085816
1 1 1 1 75.027799606
1 1 1 0 96.0495221118
1 1 2 1 127.067865499
1 1 2 0 124.264240686
1 1 4 1 148.633193374
1 1 4 0 132.936837255
1 1 8 1 164.702480393
1 1 8 0 146.793498367
1 1 16 1 139.625745567
1 1 16 0 142.070424095
1 1 32 1 170.738614056
1 1 32 0 149.462233721
2 1 1 1 113.644884053
2 1 1 0 135.555706378
2 1 2 1 118.807997501
2 1 2 0 125.349624748
2 1 4 1 153.946950767
2 1 4 0 188.331206531
2 1 8 1 170.34093407
2 1 8 0 157.465207583
2 1 16 1 187.922932026
2 1 16 0 203.963289927
2 1 32 1 148.116546532
2 1 32 0 76.6840988136
4 1 1 1 163.537384815
4 1 1 0 146.145141188
4 1 2 1 156.130780511
4 1 2 0 186.605975675
4 1 4 1 162.066915233
4 1 4 0 160.613859908
4 1 8 1 168.252002136
4 1 8 0 133.092142955
4 1 16 1 171.930034386
4 1 16 0 172.704885207
4 1 32 1 174.427320343
4 1 32 0 162.423840812
8 1 1 1 137.986128532
8 1 1 0 134.883775198
8 1 2 1 160.274130938
8 1 2 0 186.44060828
8 1 4 1 190.593958479
8 1 4 0 197.546354442
8 1 8 1 156.036377302
8 1 8 0 157.378984435
8 1 16 1 171.461172136
8 1 16 0 165.979331805
8 1 32 1 151.670235884
8 1 32 0 160.516022904
16 1 1 1 154.467919822
16 1 1 0 169.371044676
16 1 2 1 167.194374355
16 1 2 0 169.191747589
16 1 4 1 158.008053378
16 1 4 0 179.126626943
16 1 8 1 165.051742586
16 1 8 0 165.012970723
16 1 16 1 186.333351041
16 1 16 0 175.317032057
16 1 32 1 160.810434613
16 1 32 0 155.077452845
32 1 1 1 151.674041542
32 1 1 0 154.474745341
32 1 2 1 147.343550759
32 1 2 0 103.689077294
32 1 4 1 158.447148383
32 1 4 0 151.587655199
32 1 8 1 150.691781853
32 1 8 0 141.879180932
32 1 16 1 166.608501179
32 1 16 0 157.976208053
32 1 32 1 120.463358191
32 1 32 0 150.503806714
1 2 1 1 101.589981695
1 2 1 0 93.7442038393
1 2 2 1 117.651898003
1 2 2 0 103.651550124
1 2 4 1 145.55879779
1 2 4 0 131.286974935
1 2 8 1 150.422145793
1 2 8 0 163.649026709
1 2 16 1 145.311964102
1 2 16 0 153.724956912
1 2 32 1 135.817718744
1 2 32 0 139.189792588
2 2 1 1 105.403032205
2 2 1 0 122.029026167
2 2 2 1 117.462136484
2 2 2 0 138.143209303
2 2 4 1 151.119101331
2 2 4 0 167.691438415
2 2 8 1 82.9154628767
2 2 8 0 145.780417931
2 2 16 1 160.52462188
2 2 16 0 128.060095063
2 2 32 1 167.907289957
2 2 32 0 149.357776545
4 2 1 1 117.991416823
4 2 1 0 128.127321422
4 2 2 1 139.034655373
4 2 2 0 146.912917713
4 2 4 1 96.7810158821
4 2 4 0 143.114636549
4 2 8 1 112.719845498
4 2 8 0 164.695109089
4 2 16 1 160.541724297
4 2 16 0 107.986188568
4 2 32 1 114.079972389
4 2 32 0 147.958656552
8 2 1 1 161.966350025
8 2 1 0 155.752024064
8 2 2 1 153.018760972
8 2 2 0 184.744365198
8 2 4 1 129.861801295
8 2 4 0 165.624842354
8 2 8 1 149.478625944
8 2 8 0 125.982323574
8 2 16 1 163.057965216
8 2 16 0 121.057329495
8 2 32 1 160.027545964
8 2 32 0 151.507429663
16 2 1 1 138.659635844
16 2 1 0 152.235768385
16 2 2 1 128.517770546
16 2 2 0 143.848739813
16 2 4 1 133.85384815
16 2 4 0 162.394201471
16 2 8 1 140.194591647
16 2 8 0 160.789811351
16 2 16 1 111.636314981
16 2 16 0 127.906476557
16 2 32 1 160.756403772
16 2 32 0 154.709249208
32 2 1 1 126.015050589
32 2 1 0 126.644323568
32 2 2 1 145.35985758
32 2 2 0 157.568402443
32 2 4 1 158.699520908
32 2 4 0 131.927571281
32 2 8 1 143.594680012
32 2 8 0 138.729031104
32 2 16 1 132.853135244
32 2 16 0 138.827387303
32 2 32 1 135.483471534
32 2 32 0 188.736775416
1 4 1 1 87.7508009624
1 4 1 0 91.4022757303
1 4 2 1 84.2643340284
1 4 2 0 111.025286013
1 4 4 1 136.06159984
1 4 4 0 127.175624326
1 4 8 1 130.896802936
1 4 8 0 145.055282056
1 4 16 1 136.094369532
1 4 16 0 122.239791245
1 4 32 1 107.013539995
1 4 32 0 121.636354168
2 4 1 1 100.954293069
2 4 1 0 97.3698053806
2 4 2 1 106.900219167
2 4 2 0 110.93583858
2 4 4 1 138.234012782
2 4 4 0 121.102382395
2 4 8 1 133.736825119
2 4 8 0 117.937235128
2 4 16 1 73.4019862797
2 4 16 0 118.014273371
2 4 32 1 133.088570866
2 4 32 0 138.175878984
4 4 1 1 116.540998601
4 4 1 0 124.134698661
4 4 2 1 139.907299388
4 4 2 0 154.362349027
4 4 4 1 151.872254258
4 4 4 0 139.107600112
4 4 8 1 126.686324175
4 4 8 0 150.696826936
4 4 16 1 142.273415461
4 4 16 0 128.767549288
4 4 32 1 148.868930386
4 4 32 0 143.409833976
8 4 1 1 159.155079339
8 4 1 0 132.745751136
8 4 2 1 161.100224068
8 4 2 0 149.878989419
8 4 4 1 148.899820231
8 4 4 0 144.863347324
8 4 8 1 125.830483747
8 4 8 0 143.542785127
8 4 16 1 137.654243489
8 4 16 0 143.371839958
8 4 32 1 130.625101026
8 4 32 0 127.297540039
16 4 1 1 151.322633461
16 4 1 0 163.925340436
16 4 2 1 121.375315923
16 4 2 0 146.666806699
16 4 4 1 158.307115372
16 4 4 0 159.478495349
16 4 8 1 150.405578346
16 4 8 0 129.806445959
16 4 16 1 129.624831862
16 4 16 0 123.746892294
16 4 32 1 130.333449217
16 4 32 0 134.154708032
32 4 1 1 142.107047829
32 4 1 0 166.131418168
32 4 2 1 110.719011763
32 4 2 0 133.54162296
32 4 4 1 155.470652777
32 4 4 0 145.023479884
32 4 8 1 119.849645561
32 4 8 0 131.268225614
32 4 16 1 125.275807843
32 4 16 0 124.124987469
32 4 32 1 122.725105376
32 4 32 0 120.165393056
1 8 1 1 88.2700460636
1 8 2 1 58.3754534158
1 8 2 0 107.91599722
1 8 4 1 113.726446378
1 8 4 0 130.13714801
1 8 8 1 124.794411425
1 8 8 0 118.906045784
1 8 16 1 93.8395103826
1 8 16 0 127.73355896
1 8 32 1 77.7672423778
1 8 32 0 118.765617045
2 8 1 1 108.235533401
2 8 1 0 107.710764805
2 8 2 1 115.424770563
2 8 2 0 97.8048776234
2 8 4 1 126.196211476
2 8 4 0 138.592855674
2 8 8 1 117.790788639
2 8 8 0 134.246184466
2 8 16 1 122.226677671
2 8 16 0 131.792216504
2 8 32 1 124.703695603
2 8 32 0 134.617349752
4 8 1 1 112.962081211
4 8 1 0 111.501734977
4 8 2 1 117.037967972
4 8 2 0 99.2433638966
4 8 4 1 145.705238162
4 8 4 0 135.134687628
4 8 8 1 141.563946954
4 8 8 0 154.461049408
4 8 16 1 116.347223885
4 8 16 0 126.889061606
4 8 32 1 140.263018485
4 8 32 0 112.204314758
8 8 1 1 126.637304511
8 8 1 0 147.034376422
8 8 2 1 149.742428301
8 8 2 0 139.048462068
8 8 4 1 155.465190816
8 8 4 0 167.148275693
8 8 8 1 143.994367487
8 8 8 0 141.210191097
8 8 16 1 149.142109422
8 8 16 0 130.726505603
8 8 32 1 128.210658254
8 8 32 0 152.167869571
16 8 1 1 130.954809234
16 8 1 0 153.776111207
16 8 2 1 148.036922118
16 8 2 0 157.58503462
16 8 4 1 144.589336603
16 8 4 0 151.74524364
16 8 8 1 145.811022422
16 8 8 0 135.408857246
16 8 16 1 127.450929776
16 8 16 0 119.811370759
16 8 32 1 124.645538371
16 8 32 0 137.436306672
32 8 1 1 127.666255526
32 8 1 0 143.953464811
32 8 2 1 141.595167385
32 8 2 0 132.265572193
32 8 4 1 166.672921514
32 8 4 0 148.006953178
32 8 8 1 124.622432826
32 8 8 0 148.312988742
32 8 16 1 123.149232634
32 8 16 0 122.833252959
32 8 32 1 134.912048952
32 8 32 0 136.920640941
1 16 1 1 79.9894418501
1 16 1 0 86.1677658246
1 16 2 1 93.7203331162
1 16 2 0 100.637614473
1 16 4 1 116.625741468
1 16 4 0 108.54290672
1 16 8 1 112.129493703
1 16 8 0 116.374399804
1 16 16 1 124.578911036
1 16 16 0 122.04144409
1 16 32 1 120.529581833
1 16 32 0 117.949417857
2 16 1 1 101.79497512
2 16 1 0 104.65025347
2 16 2 1 112.064297181
2 16 2 0 105.071427545
2 16 4 1 115.898193906
2 16 4 0 129.005945954
2 16 8 1 110.518151458
2 16 8 0 130.650486246
2 16 16 1 117.949868872
2 16 16 0 137.256115765
2 16 32 1 116.790850164
2 16 32 0 122.081214065
4 16 1 1 90.6629471527
4 16 1 0 139.041263442
4 16 2 1 117.831337584
4 16 2 0 128.438721293
4 16 4 1 118.611084025
4 16 4 0 149.640771155
4 16 8 1 123.370063157
4 16 8 0 131.950717737
4 16 16 1 129.887357177
4 16 16 0 140.254080487
4 16 32 1 126.29800943
4 16 32 0 136.51335778
8 16 1 1 142.28802736
8 16 1 0 145.284949836
8 16 2 1 131.577962198
8 16 2 0 134.98896596
8 16 4 1 118.810648966
8 16 4 0 146.931040357
8 16 8 1 113.922230188
8 16 8 0 120.398713831
8 16 16 1 136.28292492
8 16 16 0 150.8864245
8 16 32 1 125.00346939
8 16 32 0 121.415931974
16 16 1 1 129.43088145
16 16 1 0 170.057863505
16 16 2 1 118.818610802
16 16 2 0 145.722648987
16 16 4 1 130.874506501
16 16 4 0 162.844153004
16 16 8 1 127.956195088
16 16 8 0 142.144692249
16 16 16 1 131.781071595
16 16 16 0 143.286025668
16 16 32 1 122.866091383
16 16 32 0 137.899031815
32 16 1 1 119.062599126
32 16 1 0 135.03412031
32 16 2 1 96.4952802979
32 16 2 0 100.736535862
32 16 4 1 128.230151256
32 16 4 0 116.851299773
32 16 8 1 100.768345845
32 16 8 0 143.604530617
32 16 16 1 134.487527713
32 16 16 0 137.317361437
32 16 32 1 116.657407466
32 16 32 0 130.76476042
1 32 1 1 74.7110868257
1 32 1 0 85.4655687325
1 32 2 1 87.2476477439
1 32 2 0 91.5051469936
1 32 4 1 90.6442977064
1 32 4 0 100.152874445
1 32 8 1 106.328134781
1 32 8 0 120.383325303
1 32 16 1 91.9139917423
1 32 16 0 113.365472189
1 32 32 1 103.077045962
1 32 32 0 112.01832842
2 32 1 1 98.6236764788
2 32 1 0 85.6097854998
2 32 2 1 93.9503469123
2 32 2 0 111.541947962
2 32 4 1 107.695617414
2 32 4 0 132.774371041
2 32 8 1 112.995112144
2 32 8 0 117.558363793
2 32 16 1 117.120937171
2 32 16 0 128.809040155
2 32 32 1 90.6771548729
2 32 32 0 132.208682384
4 32 1 1 102.690572876
4 32 1 0 116.608696169
4 32 2 1 92.2604098728
4 32 2 0 123.586320282
4 32 4 1 111.385605254
4 32 4 0 137.03196124
4 32 8 1 108.243453605
4 32 8 0 112.511105559
4 32 16 1 109.56134807
4 32 16 0 131.720503093
4 32 32 1 114.11787592
4 32 32 0 132.229201756
8 32 1 1 105.196389828
8 32 1 0 130.473240095
8 32 2 1 131.230480301
8 32 2 0 142.524521741
8 32 4 1 110.731736283
8 32 4 0 119.724205669
8 32 8 1 105.543174908
8 32 8 0 115.419098816
8 32 16 1 117.156301457
8 32 16 0 133.842488494
8 32 32 1 110.227320147
8 32 32 0 127.530760151
16 32 1 1 108.766354062
16 32 1 0 138.685755234
16 32 2 1 124.148996418
16 32 2 0 135.473601043
16 32 4 1 114.840262199
16 32 4 0 138.262368925
16 32 8 1 105.389125242
16 32 8 0 132.522451315
16 32 16 1 111.534581515
16 32 16 0 113.374436748
16 32 32 1 102.318355468
16 32 32 0 135.427706407
32 32 1 1 101.722771535
32 32 1 0 124.970454047
32 32 2 1 132.10163829
32 32 2 0 138.380091008
32 32 4 1 91.9542012629
32 32 4 0 106.536026736
32 32 8 1 88.6070484828
32 32 8 0 87.484925223
32 32 16 1 95.5786439216
32 32 16 0 110.535472137
32 32 32 1 103.521098181
32 32 32 0 105.041650984
1 1 1 1 98.4362276422
1 1 1 0 114.831443327
1 1 2 1 142.694550257
1 1 2 0 160.492376251
1 1 4 1 214.349538145
1 1 4 0 217.97233673
1 1 8 1 245.614558462
1 1 8 0 238.475786713
1 1 16 1 235.731522178
1 1 16 0 199.881935577
1 1 32 1 211.843160409
1 1 32 0 212.732250466
2 1 1 1 188.733120145
2 1 1 0 179.863580192
2 1 2 1 192.49287758
2 1 2 0 219.880143981
2 1 4 1 258.905549045
2 1 4 0 256.854443677
2 1 8 1 160.683698716
2 1 8 0 263.230891495
2 1 16 1 297.745653901
2 1 16 0 279.744579721
2 1 32 1 257.448897893
2 1 32 0 260.076519655
4 1 1 1 215.138069463
4 1 1 0 256.788171396
4 1 2 1 223.641578032
4 1 2 0 250.085152584
4 1 4 1 340.257128192
4 1 4 0 283.475244195
4 1 8 1 160.695215224
4 1 8 0 254.482969313
4 1 16 1 312.990029809
4 1 16 0 260.287222131
4 1 32 1 303.476855524
4 1 32 0 355.458429306
8 1 1 1 287.512256057
8 1 1 0 186.164285383
8 1 2 1 284.92190619
8 1 2 0 255.684127146
8 1 4 1 326.993777938
8 1 4 0 280.51601538
8 1 8 1 355.997302371
8 1 8 0 336.647763116
8 1 16 1 288.776313146
8 1 16 0 285.521779261
8 1 32 1 253.512564525
8 1 32 0 298.314839767
16 1 1 1 325.346536972
16 1 1 0 294.458659709
16 1 2 1 259.569489158
16 1 2 0 290.701264171
16 1 4 1 342.380567809
16 1 4 0 313.542167645
16 1 8 1 308.591919315
16 1 8 0 270.947311379
16 1 16 1 226.226303239
16 1 16 0 298.092471099
16 1 32 1 308.879624947
16 1 32 0 297.250906287
32 1 1 1 270.243189661
32 1 1 0 284.480631666
32 1 2 1 215.18829389
32 1 2 0 263.554189905
32 1 4 1 326.228814363
32 1 4 0 242.839359715
32 1 8 1 241.884877482
32 1 8 0 254.882976897
32 1 16 1 308.766337357
32 1 16 0 288.074385029
32 1 32 1 228.497153399
32 1 32 0 253.452047918
1 2 1 1 120.64909439
1 2 1 0 116.165631919
1 2 2 1 153.083766789
1 2 2 0 166.964055017
1 2 4 1 203.588924597
1 2 4 0 223.76152583
1 2 8 1 248.202062458
1 2 8 0 221.260576173
1 2 16 1 213.344996645
1 2 16 0 210.233238874
1 2 32 1 227.091219664
1 2 32 0 240.806477028
2 2 1 1 166.556489243
2 2 1 0 187.105165138
2 2 2 1 203.572514348
2 2 2 0 217.10527498
2 2 4 1 217.438833915
2 2 4 0 272.873464779
2 2 8 1 267.965340855
2 2 8 0 261.451294985
2 2 16 1 227.939847205
2 2 16 0 254.336208199
2 2 32 1 270.134199076
2 2 32 0 271.230444467
4 2 1 1 221.538373142
4 2 1 0 222.02559485
4 2 2 1 251.574808188
4 2 2 0 232.644412298
4 2 4 1 273.256350943
4 2 4 0 284.610410369
4 2 8 1 272.346408771
4 2 8 0 300.18154612
4 2 16 1 297.523689534
4 2 16 0 317.221694817
4 2 32 1 278.217873566
4 2 32 0 321.55766957
8 2 1 1 255.632242857
8 2 1 0 270.752290106
8 2 2 1 255.546267267
8 2 2 0 294.155900772
8 2 4 1 297.516093152
8 2 4 0 288.56167978
8 2 8 1 304.709515317
8 2 8 0 261.767555273
8 2 16 1 201.878686337
8 2 16 0 328.452383926
8 2 32 1 271.542800091
8 2 32 0 298.081710851
16 2 1 1 295.111967057
16 2 1 0 298.061293932
16 2 2 1 310.068671082
16 2 2 0 266.311422198
16 2 4 1 287.741888841
16 2 4 0 285.293812288
16 2 8 1 288.260955998
16 2 8 0 282.724163681
16 2 16 1 271.561978132
16 2 16 0 280.459452524
16 2 32 1 333.568200488
16 2 32 0 266.249170383
32 2 1 1 239.187200379
32 2 1 0 137.452713433
32 2 2 1 203.054735665
32 2 2 0 245.996354997
32 2 4 1 311.850876298
32 2 4 0 273.794568411
32 2 8 1 295.573142308
32 2 8 0 265.319343226
32 2 16 1 242.78702059
32 2 16 0 301.209622172
32 2 32 1 231.243113836
32 2 32 0 250.931888111
1 4 1 1 116.011794988
1 4 1 0 118.310384986
1 4 2 1 146.146017625
1 4 2 0 145.897050357
1 4 4 1 180.954614504
1 4 4 0 189.144973474
1 4 8 1 206.115228324
1 4 8 0 183.532088479
1 4 16 1 178.417915799
1 4 16 0 210.064440583
1 4 32 1 207.501125068
1 4 32 0 190.735605017
2 4 1 1 167.088069649
2 4 1 0 166.918128312
2 4 2 1 189.579967616
2 4 2 0 169.186550043
2 4 4 1 194.469581974
2 4 4 0 212.601990268
2 4 8 1 239.351022087
2 4 8 0 201.73364505
2 4 16 1 209.808099001
2 4 16 0 238.308571062
2 4 32 1 221.581623221
2 4 32 0 224.562297879
4 4 1 1 206.130481122
4 4 1 0 184.384635262
4 4 2 1 215.873941571
4 4 2 0 221.417079873
4 4 4 1 237.870505898
4 4 4 0 284.413337738
4 4 8 1 225.781794394
4 4 8 0 244.745097408
4 4 16 1 262.711351451
4 4 16 0 233.014617351
4 4 32 1 248.917309581
4 4 32 0 249.744678095
8 4 1 1 259.810744464
8 4 1 0 215.590414331
8 4 2 1 263.766802485
8 4 2 0 274.789628979
8 4 4 1 262.936564169
8 4 4 0 247.263897382
8 4 8 1 261.321830327
8 4 8 0 276.216135458
8 4 16 1 267.048174302
8 4 16 0 253.971228868
8 4 32 1 252.125211341
8 4 32 0 283.36450891
16 4 1 1 262.259572848
16 4 1 0 270.812469812
16 4 2 1 264.476716871
16 4 2 0 297.079342552
16 4 4 1 247.437864329
16 4 4 0 259.477683373
16 4 8 1 305.928533819
16 4 8 0 279.730570507
16 4 16 1 255.228096122
16 4 16 0 228.469700567
16 4 32 1 260.585615783
16 4 32 0 281.24692754
32 4 1 1 259.491567277
32 4 1 0 233.877260359
32 4 2 1 256.710449226
32 4 2 0 278.795194335
32 4 4 1 283.926239106
32 4 4 0 244.549958135
32 4 8 1 217.257224999
32 4 8 0 273.939605756
32 4 16 1 235.201761333
32 4 16 0 211.003650725
32 4 32 1 242.477579566
32 4 32 0 253.756209602
1 8 1 1 111.949261274
1 8 1 0 112.867727965
1 8 2 1 145.576858837
1 8 2 0 137.77291198
1 8 4 1 193.520151825
1 8 4 0 189.286478272
1 8 8 1 188.125078424
1 8 8 0 200.868957473
1 8 16 1 203.074109988
1 8 16 0 168.580357992
1 8 32 1 191.648983012
1 8 32 0 206.868890898
2 8 1 1 152.13390118
2 8 1 0 164.403417524
2 8 2 1 193.169068502
2 8 2 0 204.039732052
2 8 4 1 206.050140663
2 8 4 0 253.117729243
2 8 8 1 218.730804687
2 8 8 0 234.11272288
2 8 16 1 233.110021216
2 8 16 0 257.020770175
2 8 32 1 227.529871111
2 8 32 0 264.003814278
4 8 1 1 204.423283194
4 8 1 0 203.49825179
4 8 2 1 217.101308732
4 8 2 0 247.32521293
4 8 4 1 221.19065844
4 8 4 0 242.023425441
4 8 8 1 234.91361787
4 8 8 0 259.329274652
4 8 16 1 263.032401078
4 8 16 0 285.706439
4 8 32 1 272.618106034
4 8 32 0 279.438729717
8 8 1 1 218.716503856
8 8 1 0 231.870513407
8 8 2 1 264.235793079
8 8 2 0 256.891769316
8 8 4 1 245.950505015
8 8 4 0 259.569746138
8 8 8 1 244.280639538
8 8 8 0 265.398403874
8 8 16 1 263.96952598
8 8 16 0 217.467814452
8 8 32 1 259.48172801
8 8 32 0 254.778052459
16 8 1 1 205.125164725
16 8 1 0 221.198286227
16 8 2 1 239.863858931
16 8 2 0 207.237175637
16 8 4 1 190.582219556
16 8 4 0 267.982356305
16 8 8 1 259.605262506
16 8 8 0 297.351473627
16 8 16 1 244.133656412
16 8 16 0 248.313838584
16 8 32 1 258.613379917
16 8 32 0 290.050190578
32 8 1 1 237.391159626
32 8 1 0 242.777522137
32 8 2 1 261.742419005
32 8 2 0 285.309276892
32 8 4 1 204.304688402
32 8 4 0 266.113088564
32 8 8 1 215.30962003
32 8 8 0 266.417958383
32 8 16 1 216.943562943
32 8 16 0 221.267100038
32 8 32 1 199.040664995
32 8 32 0 242.036439905
1 16 1 1 111.832632566
1 16 1 0 120.237274725
1 16 2 1 134.461807156
1 16 2 0 136.894755663
1 16 4 1 181.934882121
1 16 4 0 178.152263267
1 16 8 1 191.607490514
1 16 8 0 201.039258915
1 16 16 1 173.521897
1 16 16 0 191.716205715
1 16 32 1 199.629563888
1 16 32 0 193.352809842
2 16 1 1 156.01574692
2 16 1 0 151.480298596
2 16 2 1 183.977414459
2 16 2 0 211.284556062
2 16 4 1 225.743072405
2 16 4 0 231.323869127
2 16 8 1 205.169347295
2 16 8 0 224.502160165
2 16 16 1 187.0872077
2 16 16 0 232.573859687
2 16 32 1 222.520405637
2 16 32 0 206.574071015
4 16 1 1 196.445264387
4 16 1 0 201.135361862
4 16 2 1 175.986431755
4 16 2 0 235.326459864
4 16 4 1 232.895174893
4 16 4 0 275.325976316
4 16 8 1 201.041523073
4 16 8 0 285.124974988
4 16 16 1 226.28363318
4 16 16 0 244.302049944
4 16 32 1 256.585792936
4 16 32 0 243.761524889
8 16 1 1 236.024956885
8 16 1 0 256.280575882
8 16 2 1 243.014010024
8 16 2 0 204.116565458
8 16 4 1 269.094016138
8 16 4 0 288.150924132
8 16 8 1 151.338049114
8 16 8 0 276.380938715
8 16 16 1 255.078783928
8 16 16 0 277.785773642
8 16 32 1 229.052163682
8 16 32 0 268.621620914
16 16 1 1 226.834773681
16 16 1 0 230.159338192
16 16 2 1 278.304495534
16 16 2 0 241.850781177
16 16 4 1 209.962560235
16 16 4 0 261.977981021
16 16 8 1 234.132675426
16 16 8 0 244.249547785
16 16 16 1 225.781235401
16 16 16 0 237.897255972
16 16 32 1 221.141067333
16 16 32 0 250.33783164
32 16 1 1 255.987174522
32 16 1 0 283.33390586
32 16 2 1 279.390192197
32 16 2 0 271.25499814
32 16 4 1 261.910902979
32 16 4 0 313.382820658
32 16 8 1 212.661332558
32 16 8 0 292.09957078
32 16 16 1 223.151139523
32 16 16 0 240.351050003
32 16 32 1 236.58981606
32 16 32 0 205.970105519
1 32 1 1 101.428187024
1 32 1 0 110.889565505
1 32 2 1 123.806630055
1 32 2 0 141.416427172
1 32 4 1 159.701100601
1 32 4 0 195.861440812
1 32 8 1 143.332291787
1 32 8 0 172.489864118
1 32 16 1 138.499822738
1 32 16 0 197.173337018
1 32 32 1 169.464269173
1 32 32 0 178.815444263
2 32 1 1 142.258076352
2 32 1 0 150.086283813
2 32 2 1 168.620886852
2 32 2 0 176.122235305
2 32 4 1 177.54471271
2 32 4 0 202.713554275
2 32 8 1 182.197501225
2 32 8 0 194.6720035
2 32 16 1 200.229956906
2 32 16 0 196.622520148
2 32 32 1 185.680424207
2 32 32 0 234.49366207
4 32 1 1 178.78795509
4 32 1 0 193.794736817
4 32 2 1 186.0710502
4 32 2 0 214.88404038
4 32 4 1 207.876940416
4 32 4 0 250.778173706
4 32 8 1 206.431186518
4 32 8 0 229.043459384
4 32 16 1 218.310566885
4 32 16 0 237.021485146
4 32 32 1 211.342600758
4 32 32 0 235.033309781
8 32 1 1 206.248021573
8 32 1 0 236.480224678
8 32 2 1 215.8233522
8 32 2 0 229.177861936
8 32 4 1 190.491583392
8 32 4 0 268.156229397
8 32 8 1 233.906484675
8 32 8 0 250.62897489
8 32 16 1 236.434281736
8 32 16 0 238.332075189
8 32 32 1 210.192683169
8 32 32 0 211.524424148
16 32 1 1 228.853517873
16 32 1 0 300.096336507
16 32 2 1 209.605876177
16 32 2 0 231.069374639
16 32 4 1 214.26142783
16 32 4 0 253.925708911
16 32 8 1 178.376993457
16 32 8 0 241.092237151
16 32 16 1 220.960102278
16 32 16 0 221.914015553
16 32 32 1 204.84419263
16 32 32 0 274.550904325
32 32 1 1 208.132898335
32 32 1 0 215.160612927
32 32 2 1 215.914519051
32 32 2 0 229.200914277
32 32 4 1 199.206734478
32 32 4 0 225.052795912
32 32 8 1 202.157996559
32 32 8 0 232.96911827
32 32 16 1 145.205557159
32 32 16 0 220.779584211
32 32 32 1 195.385611329
32 32 32 0 250.731827848
1 1 1 1 98.2219060882
1 1 1 0 129.269770297
1 1 2 1 175.247607178
1 1 2 0 175.329617533
1 1 4 1 265.185506951
1 1 4 0 277.539188864
1 1 8 1 319.134214054
1 1 8 0 314.393169214
1 1 16 1 304.798682568
1 1 16 0 301.299760628
1 1 32 1 298.999418843
1 1 32 0 321.729001148
2 1 1 1 231.761058963
2 1 1 0 220.759445079
2 1 2 1 283.718982728
2 1 2 0 295.547513266
2 1 4 1 412.812227188
2 1 4 0 336.497572744
2 1 8 1 395.950258328
2 1 8 0 436.240108265
2 1 16 1 402.552972466
2 1 16 0 402.031756425
2 1 32 1 404.165897199
2 1 32 0 469.948031506
4 1 1 1 359.407607931
4 1 1 0 335.482111913
4 1 2 1 236.384570408
4 1 2 0 400.308214017
4 1 4 1 298.644509317
4 1 4 0 517.563307522
4 1 8 1 284.454746224
4 1 8 0 234.824269554
4 1 16 1 496.732033165
4 1 16 0 528.121490909
4 1 32 1 395.950874986
4 1 32 0 262.042260022
8 1 1 1 211.818452096
8 1 1 0 287.954264429
8 1 2 1 438.904176998
8 1 2 0 333.048110752
8 1 4 1 516.027687339
8 1 4 0 462.165056705
8 1 8 1 478.141438729
8 1 8 0 538.475161996
8 1 16 1 533.411589019
8 1 16 0 329.851833333
8 1 32 1 303.065848664
8 1 32 0 531.706994272
16 1 1 1 442.266715298
16 1 1 0 510.808385263
16 1 2 1 384.127770632
16 1 2 0 407.013917415
16 1 4 1 493.168424454
16 1 4 0 292.566153898
16 1 8 1 492.55163516
16 1 8 0 567.125354572
16 1 16 1 573.633512477
16 1 16 0 442.157306265
16 1 32 1 569.073784081
16 1 32 0 373.82627822
32 1 1 1 349.95636063
32 1 1 0 331.481257658
32 1 2 1 518.021181119
32 1 2 0 474.92933184
32 1 4 1 479.359927341
32 1 4 0 516.646930008
32 1 8 1 520.27154819
32 1 8 0 502.398438274
32 1 16 1 530.551137571
32 1 16 0 530.36995777
32 1 32 1 540.021681743
32 1 32 0 438.952147511
1 2 1 1 132.452835659
1 2 1 0 130.360423811
1 2 2 1 183.09360045
1 2 2 0 159.052940471
1 2 4 1 260.970604666
1 2 4 0 262.038757107
1 2 8 1 298.96812577
1 2 8 0 260.771751246
1 2 16 1 292.604284784
1 2 16 0 341.824177571
1 2 32 1 315.3760642
1 2 32 0 315.600083721
2 2 1 1 230.032373366
2 2 1 0 215.821979146
2 2 2 1 313.65452125
2 2 2 0 274.709650025
2 2 4 1 405.505504792
2 2 4 0 359.205149565
2 2 8 1 421.739658697
2 2 8 0 451.535026415
2 2 16 1 468.208044777
2 2 16 0 469.031332869
2 2 32 1 343.796610842
2 2 32 0 421.714135321
4 2 1 1 334.874365768
4 2 1 0 347.838092071
4 2 2 1 413.372706462
4 2 2 0 450.136232592
4 2 4 1 555.210177055
4 2 4 0 420.468485315
4 2 8 1 465.548285654
4 2 8 0 475.061641969
4 2 16 1 400.122913239
4 2 16 0 475.771025061
4 2 32 1 508.126144933
4 2 32 0 428.289708004
8 2 1 1 429.371693965
8 2 1 0 431.879464384
8 2 2 1 468.488684148
8 2 2 0 474.388246906
8 2 4 1 482.54698125
8 2 4 0 440.20799163
8 2 8 1 500.835212985
8 2 8 0 544.336425294
8 2 16 1 539.66851473
8 2 16 0 468.647820626
8 2 32 1 526.630815612
8 2 32 0 492.97151998
16 2 1 1 499.854517086
16 2 1 0 303.314181685
16 2 2 1 289.739830116
16 2 2 0 429.290030876
16 2 4 1 557.432972005
16 2 4 0 474.665389092
16 2 8 1 401.706787034
16 2 8 0 357.45894233
16 2 16 1 563.427766934
16 2 16 0 362.246877279
16 2 32 1 496.207092629
16 2 32 0 509.266001525
32 2 1 1 376.839752093
32 2 1 0 451.147848011
32 2 2 1 349.035559886
32 2 2 0 397.710855278
32 2 4 1 383.839572043
32 2 4 0 439.786565915
32 2 8 1 434.538898431
32 2 8 0 503.243009304
32 2 16 1 469.750501747
32 2 16 0 535.964933335
32 2 32 1 291.118871285
32 2 32 0 482.739255457
1 4 1 1 134.634402868
1 4 1 0 129.567017425
1 4 2 1 128.607710388
1 4 2 0 167.699107964
1 4 4 1 207.954607541
1 4 4 0 271.142408696
1 4 8 1 250.028598989
1 4 8 0 281.450164834
1 4 16 1 252.136403657
1 4 16 0 262.75947679
1 4 32 1 288.148322591
1 4 32 0 61.8702265331
2 4 1 1 205.164145203
2 4 1 0 225.798228324
2 4 2 1 269.930370937
2 4 2 0 292.805215038
2 4 4 1 326.407800496
2 4 4 0 332.395206906
2 4 8 1 348.351857402
2 4 8 0 402.713679599
2 4 16 1 418.729054183
2 4 16 0 379.896511035
2 4 32 1 352.546392666
2 4 32 0 408.156945621
4 4 1 1 336.916598903
4 4 1 0 335.20467972
4 4 2 1 369.570725381
4 4 2 0 384.901145479
4 4 4 1 418.577803659
4 4 4 0 403.626245338
4 4 8 1 443.283183545
4 4 8 0 295.092710804
4 4 16 1 418.079742931
4 4 16 0 421.679543782
4 4 32 1 332.058115361
4 4 32 0 443.396571776
8 4 1 1 402.916229147
8 4 1 0 404.173724334
8 4 2 1 439.529902123
8 4 2 0 451.519644131
8 4 4 1 322.313417894
8 4 4 0 329.849226702
8 4 8 1 428.362985908
8 4 8 0 472.563909296
8 4 16 1 311.199756168
8 4 16 0 443.48720692
8 4 32 1 495.164098408
8 4 32 0 370.318558294
16 4 1 1 412.759321033
16 4 1 0 475.235235954
16 4 2 1 476.423950137
16 4 2 0 401.844856945
16 4 4 1 550.538274567
16 4 4 0 352.702308186
16 4 8 1 471.448313965
16 4 8 0 361.00796871
16 4 16 1 329.162152755
16 4 16 0 443.433341693
16 4 32 1 489.96719461
16 4 32 0 439.87815266
32 4 1 1 545.878519241
32 4 1 0 406.81829435
32 4 2 1 453.83569012
32 4 2 0 388.144106426
32 4 4 1 443.639685024
32 4 4 0 496.95947569
32 4 8 1 458.427053148
32 4 8 0 428.8798789
32 4 16 1 439.335392205
32 4 16 0 450.169370345
32 4 32 1 434.61160632
32 4 32 0 451.70327932
1 8 1 1 130.568510899
1 8 1 0 128.090338127
1 8 2 1 149.594057567
1 8 2 0 163.701033528
1 8 4 1 222.376198539
1 8 4 0 204.997297168
1 8 8 1 249.497739951
1 8 8 0 317.695718788
1 8 16 1 265.540070362
1 8 16 0 267.740213425
1 8 32 1 263.904324177
1 8 32 0 279.601039809
2 8 1 1 209.666407005
2 8 1 0 200.662073597
2 8 2 1 252.188463556
2 8 2 0 285.055954027
2 8 4 1 341.061366257
2 8 4 0 356.253012113
2 8 8 1 378.710977304
2 8 8 0 351.4779876
2 8 16 1 336.768200956
2 8 16 0 375.170307617
2 8 32 1 363.097240205
2 8 32 0 316.665701598
4 8 1 1 238.255310402
4 8 1 0 297.851884982
4 8 2 1 308.802857989
4 8 2 0 371.122228506
4 8 4 1 392.282547838
4 8 4 0 405.295331933
4 8 8 1 295.419187656
4 8 8 0 473.870018626
4 8 16 1 419.819948628
4 8 16 0 283.523781134
4 8 32 1 378.588976618
4 8 32 0 485.137791756
8 8 1 1 290.383810862
8 8 1 0 415.8713433
8 8 2 1 297.295704596
8 8 2 0 369.095273028
8 8 4 1 472.890920637
8 8 4 0 425.564312968
8 8 8 1 454.072005844
8 8 8 0 326.203360166
8 8 16 1 450.252985148
8 8 16 0 425.331760732
8 8 32 1 432.898723386
8 8 32 0 216.865239037
16 8 1 1 462.389587803
16 8 1 0 434.08287985
16 8 2 1 472.747402923
16 8 2 0 509.910420511
16 8 4 1 419.758720583
16 8 4 0 453.643007657
16 8 8 1 456.710239305
16 8 8 0 519.9318437
16 8 16 1 424.785028678
16 8 16 0 490.752655103
16 8 32 1 511.237525809
16 8 32 0 459.662859057
32 8 1 1 448.15532399
32 8 1 0 489.200046601
32 8 2 1 511.133684093
32 8 2 0 394.520811217
32 8 4 1 421.498454785
32 8 4 0 550.174722471
32 8 8 1 423.400074851
32 8 8 0 438.358433498
32 8 16 1 508.323301803
32 8 16 0 376.562145121
32 8 32 1 369.762501043
32 8 32 0 434.088517183
1 16 1 1 126.996105344
1 16 1 0 128.079133474
1 16 2 1 164.768099586
1 16 2 0 166.454628022
1 16 4 1 210.521858958
1 16 4 0 241.32763034
1 16 8 1 251.746687572
1 16 8 0 264.635139907
1 16 16 1 272.56804905
1 16 16 0 270.481824403
1 16 32 1 260.828330541
1 16 32 0 301.369309095
2 16 1 1 204.397927572
2 16 1 0 178.884975712
2 16 2 1 248.281109863
2 16 2 0 284.264714544
2 16 4 1 299.443169655
2 16 4 0 354.087791601
2 16 8 1 335.095403876
2 16 8 0 368.941971127
2 16 16 1 322.591506916
2 16 16 0 383.93496938
2 16 32 1 342.856764181
2 16 32 0 358.676790643
4 16 1 1 297.027509515
4 16 1 0 301.017146105
4 16 2 1 355.026148528
4 16 2 0 391.281835734
4 16 4 1 365.801373285
4 16 4 0 435.564138261
4 16 8 1 405.092281199
4 16 8 0 457.264630863
4 16 16 1 385.661436585
4 16 16 0 454.549267399
4 16 32 1 437.972569381
4 16 32 0 421.122220642
8 16 1 1 357.894167717
8 16 1 0 367.874381093
8 16 2 1 404.485205929
8 16 2 0 398.106013617
8 16 4 1 410.841316483
8 16 4 0 504.973218167
8 16 8 1 258.603536627
8 16 8 0 421.033670749
8 16 16 1 304.646092065
8 16 16 0 431.391384418
8 16 32 1 421.825048786
8 16 32 0 460.129668151
16 16 1 1 394.1584543
16 16 1 0 488.564258366
16 16 2 1 412.473679457
16 16 2 0 476.063048912
16 16 4 1 457.570579485
16 16 4 0 343.69838855
16 16 8 1 412.589828366
16 16 8 0 548.763598955
16 16 16 1 450.144854701
16 16 16 0 374.719942144
16 16 32 1 344.955474043
16 16 32 0 400.34699119
32 16 1 1 364.80533612
32 16 1 0 454.488299203
32 16 2 1 469.553558444
32 16 2 0 399.601038894
32 16 4 1 363.379940322
32 16 4 0 465.315851139
32 16 8 1 389.441172494
32 16 8 0 421.799875578
32 16 16 1 379.51334428
32 16 16 0 390.858489899
32 16 32 1 361.385138924
32 16 32 0 421.105733593
1 32 1 1 121.705078327
1 32 1 0 123.57556079
1 32 2 1 156.740688032
1 32 2 0 164.501711469
1 32 4 1 205.441467987
1 32 4 0 252.638122112
1 32 8 1 243.393643337
1 32 8 0 247.687448435
1 32 16 1 242.582888117
1 32 16 0 267.903124034
1 32 32 1 263.73726828
1 32 32 0 256.768724912
2 32 1 1 195.534317759
2 32 1 0 207.424513194
2 32 2 1 250.248491946
2 32 2 0 269.248960533
2 32 4 1 288.84089683
2 32 4 0 325.661171911
2 32 8 1 307.699370326
2 32 8 0 329.715863719
2 32 16 1 301.829975915
2 32 16 0 373.59740561
2 32 32 1 269.411359749
2 32 32 0 303.368065505
4 32 1 1 269.267556954
4 32 1 0 311.74957203
4 32 2 1 305.216738946
4 32 2 0 332.305470049
4 32 4 1 348.380975658
4 32 4 0 371.55149296
4 32 8 1 349.870898874
4 32 8 0 456.433348681
4 32 16 1 368.460884472
4 32 16 0 393.316545839
4 32 32 1 413.047920729
4 32 32 0 389.732235007
8 32 1 1 332.899005448
8 32 1 0 378.599585967
8 32 2 1 353.589195996
8 32 2 0 399.730141878
8 32 4 1 370.082727625
8 32 4 0 293.566642539
8 32 8 1 416.340846383
8 32 8 0 371.841715164
8 32 16 1 417.437676221
8 32 16 0 493.044554784
8 32 32 1 336.35017738
8 32 32 0 425.327857905
16 32 1 1 381.970258287
16 32 1 0 413.282092019
16 32 2 1 389.967334319
16 32 2 0 474.06950193
16 32 4 1 428.477227851
16 32 4 0 465.497916331
16 32 8 1 366.716911856
16 32 8 0 502.492831689
16 32 16 1 399.162130725
16 32 16 0 391.491203847
16 32 32 1 424.135897188
16 32 32 0 417.096997442
32 32 1 1 333.057088025
32 32 1 0 455.687388584
32 32 2 1 326.11246026
32 32 2 0 369.721014769
32 32 4 1 327.613501251
32 32 4 0 411.224449486
32 32 8 1 367.064223821
32 32 8 0 428.190600779
32 32 16 1 338.195025924
32 32 16 0 426.5601284
32 32 32 1 366.85486264
32 32 32 0 375.610456221
1 1 1 1 147.170587814
1 1 1 0 211.5076354
1 1 2 1 231.854308612
1 1 2 0 239.828483258
1 1 4 1 296.125052317
1 1 4 0 304.543615848
1 1 8 1 276.290306504
1 1 8 0 279.692409232
1 1 16 1 304.95100264
1 1 16 0 301.153817441
1 1 32 1 315.026570536
1 1 32 0 207.200433796
2 1 1 1 171.372662885
2 1 1 0 226.983206291
2 1 2 1 249.169168127
2 1 2 0 261.216752665
2 1 4 1 169.19229854
2 1 4 0 275.372925068
2 1 8 1 325.021613599
2 1 8 0 332.111634576
2 1 16 1 333.749845532
2 1 16 0 376.050468303
2 1 32 1 296.939560969
2 1 32 0 312.780045682
4 1 1 1 271.239148314
4 1 1 0 301.939180424
4 1 2 1 275.428775961
4 1 2 0 264.242653194
4 1 4 1 355.945524272
4 1 4 0 317.071210062
4 1 8 1 332.47682355
4 1 8 0 317.447169769
4 1 16 1 311.659574703
4 1 16 0 303.181409163
4 1 32 1 286.158982982
4 1 32 0 331.315564277
8 1 1 1 290.193669742
8 1 1 0 114.264321817
8 1 2 1 322.2480925
8 1 2 0 317.528951811
8 1 4 1 344.091161845
8 1 4 0 313.776611119
8 1 8 1 297.388971721
8 1 8 0 313.956785192
8 1 16 1 303.764511812
8 1 16 0 306.578005991
8 1 32 1 314.317271788
8 1 32 0 310.561540106
16 1 1 1 259.967872726
16 1 1 0 288.293585627
16 1 2 1 319.375277952
16 1 2 0 319.082441383
16 1 4 1 336.891469738
16 1 4 0 333.107623352
16 1 8 1 399.848387983
16 1 8 0 371.089589318
16 1 16 1 358.165429022
16 1 16 0 340.204936827
16 1 32 1 356.838902959
16 1 32 0 393.677069837
32 1 1 1 384.332719914
32 1 1 0 327.689649401
32 1 2 1 294.557030061
32 1 2 0 335.345354631
32 1 4 1 301.695549068
32 1 4 0 337.497987518
32 1 8 1 306.727750376
32 1 8 0 329.55011722
32 1 16 1 377.939288247
32 1 16 0 294.400628148
32 1 32 1 331.178643507
32 1 32 0 326.881150586
1 2 1 1 155.452059062
1 2 1 0 192.360301133
1 2 2 1 204.537587282
1 2 2 0 204.505529137
1 2 4 1 139.602781746
1 2 4 0 273.644064884
1 2 8 1 258.957958162
1 2 8 0 279.21145291
1 2 16 1 201.591236196
1 2 16 0 243.058284163
1 2 32 1 251.971859657
1 2 32 0 245.628916337
2 2 1 1 233.213094085
2 2 1 0 219.048820023
2 2 2 1 220.867797833
2 2 2 0 273.898230001
2 2 4 1 270.460697394
2 2 4 0 266.873369739
2 2 8 1 266.9849568
2 2 8 0 284.358648441
2 2 16 1 248.398772695
2 2 16 0 290.580430986
2 2 32 1 231.206955758
2 2 32 0 282.30061355
4 2 1 1 228.428434299
4 2 1 0 262.825561193
4 2 2 1 221.735051795
4 2 2 0 304.518182215
4 2 4 1 300.667959675
4 2 4 0 290.305797262
4 2 8 1 323.198555322
4 2 8 0 228.704207996
4 2 16 1 281.513422312
4 2 16 0 312.814805801
4 2 32 1 314.775118247
4 2 32 0 313.524082942
8 2 1 1 300.725195317
8 2 1 0 279.245796159
8 2 2 1 287.576711897
8 2 2 0 331.562793456
8 2 4 1 299.544389868
8 2 4 0 263.935501175
8 2 8 1 263.475245036
8 2 8 0 310.047788249
8 2 16 1 292.670045728
8 2 16 0 260.723502048
8 2 32 1 318.230578451
8 2 32 0 257.594842539
16 2 1 1 266.270522775
16 2 1 0 273.616366631
16 2 2 1 302.18131355
16 2 2 0 291.654018319
16 2 4 1 312.489988574
16 2 4 0 294.615660481
16 2 8 1 258.859234219
16 2 8 0 313.685387475
16 2 16 1 240.841907707
16 2 16 0 288.930933074
16 2 32 1 274.302696581
16 2 32 0 273.704326644
32 2 1 1 272.334431836
32 2 1 0 276.76204579
32 2 2 1 248.234820718
32 2 2 0 250.762748785
32 2 4 1 281.806696569
32 2 4 0 242.450393253
32 2 8 1 264.56929252
32 2 8 0 266.418963022
32 2 16 1 303.887546
32 2 16 0 261.017810616
32 2 32 1 267.063025315
32 2 32 0 266.360561407
1 4 1 1 177.048790057
1 4 1 0 166.432409121
1 4 2 1 173.286761849
1 4 2 0 198.25669276
1 4 4 1 219.107035082
1 4 4 0 205.345952452
1 4 8 1 234.678065764
1 4 8 0 241.496115303
1 4 16 1 202.274700648
1 4 16 0 213.333348167
1 4 32 1 207.623915069
1 4 32 0 217.498424699
2 4 1 1 187.290733231
2 4 1 0 191.604908243
2 4 2 1 220.873181202
2 4 2 0 224.294508697
2 4 4 1 248.299996601
2 4 4 0 262.210218662
2 4 8 1 248.882311608
2 4 8 0 248.534896173
2 4 16 1 182.948731505
2 4 16 0 201.209889552
2 4 32 1 193.741720977
2 4 32 0 211.454002178
4 4 1 1 235.827465428
4 4 1 0 232.797101917
4 4 2 1 223.827476276
4 4 2 0 184.819439979
4 4 4 1 241.235342083
4 4 4 0 260.450574541
4 4 8 1 235.48929373
4 4 8 0 241.187675317
4 4 16 1 221.974390905
4 4 16 0 214.179097336
4 4 32 1 210.727721915
4 4 32 0 233.380873763
8 4 1 1 237.055497512
8 4 1 0 218.931746175
8 4 2 1 255.270583839
8 4 2 0 258.507960233
8 4 4 1 243.222518601
8 4 4 0 231.525967757
8 4 8 1 219.656795094
8 4 8 0 281.932622905
8 4 16 1 267.306920067
8 4 16 0 274.400388817
8 4 32 1 238.185758652
8 4 32 0 272.820314471
16 4 1 1 245.27794008
16 4 1 0 302.456395504
16 4 2 1 266.089259848
16 4 2 0 212.572155236
16 4 4 1 242.514990177
16 4 4 0 237.74097132
16 4 8 1 275.851206467
16 4 8 0 285.727452724
16 4 16 1 233.102732695
16 4 16 0 244.963514449
16 4 32 1 223.851295584
16 4 32 0 277.892915982
32 4 1 1 289.138202317
32 4 1 0 256.533746078
32 4 2 1 296.1046999
32 4 2 0 252.242391229
32 4 4 1 258.669037109
32 4 4 0 274.385384376
32 4 8 1 210.120342232
32 4 8 0 237.762448034
32 4 16 1 263.346791933
32 4 16 0 199.991084359
32 4 32 1 259.973741648
32 4 32 0 231.724625707
1 8 1 1 170.913596442
1 8 1 0 155.537524325
1 8 2 1 116.764483133
1 8 2 0 182.608379903
1 8 4 1 218.458555202
1 8 4 0 196.382885683
1 8 8 1 194.913440829
1 8 8 0 235.056453249
1 8 16 1 163.369392607
1 8 16 0 218.200604774
1 8 32 1 202.414306036
1 8 32 0 173.918099022
2 8 1 1 203.170302826
2 8 1 0 217.66818204
2 8 2 1 233.766319588
2 8 2 0 201.350331469
2 8 4 1 253.648587361
2 8 4 0 248.053478498
2 8 8 1 228.581332683
2 8 8 0 231.414479027
2 8 16 1 227.84321883
2 8 16 0 237.920761034
2 8 32 1 242.605653632
2 8 32 0 223.53771181
4 8 1 1 220.868990329
4 8 1 0 234.317983348
4 8 2 1 252.944033925
4 8 2 0 217.652122999
4 8 4 1 235.030138348
4 8 4 0 276.104449614
4 8 8 1 244.893459875
4 8 8 0 232.059886847
4 8 16 1 241.30662678
4 8 16 0 260.168179432
4 8 32 1 229.287238741
4 8 32 0 250.136719953
8 8 1 1 273.507458295
8 8 1 0 283.242549154
8 8 2 1 239.724630138
8 8 2 0 268.774565435
8 8 4 1 226.501720741
8 8 4 0 223.421056075
8 8 8 1 252.333507906
8 8 8 0 238.489794604
8 8 16 1 255.001393158
8 8 16 0 259.230831142
8 8 32 1 257.689666894
8 8 32 0 213.846986629
16 8 1 1 264.872009541
16 8 1 0 305.096886021
16 8 2 1 264.229275414
16 8 2 0 282.043734187
16 8 4 1 272.373615268
16 8 4 0 292.563935827
16 8 8 1 235.958088352
16 8 8 0 257.124320638
16 8 16 1 218.002960633
16 8 16 0 272.406365999
16 8 32 1 243.163022849
16 8 32 0 281.470550822
32 8 1 1 299.954903139
32 8 1 0 320.751006024
32 8 2 1 273.239955156
32 8 2 0 182.874276334
32 8 4 1 221.689595997
32 8 4 0 251.345404975
32 8 8 1 234.557283501
32 8 8 0 214.113950305
32 8 16 1 231.385146579
32 8 16 0 232.759749024
32 8 32 1 218.393577378
32 8 32 0 209.383049518
1 16 1 1 145.54137821
1 16 1 0 170.528986621
1 16 2 1 201.075253272
1 16 2 0 180.167860072
1 16 4 1 157.190451996
1 16 4 0 211.387838931
1 16 8 1 189.862171721
1 16 8 0 205.834539022
1 16 16 1 199.676328919
1 16 16 0 194.489385597
1 16 32 1 199.20460784
1 16 32 0 220.73089412
2 16 1 1 175.271067395
2 16 1 0 189.348066594
2 16 2 1 223.849149072
2 16 2 0 196.445764848
2 16 4 1 203.330540373
2 16 4 0 237.148762168
2 16 8 1 209.30913861
2 16 8 0 232.891957178
2 16 16 1 218.367730287
2 16 16 0 246.424520366
2 16 32 1 228.968161598
2 16 32 0 232.579914113
4 16 1 1 230.029530314
4 16 1 0 194.477189672
4 16 2 1 227.407095957
4 16 2 0 246.938095947
4 16 4 1 216.90256373
4 16 4 0 214.873678988
4 16 8 1 224.076616398
4 16 8 0 201.166608078
4 16 16 1 212.918023478
4 16 16 0 211.058347994
4 16 32 1 225.543442506
4 16 32 0 242.412409526
8 16 1 1 239.893137387
8 16 1 0 256.993204043
8 16 2 1 248.350947155
8 16 2 0 240.840206207
8 16 4 1 237.421464006
8 16 4 0 206.590263639
8 16 8 1 220.788043432
8 16 8 0 205.351724929
8 16 16 1 201.800260162
8 16 16 0 228.810491564
8 16 32 1 211.608374003
8 16 32 0 168.384244823
16 16 1 1 234.484195372
16 16 1 0 242.199191128
16 16 2 1 268.107219656
16 16 2 0 246.506685796
16 16 4 1 230.269479096
16 16 4 0 232.965711139
16 16 8 1 227.609624022
16 16 8 0 267.24882691
16 16 16 1 214.906006001
16 16 16 0 252.902185056
16 16 32 1 235.013742746
16 16 32 0 200.111023738
32 16 1 1 220.063377647
32 16 1 0 190.377970805
32 16 2 1 183.992950684
32 16 2 0 196.456079401
32 16 4 1 210.65733215
32 16 4 0 227.995443446
32 16 8 1 200.645286105
32 16 8 0 247.712728563
32 16 16 1 201.028397991
32 16 16 0 202.577556498
32 16 32 1 224.057786304
32 16 32 0 212.409105657
1 32 1 1 147.092843922
1 32 1 0 149.628969137
1 32 2 1 123.471220053
1 32 2 0 175.69818673
1 32 4 1 208.757155566
1 32 4 0 201.672256142
1 32 8 1 177.021369528
1 32 8 0 227.809613395
1 32 16 1 188.673325478
1 32 16 0 196.998992294
1 32 32 1 208.178590316
1 32 32 0 214.886793531
2 32 1 1 176.132296688
2 32 1 0 182.115314303
2 32 2 1 178.292714799
2 32 2 0 192.076905162
2 32 4 1 194.095294825
2 32 4 0 234.623112036
2 32 8 1 192.036922359
2 32 8 0 243.434646089
2 32 16 1 175.760539878
2 32 16 0 219.604541112
2 32 32 1 202.500647736
2 32 32 0 213.120254385
4 32 1 1 205.200216658
4 32 1 0 217.300862726
4 32 2 1 189.17440306
4 32 2 0 249.011588821
4 32 4 1 194.913299313
4 32 4 0 249.845205646
4 32 8 1 194.689114243
4 32 8 0 227.498946257
4 32 16 1 191.274666828
4 32 16 0 230.695186684
4 32 32 1 144.787690028
4 32 32 0 220.457334975
8 32 1 1 220.287844198
8 32 1 0 216.498039786
8 32 2 1 206.091036517
8 32 2 0 218.07932019
8 32 4 1 214.475780901
8 32 4 0 236.013513675
8 32 8 1 194.865638014
8 32 8 0 246.338990779
8 32 16 1 220.008022679
8 32 16 0 230.808947392
8 32 32 1 231.151737114
8 32 32 0 242.038803875
16 32 1 1 213.870571216
16 32 1 0 247.497332756
16 32 2 1 219.439194824
16 32 2 0 234.038345068
16 32 4 1 200.229258969
16 32 4 0 206.341255084
16 32 8 1 212.786051205
16 32 8 0 235.741097761
16 32 16 1 194.891667567
16 32 16 0 222.639431571
16 32 32 1 199.061957526
16 32 32 0 213.423426003
32 32 1 1 195.775867433
32 32 1 0 229.64162671
32 32 2 1 212.751007758
32 32 2 0 225.489747403
32 32 4 1 156.665099612
32 32 4 0 200.290310871
32 32 8 1 193.237450855
32 32 8 0 218.619399843
32 32 16 1 181.77737674
32 32 16 0 221.503549844
32 32 32 1 177.634464496
32 32 32 0 208.330741115
1 1 1 1 156.008766255
1 1 1 0 229.344322168
1 1 2 1 306.114113357
1 1 2 0 316.190155994
1 1 4 1 430.562805276
1 1 4 0 400.294154154
1 1 8 1 407.286347917
1 1 8 0 374.731874725
1 1 16 1 443.235697227
1 1 16 0 395.659628784
1 1 32 1 432.599134539
1 1 32 0 426.526473981
2 1 1 1 360.667533889
2 1 1 0 352.388240689
2 1 2 1 388.629770244
2 1 2 0 383.119101007
2 1 4 1 494.248723744
2 1 4 0 265.349587881
2 1 8 1 417.449571497
2 1 8 0 411.279169528
2 1 16 1 451.446787696
2 1 16 0 442.612617571
2 1 32 1 471.043219552
2 1 32 0 418.585557276
4 1 1 1 435.977938291
4 1 1 0 445.526990702
4 1 2 1 495.107729369
4 1 2 0 519.399725916
4 1 4 1 534.5211593
4 1 4 0 531.589860115
4 1 8 1 514.163572391
4 1 8 0 520.586443806
4 1 16 1 547.252411536
4 1 16 0 406.346187907
4 1 32 1 497.690039768
4 1 32 0 504.265058733
8 1 1 1 535.137189848
8 1 1 0 320.588805136
8 1 2 1 523.875364523
8 1 2 0 520.114734153
8 1 4 1 536.967381003
8 1 4 0 565.891083658
8 1 8 1 371.255121834
8 1 8 0 539.22856643
8 1 16 1 546.000736764
8 1 16 0 549.772001209
8 1 32 1 568.462048632
8 1 32 0 534.592575523
16 1 1 1 322.594682998
16 1 1 0 471.547620706
16 1 2 1 589.331510167
16 1 2 0 319.776531831
16 1 4 1 515.06271834
16 1 4 0 546.807864021
16 1 8 1 552.822447555
16 1 8 0 572.826213928
16 1 16 1 481.54829466
16 1 16 0 620.434222997
16 1 32 1 540.959261575
16 1 32 0 558.400846683
32 1 1 1 289.07451937
32 1 1 0 370.995625662
32 1 2 1 516.185445544
32 1 2 0 537.411732087
32 1 4 1 529.870260523
32 1 4 0 544.631754809
32 1 8 1 443.563606138
32 1 8 0 605.832557547
32 1 16 1 490.07662709
32 1 16 0 519.590667607
32 1 32 1 551.962651593
32 1 32 0 443.7641651
1 2 1 1 227.175487676
1 2 1 0 224.452359535
1 2 2 1 315.053315793
1 2 2 0 304.400713787
1 2 4 1 341.059864719
1 2 4 0 413.635830363
1 2 8 1 415.803270313
1 2 8 0 367.426846639
1 2 16 1 389.91295698
1 2 16 0 413.738764597
1 2 32 1 370.857696176
1 2 32 0 386.568862851
2 2 1 1 339.440845056
2 2 1 0 288.675236719
2 2 2 1 480.473045635
2 2 2 0 413.448540646
2 2 4 1 447.849754693
2 2 4 0 446.951813371
2 2 8 1 389.921876733
2 2 8 0 433.79447815
2 2 16 1 408.127864187
2 2 16 0 243.437292111
2 2 32 1 321.301738164
2 2 32 0 475.843645082
4 2 1 1 442.049852389
4 2 1 0 469.074084699
4 2 2 1 423.345353347
4 2 2 0 389.487283683
4 2 4 1 466.513118111
4 2 4 0 446.124411139
4 2 8 1 331.048432065
4 2 8 0 464.963908884
4 2 16 1 416.65233633
4 2 16 0 466.195721138
4 2 32 1 536.224131038
4 2 32 0 494.019550789
8 2 1 1 271.065859747
8 2 1 0 438.450048836
8 2 2 1 509.175220174
8 2 2 0 505.14782921
8 2 4 1 546.687150775
8 2 4 0 486.472984737
8 2 8 1 526.011113564
8 2 8 0 480.847785129
8 2 16 1 519.966614988
8 2 16 0 331.238331861
8 2 32 1 471.679665079
8 2 32 0 492.574954094
16 2 1 1 380.747870961
16 2 1 0 348.005995825
16 2 2 1 516.271840104
16 2 2 0 471.380289536
16 2 4 1 423.807084818
16 2 4 0 541.746690338
16 2 8 1 364.931790139
16 2 8 0 469.226685159
16 2 16 1 516.541229245
16 2 16 0 470.781000101
16 2 32 1 370.86160266
16 2 32 0 509.42852165
32 2 1 1 378.623359713
32 2 1 0 485.223992707
32 2 2 1 457.556040481
32 2 2 0 429.091223824
32 2 4 1 428.462604292
32 2 4 0 492.044600579
32 2 8 1 498.268300271
32 2 8 0 437.243433706
32 2 16 1 473.99820831
32 2 16 0 524.888064279
32 2 32 1 428.753304056
32 2 32 0 461.438921929
1 4 1 1 189.602681252
1 4 1 0 217.488206809
1 4 2 1 272.571717832
1 4 2 0 271.348014011
1 4 4 1 328.634487105
1 4 4 0 353.601715151
1 4 8 1 332.997152779
1 4 8 0 367.046321397
1 4 16 1 328.087938639
1 4 16 0 338.198688202
1 4 32 1 368.128514395
1 4 32 0 369.128026594
2 4 1 1 313.685813053
2 4 1 0 324.511959484
2 4 2 1 355.041623064
2 4 2 0 362.231899948
2 4 4 1 401.343429487
2 4 4 0 431.370608927
2 4 8 1 410.388741006
2 4 8 0 418.601303598
2 4 16 1 400.853126349
2 4 16 0 412.70773661
2 4 32 1 313.518990446
2 4 32 0 433.106764577
4 4 1 1 377.087670199
4 4 1 0 418.304546088
4 4 2 1 386.794071156
4 4 2 0 344.340280392
4 4 4 1 458.345984663
4 4 4 0 475.184355107
4 4 8 1 425.195522162
4 4 8 0 268.084546749
4 4 16 1 401.371669498
4 4 16 0 316.754317592
4 4 32 1 389.440634464
4 4 32 0 463.415105216
8 4 1 1 377.395896385
8 4 1 0 415.44102018
8 4 2 1 491.704977355
8 4 2 0 426.551888162
8 4 4 1 441.849794245
8 4 4 0 465.163914185
8 4 8 1 451.577070712
8 4 8 0 464.003871655
8 4 16 1 471.223002573
8 4 16 0 463.497740644
8 4 32 1 353.756660463
8 4 32 0 427.592077895
16 4 1 1 478.534705477
16 4 1 0 456.871181917
16 4 2 1 455.262987578
16 4 2 0 478.206442184
16 4 4 1 494.578573553
16 4 4 0 536.860702464
16 4 8 1 431.499465259
16 4 8 0 544.225928336
16 4 16 1 511.636272675
16 4 16 0 522.345706969
16 4 32 1 387.763789439
16 4 32 0 492.724154278
32 4 1 1 445.514490699
32 4 1 0 593.507648538
32 4 2 1 478.723828422
32 4 2 0 402.123776995
32 4 4 1 556.237545942
32 4 4 0 450.286347354
32 4 8 1 408.590326149
32 4 8 0 456.198835928
32 4 16 1 286.023699315
32 4 16 0 412.56516855
32 4 32 1 412.094421378
32 4 32 0 462.57990678
1 8 1 1 209.650416003
1 8 1 0 215.5749928
1 8 2 1 266.986434322
1 8 2 0 276.298380601
1 8 4 1 344.390762944
1 8 4 0 321.437938694
1 8 8 1 349.958975404
1 8 8 0 349.549553608
1 8 16 1 320.310789452
1 8 16 0 322.211581627
1 8 32 1 340.97560878
1 8 32 0 327.108828487
2 8 1 1 280.618127333
2 8 1 0 284.0709241
2 8 2 1 349.633091659
2 8 2 0 353.273460486
2 8 4 1 366.248714999
2 8 4 0 366.948723014
2 8 8 1 375.921264476
2 8 8 0 440.065186237
2 8 16 1 363.79884906
2 8 16 0 419.102377143
2 8 32 1 399.651863955
2 8 32 0 365.419652544
4 8 1 1 363.587350518
4 8 1 0 381.497341826
4 8 2 1 358.089004475
4 8 2 0 375.579066949
4 8 4 1 369.41542978
4 8 4 0 424.157291015
4 8 8 1 386.193629133
4 8 8 0 272.811785371
4 8 16 1 449.961295091
4 8 16 0 455.407964077
4 8 32 1 398.179363081
4 8 32 0 401.429718385
8 8 1 1 422.11052522
8 8 1 0 448.559968245
8 8 2 1 442.696235439
8 8 2 0 409.612968171
8 8 4 1 448.454689089
8 8 4 0 475.544674492
8 8 8 1 471.136091175
8 8 8 0 434.112049511
8 8 16 1 399.015523611
8 8 16 0 379.573505857
8 8 32 1 436.169258607
8 8 32 0 341.302264856
16 8 1 1 425.297258259
16 8 1 0 487.771790716
16 8 2 1 480.235445225
16 8 2 0 458.534608659
16 8 4 1 483.847799933
16 8 4 0 510.419989883
16 8 8 1 449.110302594
16 8 8 0 519.396177325
16 8 16 1 444.618147994
16 8 16 0 455.565667747
16 8 32 1 379.669965797
16 8 32 0 541.745392107
32 8 1 1 440.51232896
32 8 1 0 421.259169089
32 8 2 1 494.155329217
32 8 2 0 507.233422533
32 8 4 1 409.04777988
32 8 4 0 484.172504396
32 8 8 1 474.804977273
32 8 8 0 398.297700362
32 8 16 1 472.01152618
32 8 16 0 524.106348823
32 8 32 1 437.431033066
32 8 32 0 433.106393371
1 16 1 1 198.536086471
1 16 1 0 221.050695589
1 16 2 1 252.139759425
1 16 2 0 267.969604664
1 16 4 1 324.402172462
1 16 4 0 316.993705026
1 16 8 1 140.634527767
1 16 8 0 338.206677017
1 16 16 1 326.450177244
1 16 16 0 348.375608602
1 16 32 1 325.418638124
1 16 32 0 345.566413927
2 16 1 1 312.727599803
2 16 1 0 243.204099907
2 16 2 1 349.257015955
2 16 2 0 353.574980036
2 16 4 1 395.675611024
2 16 4 0 437.839873536
2 16 8 1 340.926108884
2 16 8 0 389.346081374
2 16 16 1 420.1439235
2 16 16 0 349.883404048
2 16 32 1 424.853853486
2 16 32 0 437.281893375
4 16 1 1 270.870765807
4 16 1 0 407.850896914
4 16 2 1 389.905010957
4 16 2 0 414.628515805
4 16 4 1 422.737979454
4 16 4 0 419.24761748
4 16 8 1 379.634915812
4 16 8 0 404.009376701
4 16 16 1 363.752974747
4 16 16 0 377.468445629
4 16 32 1 370.583055872
4 16 32 0 409.15588707
8 16 1 1 365.426616357
8 16 1 0 422.280399999
8 16 2 1 389.780058543
8 16 2 0 426.543882368
8 16 4 1 294.759813567
8 16 4 0 476.340767084
8 16 8 1 297.02876673
8 16 8 0 493.347952735
8 16 16 1 387.15958501
8 16 16 0 483.557633804
8 16 32 1 470.03044658
8 16 32 0 439.458153693
16 16 1 1 440.508059718
16 16 1 0 500.998192331
16 16 2 1 484.963190886
16 16 2 0 507.677486073
16 16 4 1 477.192220046
16 16 4 0 447.727283492
16 16 8 1 439.194207697
16 16 8 0 426.151966269
16 16 16 1 378.419231257
16 16 16 0 476.850575062
16 16 32 1 445.151095981
16 16 32 0 456.528283545
32 16 1 1 517.307844594
32 16 1 0 510.215272421
32 16 2 1 472.357048373
32 16 2 0 537.961940084
32 16 4 1 435.652793659
32 16 4 0 479.606293834
32 16 8 1 311.558880331
32 16 8 0 469.932431858
32 16 16 1 433.323395592
32 16 16 0 372.314479508
32 16 32 1 444.569414255
32 16 32 0 428.89946573
1 32 1 1 192.144791444
1 32 1 0 223.949786137
1 32 2 1 229.44236626
1 32 2 0 273.866231877
1 32 4 1 325.342646811
1 32 4 0 348.81529517
1 32 8 1 259.424055094
1 32 8 0 332.621619137
1 32 16 1 304.57816382
1 32 16 0 307.980453511
1 32 32 1 310.824962603
1 32 32 0 304.860099833
2 32 1 1 287.032461643
2 32 1 0 268.421301264
2 32 2 1 339.322924327
2 32 2 0 326.325240656
2 32 4 1 249.128904827
2 32 4 0 388.820497028
2 32 8 1 312.826857564
2 32 8 0 389.04086691
2 32 16 1 364.548615712
2 32 16 0 400.335697435
2 32 32 1 342.244026101
2 32 32 0 378.851882967
4 32 1 1 206.813608325
4 32 1 0 338.266831596
4 32 2 1 363.845829076
4 32 2 0 347.648336781
4 32 4 1 377.29460627
4 32 4 0 417.923348295
4 32 8 1 388.176563111
4 32 8 0 361.752308571
4 32 16 1 403.676462424
4 32 16 0 421.137924376
4 32 32 1 331.598445725
4 32 32 0 403.196227807
8 32 1 1 374.850586134
8 32 1 0 406.02526353
8 32 2 1 383.828960046
8 32 2 0 406.313611418
8 32 4 1 354.485560286
8 32 4 0 391.716121892
8 32 8 1 395.199886426
8 32 8 0 395.707561148
8 32 16 1 406.685216299
8 32 16 0 407.009614906
8 32 32 1 441.65779609
8 32 32 0 308.649243613
16 32 1 1 432.262977377
16 32 1 0 495.393357237
16 32 2 1 446.063302265
16 32 2 0 429.944135724
16 32 4 1 403.506192878
16 32 4 0 470.818980342
16 32 8 1 422.840270235
16 32 8 0 471.910298595
16 32 16 1 386.712722925
16 32 16 0 413.24651064
16 32 32 1 359.132475457
16 32 32 0 448.982893724
32 32 1 1 394.597624511
32 32 1 0 460.66664729
32 32 2 1 422.978782891
32 32 2 0 467.721405932
32 32 4 1 405.46950484
32 32 4 0 459.097561258
32 32 8 1 391.71762227
32 32 8 0 434.34448858
32 32 16 1 406.014555591
32 32 16 0 460.13377736
32 32 32 1 357.723990297
32 32 32 0 332.060096663
1 1 1 1 165.086357605
1 1 1 0 279.382592249
1 1 2 1 385.197583922
1 1 2 0 391.373302942
1 1 4 1 378.181821384
1 1 4 0 411.405893522
1 1 8 1 618.359456185
1 1 8 0 648.873884765
1 1 16 1 530.471432073
1 1 16 0 534.492218141
1 1 32 1 628.542253142
1 1 32 0 544.138115273
2 1 1 1 467.948028404
2 1 1 0 455.554658283
2 1 2 1 580.517271375
2 1 2 0 551.903964075
2 1 4 1 751.879785483
2 1 4 0 791.976999045
2 1 8 1 800.752768066
2 1 8 0 654.023313658
2 1 16 1 531.901149687
2 1 16 0 839.20240173
2 1 32 1 552.672497147
2 1 32 0 730.498155272
4 1 1 1 682.97581552
4 1 1 0 764.609605538
4 1 2 1 481.780777508
4 1 2 0 624.183627775
4 1 4 1 619.454868453
4 1 4 0 748.158086155
4 1 8 1 777.192094343
4 1 8 0 657.999880663
4 1 16 1 623.935009636
4 1 16 0 810.284353113
4 1 32 1 796.377249987
4 1 32 0 793.947548194
8 1 1 1 826.018051809
8 1 1 0 586.230767207
8 1 2 1 528.949160695
8 1 2 0 712.461317864
8 1 4 1 879.515242009
8 1 4 0 701.63493279
8 1 8 1 888.875436557
8 1 8 0 482.927615041
8 1 16 1 634.103761219
8 1 16 0 795.375226228
8 1 32 1 543.456560323
8 1 32 0 936.873108189
16 1 1 1 613.483020908
16 1 1 0 600.365943681
16 1 2 1 708.84461941
16 1 2 0 900.166907598
16 1 4 1 1093.66761194
16 1 4 0 651.899877777
16 1 8 1 757.029334113
16 1 8 0 1038.80941629
16 1 16 1 644.331621345
16 1 16 0 1021.88384514
16 1 32 1 886.456496891
16 1 32 0 838.195604694
32 1 1 1 559.453156263
32 1 1 0 800.749483852
32 1 2 1 649.772663951
32 1 2 0 670.333971183
32 1 4 1 710.132078751
32 1 4 0 901.374242136
32 1 8 1 624.73470229
32 1 8 0 601.138461839
32 1 16 1 684.30332104
32 1 16 0 627.671672915
32 1 32 1 658.819202902
32 1 32 0 626.386768647
1 2 1 1 273.207568412
1 2 1 0 269.531892195
1 2 2 1 390.974687198
1 2 2 0 244.75890285
1 2 4 1 422.089732761
1 2 4 0 401.434257799
1 2 8 1 608.15266011
1 2 8 0 364.117716572
1 2 16 1 578.233419622
1 2 16 0 537.596860752
1 2 32 1 500.569586294
1 2 32 0 232.527591484
2 2 1 1 447.553801338
2 2 1 0 459.450467761
2 2 2 1 560.518627554
2 2 2 0 303.008132618
2 2 4 1 356.763217459
2 2 4 0 285.281079008
2 2 8 1 310.395810119
2 2 8 0 672.467205569
2 2 16 1 81.6919132864
2 2 16 0 410.70664495
2 2 32 1 745.508616044
2 2 32 0 699.636023825
4 2 1 1 624.754557301
4 2 1 0 630.973370233
4 2 2 1 624.355836198
4 2 2 0 740.020986529
4 2 4 1 608.010595098
4 2 4 0 538.818979415
4 2 8 1 508.971122142
4 2 8 0 801.256056144
4 2 16 1 584.156779032
4 2 16 0 575.834906293
4 2 32 1 405.92728402
4 2 32 0 709.830120449
8 2 1 1 552.297026576
8 2 1 0 796.737398298
8 2 2 1 907.794833687
8 2 2 0 640.234317715
8 2 4 1 608.48051725
8 2 4 0 918.471793757
8 2 8 1 716.785385101
8 2 8 0 636.563340319
8 2 16 1 582.6342015
8 2 16 0 698.602838868
8 2 32 1 467.418069363
8 2 32 0 621.681783739
16 2 1 1 722.994941241
16 2 1 0 632.761116306
16 2 2 1 736.746866013
16 2 2 0 633.387405311
16 2 4 1 497.579058497
16 2 4 0 875.101640326
16 2 8 1 582.504459074
16 2 8 0 956.014325427
16 2 16 1 875.642420397
16 2 16 0 888.729635574
16 2 32 1 612.555052049
16 2 32 0 613.610473307
32 2 1 1 788.672412069
32 2 1 0 775.092062529
32 2 2 1 594.420453199
32 2 2 0 724.768988429
32 2 4 1 775.670956106
32 2 4 0 646.364449115
32 2 8 1 706.954665765
32 2 8 0 722.430185877
32 2 16 1 809.669642271
32 2 16 0 584.752377233
32 2 32 1 609.241341434
32 2 32 0 880.422096287
1 4 1 1 248.764014544
1 4 1 0 259.462157336
1 4 2 1 365.457068246
1 4 2 0 351.858335557
1 4 4 1 360.654974905
1 4 4 0 438.385688834
1 4 8 1 444.917408914
1 4 8 0 409.326069192
1 4 16 1 453.878974855
1 4 16 0 358.861492315
1 4 32 1 464.909268927
1 4 32 0 420.153582141
2 4 1 1 372.945644556
2 4 1 0 298.473674656
2 4 2 1 476.121450265
2 4 2 0 492.68576394
2 4 4 1 459.770214947
2 4 4 0 493.897735341
2 4 8 1 584.999645205
2 4 8 0 573.833314735
2 4 16 1 647.541216454
2 4 16 0 566.590433655
2 4 32 1 607.732941179
2 4 32 0 594.291267692
4 4 1 1 547.438396317
4 4 1 0 576.685229255
4 4 2 1 536.443026315
4 4 2 0 700.589726396
4 4 4 1 613.10863876
4 4 4 0 650.649935783
4 4 8 1 526.930127676
4 4 8 0 678.754827178
4 4 16 1 703.248324512
4 4 16 0 580.47802481
4 4 32 1 799.385732332
4 4 32 0 503.605873419
8 4 1 1 479.671428664
8 4 1 0 695.984004404
8 4 2 1 659.418127979
8 4 2 0 505.563067124
8 4 4 1 518.433717369
8 4 4 0 490.848738699
8 4 8 1 530.337783354
8 4 8 0 493.471708276
8 4 16 1 716.469586615
8 4 16 0 802.893935012
8 4 32 1 710.473660886
8 4 32 0 568.755592823
16 4 1 1 750.673156191
16 4 1 0 765.117330131
16 4 2 1 542.625204946
16 4 2 0 569.085953026
16 4 4 1 537.473990292
16 4 4 0 748.571809995
16 4 8 1 771.181930278
16 4 8 0 585.951361268
16 4 16 1 671.277490822
16 4 16 0 774.556246934
16 4 32 1 723.449769961
16 4 32 0 625.949334986
32 4 1 1 587.920881985
32 4 1 0 542.880574581
32 4 2 1 775.92454442
32 4 2 0 808.160278128
32 4 4 1 649.23670431
32 4 4 0 733.314998308
32 4 8 1 476.092899329
32 4 8 0 530.557384683
32 4 16 1 725.170066511
32 4 16 0 816.613972688
32 4 32 1 671.630016834
32 4 32 0 770.052706351
1 8 1 1 246.607724636
1 8 1 0 260.288572191
1 8 2 1 350.884628476
1 8 2 0 351.849155457
1 8 4 1 456.013885014
1 8 4 0 475.174686789
1 8 8 1 448.700141252
1 8 8 0 453.20837268
1 8 16 1 311.400238783
1 8 16 0 484.317513553
1 8 32 1 489.857365318
1 8 32 0 470.489499827
2 8 1 1 393.199786658
2 8 1 0 400.924030588
2 8 2 1 548.536038074
2 8 2 0 505.366534121
2 8 4 1 640.387569586
2 8 4 0 545.788762886
2 8 8 1 653.555293911
2 8 8 0 575.137971677
2 8 16 1 658.561822274
2 8 16 0 558.683030067
2 8 32 1 610.17263838
2 8 32 0 682.50766936
4 8 1 1 551.420301941
4 8 1 0 537.341243692
4 8 2 1 482.897726263
4 8 2 0 620.093461644
4 8 4 1 608.983564667
4 8 4 0 683.025611615
4 8 8 1 609.338769045
4 8 8 0 627.32304374
4 8 16 1 643.109398856
4 8 16 0 719.804163396
4 8 32 1 700.047352944
4 8 32 0 642.87160119
8 8 1 1 667.171578549
8 8 1 0 649.63878761
8 8 2 1 521.698991146
8 8 2 0 780.737772325
8 8 4 1 751.012151628
8 8 4 0 548.125382439
8 8 8 1 717.836621174
8 8 8 0 506.303249545
8 8 16 1 523.905710304
8 8 16 0 529.8002997
8 8 32 1 586.19392436
8 8 32 0 754.033193243
16 8 1 1 598.262386443
16 8 1 0 637.208951351
16 8 2 1 609.242983335
16 8 2 0 645.527354714
16 8 4 1 600.485883866
16 8 4 0 765.924517133
16 8 8 1 770.537103394
16 8 8 0 745.018723558
16 8 16 1 566.326127488
16 8 16 0 824.841762225
16 8 32 1 766.274662145
16 8 32 0 755.2126454
32 8 1 1 796.241318861
32 8 1 0 731.08169759
32 8 2 1 828.311393735
32 8 2 0 584.716734849
32 8 4 1 778.584829537
32 8 4 0 893.764017183
32 8 8 1 685.465057413
32 8 8 0 716.737362203
32 8 16 1 863.946625232
32 8 16 0 628.006066989
32 8 32 1 754.551717892
32 8 32 0 571.426368328
1 16 1 1 253.031514378
1 16 1 0 250.592167543
1 16 2 1 348.838882567
1 16 2 0 341.303057648
1 16 4 1 400.505172756
1 16 4 0 472.344452126
1 16 8 1 447.550280487
1 16 8 0 506.297938004
1 16 16 1 407.32713834
1 16 16 0 474.205476665
1 16 32 1 435.591860262
1 16 32 0 494.646522251
2 16 1 1 372.624949404
2 16 1 0 411.042975884
2 16 2 1 483.116086397
2 16 2 0 515.030974401
2 16 4 1 543.073246648
2 16 4 0 612.003750335
2 16 8 1 608.438303756
2 16 8 0 647.109453207
2 16 16 1 509.117012161
2 16 16 0 533.013530716
2 16 32 1 486.571575797
2 16 32 0 607.74878493
4 16 1 1 488.585324437
4 16 1 0 589.152746562
4 16 2 1 576.854727602
4 16 2 0 694.567846234
4 16 4 1 639.772357472
4 16 4 0 477.853208666
4 16 8 1 409.696979929
4 16 8 0 453.506666746
4 16 16 1 579.942362614
4 16 16 0 455.038728799
4 16 32 1 701.513320222
4 16 32 0 546.176059763
8 16 1 1 580.434587148
8 16 1 0 514.767749827
8 16 2 1 518.397770586
8 16 2 0 654.904993914
8 16 4 1 558.172657232
8 16 4 0 788.538917274
8 16 8 1 587.265956767
8 16 8 0 500.225242481
8 16 16 1 529.367504943
8 16 16 0 707.673500184
8 16 32 1 685.992539451
8 16 32 0 661.486954792
16 16 1 1 699.804670429
16 16 1 0 584.548750769
16 16 2 1 628.318849736
16 16 2 0 528.019406965
16 16 4 1 579.143238743
16 16 4 0 606.301606021
16 16 8 1 668.888770362
16 16 8 0 711.554630685
16 16 16 1 586.999521577
16 16 16 0 513.854096142
16 16 32 1 458.508523159
16 16 32 0 599.885614419
32 16 1 1 610.366581579
32 16 1 0 589.632223334
32 16 2 1 636.339054745
32 16 2 0 583.146624148
32 16 4 1 722.408801076
32 16 4 0 728.95507157
32 16 8 1 553.463908188
32 16 8 0 646.172353921
32 16 16 1 738.038720048
32 16 16 0 711.27428165
32 16 32 1 628.355478938
32 16 32 0 799.302278951
1 32 1 1 242.532128285
1 32 1 0 259.583666962
1 32 2 1 325.227384076
1 32 2 0 327.267426579
1 32 4 1 456.443102346
1 32 4 0 453.845679949
1 32 8 1 412.96813549
1 32 8 0 467.82376958
1 32 16 1 428.362424519
1 32 16 0 329.999912222
1 32 32 1 384.207804261
1 32 32 0 457.411409095
2 32 1 1 383.253120524
2 32 1 0 341.283945709
2 32 2 1 450.884143924
2 32 2 0 512.699351882
2 32 4 1 613.553675187
2 32 4 0 405.132766447
2 32 8 1 237.540593491
2 32 8 0 246.824676207
2 32 16 1 326.394758388
2 32 16 0 397.887588217
2 32 32 1 431.262430231
2 32 32 0 532.442840604
4 32 1 1 468.610073395
4 32 1 0 486.720623858
4 32 2 1 447.159716945
4 32 2 0 570.287224854
4 32 4 1 475.418884755
4 32 4 0 510.505549698
4 32 8 1 573.906153719
4 32 8 0 532.206261224
4 32 16 1 568.387592371
4 32 16 0 656.971052603
4 32 32 1 657.377921531
4 32 32 0 427.815990285
8 32 1 1 549.452312294
8 32 1 0 638.990428226
8 32 2 1 608.09028193
8 32 2 0 636.275096434
8 32 4 1 604.469526987
8 32 4 0 657.008460693
8 32 8 1 385.499403619
8 32 8 0 476.556391084
8 32 16 1 282.196298926
8 32 16 0 529.160719239
8 32 32 1 430.668587042
8 32 32 0 638.98196791
16 32 1 1 415.225394563
16 32 1 0 394.30399687
16 32 2 1 369.82762476
16 32 2 0 536.239798372
16 32 4 1 585.410641073
16 32 4 0 495.110775983
16 32 8 1 561.803605847
16 32 8 0 462.337958529
16 32 16 1 540.791991317
16 32 16 0 456.564336524
16 32 32 1 420.739378368
16 32 32 0 544.967444058
32 32 1 1 416.28726726
32 32 1 0 535.434915099
32 32 2 1 481.12271802
32 32 2 0 534.858131789
32 32 4 1 588.726152382
32 32 4 0 490.90544129
32 32 8 1 616.689281946
32 32 8 0 522.074337895
32 32 16 1 484.823377104
32 32 16 0 545.772170778
32 32 32 1 666.718527716
32 32 32 0 602.589620685
