2 2 1 0 453.461671107
32 1 4 0 1245.15371936
16 2 1 0 1010.55406894
32 2 32 1 1046.69866702
8 1 32 0 1088.18894055
1 4 1 1 271.041683059
8 1 1 1 992.539658575
32 1 8 0 1277.55986229
2 2 32 0 765.813829066
4 2 4 1 914.487081343
8 1 4 1 1169.69213426
4 1 16 0 1040.97937478
32 1 16 1 1249.15532404
16 2 1 1 1151.99049091
32 1 8 1 1275.44009428
1 1 1 0 296.461914587
32 1 32 1 1147.53345929
1 2 4 1 482.753941379
32 1 1 0 1394.08487731
16 1 1 0 886.83260799
16 2 4 1 974.086167878
1 4 2 0 405.980797372
32 2 8 0 1018.49120453
8 2 2 1 1061.25246537
32 2 4 0 1044.03421302
8 2 8 1 1078.61707991
1 1 32 0 718.409700134
1 1 32 1 672.053339157
16 1 8 1 1049.59745688
16 2 2 1 985.997016669
4 1 1 1 807.969647633
16 1 16 0 1354.95667655
1 2 2 1 381.881464115
2 4 1 1 507.77665098
1 2 8 0 685.177349059
16 2 4 0 1350.12287759
16 1 4 0 845.536123006
2 2 16 1 682.681429952
2 4 4 1 871.61319229
8 1 8 0 1019.1230199
1 1 16 1 780.188952479
2 1 16 1 1052.31147226
32 1 32 0 1100.11798156
32 2 16 0 1030.50740732
1 2 1 0 299.214657299
4 1 2 1 691.031132546
16 2 16 0 1268.64633843
1 1 1 1 203.776879883
8 1 16 0 967.327418823
4 1 8 1 759.683036149
1 4 4 1 600.350313662
32 2 1 0 921.585989214
4 1 32 0 1124.16482604
8 2 4 0 908.272677044
4 1 32 1 897.481070966
1 2 8 1 691.203790858
4 2 8 1 831.512167661
8 1 2 1 903.985251124
8 2 32 0 1168.42324862
1 1 2 1 379.449876373
32 2 8 1 1180.96492886
8 1 1 0 1009.54744227
8 1 2 0 865.591650706
32 2 2 1 1262.93201144
16 2 32 0 968.027084022
8 2 1 0 887.901366499
4 4 2 0 910.820009322
1 1 4 0 655.465034268
1 4 16 0 666.291573856
2 1 32 0 995.950465394
16 2 2 0 855.243483057
4 2 16 1 867.427814696
2 4 8 0 761.311215878
1 1 16 0 743.932765997
2 1 1 1 522.865470002
4 2 4 0 1101.14105081
32 1 2 1 1330.13011342
8 2 8 0 1192.62952474
2 2 4 0 939.187193043
2 2 2 0 683.837905176
2 1 4 0 909.530051531
2 4 1 0 508.874927094
4 1 4 1 1023.57991742
32 2 4 1 900.812854329
4 4 2 1 910.526329482
16 1 32 1 1344.28232144
2 1 32 1 1153.42857569
4 4 1 0 572.882583441
2 4 32 0 866.712221599
2 2 8 1 999.081534498
16 1 8 0 1125.54514679
4 4 1 1 801.067036934
2 1 1 0 500.045906638
1 1 2 0 410.279061558
16 2 8 1 1221.09223268
1 4 32 0 552.93209224
2 2 1 1 537.889561678
2 1 4 1 552.579520638
2 2 8 0 982.213716394
8 2 32 1 1101.54477276
4 1 2 0 822.683674902
2 4 32 1 876.010156504
8 1 8 1 1024.66902003
1 1 4 1 661.400312968
16 2 8 0 831.875375948
32 1 2 0 904.571725819
4 1 1 0 660.626554757
2 1 2 1 533.019208403
2 4 2 1 552.35379319
16 1 1 1 1166.10067006
4 1 4 0 849.814543538
1 4 8 1 665.310631919
32 1 4 1 1106.28430696
4 2 1 1 734.961778297
8 2 2 0 825.547287989
32 2 1 1 1004.15883713
2 1 2 0 592.49594342
2 4 16 0 796.930586792
1 1 8 0 632.304339733
1 2 1 1 293.407118971
8 2 16 1 956.320642335
2 2 4 1 647.551435095
16 1 32 0 1229.43232572
4 1 8 0 979.821935793
2 1 8 1 618.366073798
2 1 16 0 766.528487337
1 1 8 1 527.072920432
1 2 16 0 767.311884748
1 4 2 1 384.809903591
16 1 4 1 1010.22078744
4 2 32 0 834.9589675
4 2 32 1 1091.09129526
1 2 16 1 512.879821586
8 1 16 1 612.663358989
1 4 1 0 295.172779806
32 2 32 0 1224.029467
4 2 2 0 858.368977117
8 2 16 0 922.900851769
8 1 32 1 1070.85481281
16 2 32 1 1099.66326545
4 1 16 1 903.398320361
1 2 32 1 616.796351011
2 2 32 1 1005.34924945
1 4 8 0 590.786855471
4 2 2 1 757.491473942
1 2 2 0 419.306869434
32 2 2 0 1105.9341068
16 2 16 1 1202.84213939
1 2 4 0 630.963710832
2 4 4 0 551.594504807
2 4 8 1 786.547658291
8 2 1 1 819.109355697
4 4 4 1 816.984626148
2 1 8 0 991.757751532
32 1 16 0 1236.89630294
16 1 2 0 994.852444713
8 1 4 0 1207.06053639
16 1 2 1 1112.38177656
1 4 4 0 606.616910957
1 2 32 0 762.39856567
32 2 16 1 917.335256693
2 4 2 0 580.098969865
2 2 16 0 739.39244722
4 2 16 0 930.600710314
8 2 4 1 717.062356474
1 4 16 1 477.209511638
2 2 2 1 721.781793636
2 4 16 1 775.712642435
1 4 32 1 683.480028261
4 2 1 0 767.221816503
4 2 8 0 1124.75968267
32 1 1 1 1018.12675011
16 1 16 1 1186.33993852
32 8 8 0 1001.82446304
4 16 4 1 892.89728525
32 16 2 0 1160.23564735
8 8 4 0 666.891394526
8 4 32 0 1101.07558097
32 8 4 0 953.944209756
4 8 4 1 708.538182302
16 4 4 1 978.682440289
8 4 4 0 807.99509451
32 8 16 1 1039.08803076
1 8 32 0 647.41614403
8 8 2 0 1182.91987201
8 16 8 0 1140.576376
16 16 2 0 1001.52859793
16 4 32 0 794.83390628
8 16 16 1 997.016608016
2 16 1 1 490.887279131
4 8 4 0 898.125786212
32 4 1 0 1119.74252708
8 4 8 1 1029.55860295
16 8 4 1 983.526113898
8 4 16 0 1064.56689114
16 4 2 0 971.740990688
1 16 8 0 686.334947403
8 4 4 1 1099.3683139
4 16 1 0 661.858292528
2 8 1 1 506.49911392
16 4 16 0 931.869131603
4 16 16 0 992.167926711
16 16 8 0 1094.54782971
2 16 2 0 667.390898185
8 4 8 0 1092.20829121
8 8 2 1 1083.15851453
1 8 2 0 338.32707915
16 16 1 1 760.129958336
32 8 1 0 1057.06289179
2 8 16 0 918.40546984
8 8 8 0 932.019792526
1 8 1 0 284.447961822
16 8 4 0 892.796962772
8 8 32 0 1007.97561047
16 8 16 0 989.91600632
16 16 2 1 917.590914801
1 16 1 0 269.199034409
4 8 16 0 878.655014782
2 16 1 0 415.63858949
16 16 32 0 995.993979015
8 16 4 1 1049.01049266
4 4 4 0 760.999476906
2 16 32 0 733.507183015
4 4 32 0 902.546721293
1 8 4 1 558.335973923
16 4 2 1 938.403966917
4 4 8 1 999.130676883
1 16 2 1 382.242197326
16 8 8 0 946.088179125
32 16 1 1 1231.74668558
8 16 16 0 1161.5746514
8 16 1 0 887.108714178
8 8 1 0 1010.08926946
4 8 1 0 736.170624618
32 4 4 1 1171.8395143
32 4 8 0 907.034023673
1 16 1 1 282.791244724
4 8 2 0 645.716250399
2 8 16 1 815.633499034
32 4 32 0 930.30174647
8 16 1 1 814.04911611
16 16 16 1 1165.56415743
8 16 8 1 1128.25589043
8 16 32 0 831.945539318
1 16 2 0 375.945377777
4 4 16 0 690.40779035
1 8 8 1 424.428583036
8 4 32 1 787.974517612
16 4 4 0 1103.89819506
4 4 32 1 793.874918457
1 8 32 1 682.913476557
2 16 2 1 664.058952845
4 8 2 1 774.416278788
4 8 8 0 927.055178473
4 16 4 0 852.680609928
32 4 16 1 1081.22959321
32 16 32 0 995.034222725
1 32 1 1 264.94252057
16 8 1 1 819.674324852
16 4 32 1 979.739145559
32 4 16 0 1011.89086153
32 8 8 1 997.670844335
32 16 4 1 939.598830778
16 8 16 1 897.672803423
16 4 1 1 985.355797423
2 8 2 1 645.719853752
8 4 2 1 838.885356834
32 16 16 0 1306.40586427
32 8 2 1 1036.4409419
2 8 2 0 641.996032682
2 8 8 0 973.901899883
1 16 16 0 633.697393606
2 8 1 0 411.3937444
1 8 2 1 406.393368796
32 16 1 0 1015.9660671
8 16 2 0 1029.89443202
4 16 2 0 939.91056683
32 4 8 1 931.223764358
16 16 4 1 918.993922702
1 8 8 0 603.925630204
4 16 2 1 668.988415236
4 8 32 1 963.249166291
4 8 8 1 860.712317523
8 4 1 1 802.105701073
1 8 4 0 588.944239008
4 16 32 1 922.078838751
32 16 8 1 1081.08437122
1 8 1 1 271.440704165
32 8 1 1 1163.45474012
32 4 1 1 802.485234143
32 8 4 1 1091.04145255
2 16 16 1 878.6792188
16 8 8 1 876.36595479
16 4 8 0 1087.81920883
8 16 4 0 698.840445305
32 4 2 0 672.603139999
2 8 4 1 776.843581969
32 16 32 1 996.907548384
16 16 1 0 875.128108353
8 8 16 1 851.474543137
32 16 2 1 901.80172478
4 16 8 1 840.137329893
2 8 4 0 791.086977812
32 8 32 0 943.889398474
8 8 8 1 1148.7074131
32 16 16 1 1239.78884877
8 4 16 1 1018.75604101
2 16 4 0 421.082577401
8 4 1 0 633.469551277
8 16 2 1 916.686767531
4 8 32 0 554.998969061
1 16 4 1 570.129535955
32 16 8 0 1078.57363978
16 8 32 0 800.227319353
8 4 2 0 775.527952666
8 8 4 1 815.632587085
1 16 32 0 586.371395313
32 4 2 1 1049.75473529
16 16 8 1 735.309595759
4 8 16 1 976.178466208
16 4 16 1 998.663484343
2 16 8 0 875.804180936
4 16 8 0 925.842349214
1 8 16 1 597.029247247
16 4 8 1 945.505420608
1 16 16 1 598.816422065
16 8 1 0 990.931570309
32 8 2 0 886.342923247
16 16 16 0 1196.20727254
2 8 32 0 887.608002979
2 16 8 1 888.535116151
4 8 1 1 613.178035452
1 16 4 0 554.121545956
32 8 16 0 1205.73207228
8 8 1 1 911.737683652
32 4 4 0 1058.80543955
4 4 16 1 906.151456523
1 8 16 0 689.953664326
16 8 2 0 895.655202633
2 16 32 1 883.440019276
4 4 8 0 858.009846707
2 8 8 1 774.538184666
32 4 32 1 1131.9219507
32 16 4 0 1258.34406288
2 16 16 0 868.745627882
8 16 32 1 892.987791999
4 16 32 0 760.28165032
32 8 32 1 1034.55643805
2 8 32 1 785.032484944
1 16 8 1 653.20229638
4 16 16 1 907.791402153
16 16 32 1 962.055517262
16 8 32 1 889.460631637
8 8 16 0 1106.0183825
8 8 32 1 894.485392377
1 16 32 1 650.972856998
16 16 4 0 976.335586935
4 16 1 1 721.303223476
1 32 2 1 346.087893181
2 32 4 1 634.132418768
32 32 2 1 841.651035453
1 32 16 0 646.866516507
8 32 32 0 1075.95992308
16 32 2 0 1240.22571309
16 32 1 1 1025.18492057
1 32 1 0 277.675344171
16 32 1 0 843.243198299
32 32 4 0 1310.77734292
4 32 1 0 686.059849089
32 32 1 0 993.89933122
16 32 8 0 1035.74319937
1 32 4 0 601.664256988
1 32 8 0 676.259933484
8 32 32 1 815.734123293
4 32 1 1 688.391687955
4 32 2 0 787.616920212
16 32 8 1 977.922946447
8 32 4 0 812.28811005
2 32 8 0 820.014478125
4 32 16 0 661.276609323
16 32 32 1 777.709584329
2 32 8 1 863.51172018
8 32 2 1 942.121774142
32 32 1 1 989.442452014
16 32 16 1 861.157574826
1 32 8 1 500.317839832
2 32 4 0 750.869197543
2 32 32 0 829.708340754
32 32 32 1 907.391305789
32 32 4 1 938.990666206
8 32 1 1 743.259815621
2 32 1 0 445.367582617
4 32 32 1 785.548999918
2 32 2 1 573.131278401
1 32 16 1 668.946019403
16 32 4 0 896.732668101
1 32 2 0 377.596344957
8 32 8 1 905.498054853
4 32 4 0 985.901129626
32 32 8 0 1152.37359778
8 32 8 0 786.009116681
16 32 16 0 1022.80939792
4 32 8 1 797.569631739
2 32 16 1 692.029172005
4 32 32 0 998.282044026
2 32 32 1 817.067559021
4 32 8 0 889.897314746
1 32 32 1 589.547170787
8 32 2 0 805.780308025
1 32 4 1 568.223461715
32 32 16 1 988.656472867
8 32 1 0 1005.50806788
32 32 2 0 998.207329057
16 32 2 1 881.218618
1 32 32 0 673.428144779
2 32 2 0 654.676200201
32 32 8 1 979.011914109
32 32 16 0 1062.70723001
4 32 2 1 729.052396132
16 32 32 0 1067.77119077
2 32 1 1 431.379446207
4 32 16 1 850.477274613
16 32 4 1 819.587919373
32 32 32 0 1045.78979794
8 32 16 0 847.558880292
8 32 4 1 833.585057312
8 32 16 1 1130.28951817
2 32 16 0 880.415463489
4 32 4 1 834.192761366
