1 1 1 1 192.635110633
1 1 1 0 215.769070454
1 1 2 1 208.316421723
1 1 2 0 515.863272456
1 1 4 1 631.280551873
1 1 4 0 432.360891639
1 1 8 1 494.980524317
1 1 8 0 282.538187763
1 1 16 1 765.137403521
1 1 16 0 225.045980939
1 1 32 1 339.444055377
1 1 32 0 536.34619817
2 1 1 1 883.553257017
2 1 1 0 921.427524714
2 1 2 1 902.813655486
2 1 2 0 855.585111904
2 1 4 1 1010.00251597
2 1 4 0 973.541909939
2 1 8 1 1000.70163784
2 1 8 0 979.3594582
2 1 16 1 866.530264385
2 1 16 0 1029.56499674
2 1 32 1 972.215507191
2 1 32 0 1083.85378216
4 1 1 1 1277.57178448
4 1 1 0 1469.00416214
4 1 2 1 1170.9437759
4 1 2 0 1447.47964833
4 1 4 1 1602.73812755
4 1 4 0 1463.81261982
4 1 8 1 1434.51037146
4 1 8 0 1185.21529387
4 1 16 1 1542.6209917
4 1 16 0 1591.02070222
4 1 32 1 1430.36128001
4 1 32 0 1525.09222084
8 1 1 1 1956.74093759
8 1 1 0 1903.69808658
8 1 2 1 1610.8588507
8 1 2 0 1429.39558363
8 1 4 1 1769.78275642
8 1 4 0 1768.24848713
8 1 8 1 2016.28808774
8 1 8 0 1699.5827455
8 1 16 1 1843.88450644
8 1 16 0 1702.96088709
8 1 32 1 1543.02843144
8 1 32 0 1916.68677843
16 1 1 1 1805.21925904
16 1 1 0 2185.74752177
16 1 2 1 1998.11074971
16 1 2 0 2390.47472179
16 1 4 1 2289.27546765
16 1 4 0 2537.02259349
16 1 8 1 2509.73689328
16 1 8 0 2617.73017939
16 1 16 1 2217.19218138
16 1 16 0 2519.93039854
16 1 32 1 2022.23766924
16 1 32 0 2435.79811053
32 1 1 1 2124.92727493
32 1 1 0 2826.24687304
32 1 2 1 2680.72326219
32 1 2 0 2686.04352565
32 1 4 1 2647.23044216
32 1 4 0 2748.97090981
32 1 8 1 2461.00360337
32 1 8 0 3038.55583597
32 1 16 1 2319.18635602
32 1 16 0 2700.63995492
32 1 32 1 3257.30780392
32 1 32 0 2961.08575101
1 2 1 1 986.401107143
1 2 1 0 1007.89019145
1 2 2 1 1112.1050298
1 2 2 0 447.08553647
1 2 4 0 535.878109259
1 2 8 1 328.124888959
1 2 8 0 670.823950779
1 2 16 1 485.483294186
1 2 32 1 466.49119013
1 2 32 0 284.132008625
2 2 1 1 379.620011254
2 2 1 0 235.785902439
2 2 2 1 677.445268173
2 2 2 0 269.619337968
2 2 4 1 357.785056367
2 2 4 0 799.748029747
2 2 8 1 245.347136273
2 2 8 0 429.276053402
2 2 16 1 811.22905214
2 2 16 0 629.810268759
2 2 32 1 942.796725259
2 2 32 0 918.600938462
4 2 1 1 1200.47472445
4 2 1 0 1082.18931699
4 2 2 1 1165.10549706
4 2 2 0 397.059596089
4 2 4 1 415.464682411
4 2 4 0 868.813723755
4 2 8 1 449.125001289
4 2 8 0 448.513920576
4 2 16 1 601.188290513
4 2 16 0 1246.9164763
4 2 32 1 765.936032347
4 2 32 0 294.619277431
8 2 1 1 881.693125424
8 2 1 0 1608.81282692
8 2 2 1 1609.08857364
8 2 2 0 585.626913936
8 2 4 1 482.556616094
8 2 4 0 723.059873654
8 2 8 1 1047.31645013
8 2 8 0 1506.19739588
8 2 16 1 1360.7840075
8 2 16 0 472.920406448
8 2 32 1 482.126687626
8 2 32 0 808.696637556
16 2 1 1 1521.53536674
16 2 1 0 1868.31671243
16 2 2 1 1502.26835831
16 2 2 0 1120.61428725
16 2 4 1 903.832307363
16 2 4 0 815.760272309
16 2 8 1 744.62103764
16 2 8 0 982.201714043
16 2 16 1 1563.01804088
16 2 16 0 1420.14096898
16 2 32 1 2020.36277167
16 2 32 0 2113.6389958
32 2 1 1 2322.06637225
32 2 1 0 2528.98409296
32 2 2 1 2074.07450782
32 2 2 0 1531.68840394
32 2 4 1 1452.83634473
32 2 4 0 1204.26068433
32 2 8 1 1164.35716467
32 2 8 0 1459.92869754
32 2 16 1 1318.09159498
32 2 16 0 1671.38521243
32 2 32 1 1241.88023564
32 2 32 0 1503.25159394
1 4 1 1 798.487453041
1 4 1 0 861.362632654
1 4 2 1 689.003437138
1 4 2 0 222.772701495
1 4 4 1 600.100380049
1 4 4 0 541.081982323
1 4 8 1 1072.49537191
1 4 8 0 551.704722969
1 4 16 1 1162.98632372
1 4 16 0 1133.81605144
1 4 32 1 796.954272915
1 4 32 0 1256.31390294
2 4 1 1 739.219815166
2 4 1 0 760.799818595
2 4 2 1 786.135357061
2 4 2 0 788.753158005
2 4 4 1 837.925453533
2 4 4 0 400.324682327
2 4 8 1 411.655997408
2 4 8 0 712.991555885
2 4 16 1 272.523810447
2 4 16 0 463.157294322
2 4 32 1 394.684176839
2 4 32 0 315.840333348
4 4 1 1 916.624690178
4 4 1 0 311.58894667
4 4 2 1 467.816994978
4 4 2 0 1033.65361218
4 4 4 1 248.389590681
4 4 4 0 618.796660886
4 4 8 1 392.107470497
4 4 8 0 315.996130992
4 4 16 1 1013.14454
4 4 16 0 251.341037766
4 4 32 1 533.981104587
4 4 32 0 395.103252567
8 4 1 1 493.111798117
8 4 1 0 761.24830103
8 4 2 1 1540.18420149
8 4 2 0 1461.35096957
8 4 4 1 596.0863295
8 4 4 0 541.190663496
8 4 8 1 570.514260096
8 4 8 0 1354.77411034
8 4 16 1 1472.79757547
8 4 16 0 486.788257608
8 4 32 1 373.41522348
8 4 32 0 908.226379957
16 4 1 1 2110.29795147
16 4 1 0 2159.48436496
16 4 2 1 1228.26320363
16 4 2 0 887.086203884
16 4 4 1 669.809310183
16 4 4 0 630.130732425
16 4 8 1 1198.09533049
16 4 8 0 1343.91360951
16 4 16 1 2170.76788269
16 4 16 0 1899.56256533
16 4 32 1 1328.65780208
16 4 32 0 603.208650098
32 4 1 1 1291.4216798
32 4 1 0 1184.69381447
32 4 2 1 1067.20258588
32 4 2 0 1466.17590205
32 4 4 1 1737.08717002
32 4 4 0 2149.16823409
32 4 8 1 2329.14456012
32 4 8 0 2111.8092708
32 4 16 1 2499.71099627
32 4 16 0 1796.04683081
32 4 32 1 660.642920944
32 4 32 0 508.425329281
1 8 1 1 278.040641302
1 8 2 1 216.293373046
1 8 2 0 297.259767391
1 8 4 1 275.894997657
1 8 4 0 981.93273355
1 8 8 1 617.681508565
1 8 8 0 1218.56682403
1 8 16 1 1067.79012931
1 8 16 0 1048.78921685
1 8 32 1 995.859383154
1 8 32 0 1339.81319508
2 8 1 1 723.176830883
2 8 1 0 613.329296707
2 8 2 1 702.04659904
2 8 2 0 787.588475461
2 8 4 1 640.819432736
2 8 4 0 714.199730567
2 8 8 1 698.451944722
2 8 8 0 721.475291318
2 8 16 1 722.700163392
2 8 16 0 751.446222371
2 8 32 1 759.059635139
2 8 32 0 1055.11170951
4 8 1 1 990.913851511
4 8 1 0 1039.70067837
4 8 2 1 1127.58771987
4 8 2 0 1087.98451028
4 8 4 1 1303.53872989
4 8 4 0 1281.49673215
4 8 8 1 1189.85307804
4 8 8 0 1127.64809253
4 8 16 1 1159.24184785
4 8 16 0 1120.53846993
4 8 32 1 1232.92013605
4 8 32 0 1038.26731567
8 8 1 1 1539.09153095
8 8 1 0 1604.84957076
8 8 2 1 1205.25944975
8 8 2 0 1548.4515641
8 8 4 1 1310.23808257
8 8 4 0 1195.94015873
8 8 8 1 1015.31716142
8 8 8 0 1581.32850528
8 8 16 1 1489.59767191
8 8 16 0 1293.62688208
8 8 32 1 1402.3624535
8 8 32 0 1519.56452049
16 8 1 1 2092.78325128
16 8 1 0 1904.86103389
16 8 2 1 2048.33622704
16 8 2 0 2104.71773159
16 8 4 1 1809.83267175
16 8 4 0 2008.61030024
16 8 8 1 1600.78913956
16 8 8 0 1763.56124842
16 8 16 1 1744.98835989
16 8 16 0 2142.38678751
16 8 32 1 2087.53686923
16 8 32 0 1871.74732694
32 8 1 1 2560.38546067
32 8 1 0 2647.76035286
32 8 2 1 2545.51758716
32 8 2 0 2294.81149787
32 8 4 1 2580.16980489
32 8 4 0 2543.52049673
32 8 8 1 2332.40895232
32 8 8 0 2612.14826757
32 8 16 1 2114.03276331
32 8 16 0 2528.68304641
32 8 32 1 2259.79047714
32 8 32 0 2503.67802614
1 16 1 1 1003.90754622
1 16 1 0 948.408081064
1 16 2 1 1254.13795104
1 16 2 0 693.350549457
1 16 4 1 1349.3798445
1 16 4 0 493.244238529
1 16 8 1 1184.21545491
1 16 8 0 1338.80691205
1 16 16 1 1255.24731656
1 16 16 0 708.872750864
1 16 32 1 923.805961873
1 16 32 0 631.547248254
2 16 1 1 678.349595473
2 16 1 0 691.789652893
2 16 2 1 672.993354181
2 16 2 0 747.770218894
2 16 4 1 723.827558386
2 16 4 0 902.800490051
2 16 8 1 241.70035812
2 16 8 0 670.908687204
2 16 16 1 734.127593543
2 16 16 0 684.22453243
2 16 32 1 835.644180832
2 16 32 0 637.424806914
4 16 1 1 771.608450735
4 16 1 0 1055.35437869
4 16 2 1 1306.44528985
4 16 2 0 1209.30244244
4 16 4 1 1147.87690269
4 16 4 0 1195.58059667
4 16 8 1 1158.07370087
4 16 8 0 1197.09316872
4 16 16 1 1105.28882582
4 16 16 0 955.095370894
4 16 32 1 1065.25493293
4 16 32 0 1101.15127549
8 16 1 1 1601.6424624
8 16 1 0 1431.05492796
8 16 2 1 1451.67052189
8 16 2 0 1509.3393285
8 16 4 1 1292.17686047
8 16 4 0 1428.5594106
8 16 8 1 1562.2346793
8 16 8 0 1637.75181462
8 16 16 1 1147.34229282
8 16 16 0 1485.57024563
8 16 32 1 1452.07308931
8 16 32 0 1655.42690844
16 16 1 1 2034.72431826
16 16 1 0 2013.09024127
16 16 2 1 2042.28536915
16 16 2 0 1755.51808536
16 16 4 1 2064.15704282
16 16 4 0 2139.84501173
16 16 8 1 1985.88925353
16 16 8 0 1902.19550409
16 16 16 1 1962.78019873
16 16 16 0 2138.58871943
16 16 32 1 1746.99553405
16 16 32 0 2038.22848785
32 16 1 1 2435.34345263
32 16 1 0 2495.39759631
32 16 2 1 2696.95786263
32 16 2 0 2987.48881099
32 16 4 1 2405.98825298
32 16 4 0 2501.07717991
32 16 8 1 2542.05826234
32 16 8 0 2581.55772722
32 16 16 1 2233.03581211
32 16 16 0 2443.6226453
32 16 32 1 1692.71210944
32 16 32 0 2346.11121685
1 32 1 1 819.262748218
1 32 1 0 858.188161893
1 32 2 1 1278.00473343
1 32 2 0 526.7259496
1 32 4 1 1313.54980101
1 32 4 0 1343.63701372
1 32 8 1 417.786419584
1 32 8 0 1192.73441111
1 32 16 1 1236.08426136
1 32 16 0 1374.04830508
1 32 32 1 1253.63617285
1 32 32 0 766.107210631
2 32 1 1 684.158327181
2 32 1 0 668.713061128
2 32 2 1 792.146882682
2 32 2 0 748.593976244
2 32 4 1 755.174967491
2 32 4 0 803.246412888
2 32 8 1 786.216168487
2 32 8 0 717.287663042
2 32 16 1 653.606046745
2 32 16 0 749.929909303
2 32 32 1 899.694330405
2 32 32 0 716.408478391
4 32 1 1 1041.2757557
4 32 1 0 933.0469061
4 32 2 1 971.738277348
4 32 2 0 1164.47559923
4 32 4 1 1092.57372253
4 32 4 0 1079.76613588
4 32 8 1 1133.28631056
4 32 8 0 928.419594485
4 32 16 1 956.27504624
4 32 16 0 833.468579719
4 32 32 1 1156.44845744
4 32 32 0 765.833057257
8 32 1 1 1469.82112152
8 32 1 0 1643.68136839
8 32 2 1 1450.12355694
8 32 2 0 1423.08435295
8 32 4 1 1506.6665784
8 32 4 0 1554.59864282
8 32 8 1 1481.95121158
8 32 8 0 1514.72822947
8 32 16 1 1375.00707989
8 32 16 0 1603.45492229
8 32 32 1 1522.18577334
8 32 32 0 1374.04929537
16 32 1 1 1827.66342917
16 32 1 0 1961.02197425
16 32 2 1 1946.98937019
16 32 2 0 1721.14920376
16 32 4 1 1692.68948112
16 32 4 0 1966.25385822
16 32 8 1 1581.81757198
16 32 8 0 1433.59328184
16 32 16 1 2077.90766455
16 32 16 0 2070.47761407
16 32 32 1 1520.65095269
16 32 32 0 1708.70453984
32 32 1 1 2239.56720708
32 32 1 0 2768.23071875
32 32 2 1 1908.97441581
32 32 2 0 2602.04877918
32 32 4 1 2570.69736002
32 32 4 0 2333.87803461
32 32 8 1 1851.29317586
32 32 8 0 2434.97133866
32 32 16 1 1652.69560224
32 32 16 0 2256.20215681
32 32 32 1 2351.64452594
32 32 32 0 2044.66975539
