4 32 32 1 1492.64061808
16 16 32 0 1561.10397762
1 16 4 1 374.82152927
32 16 1 1 3235.11681803
1 32 32 0 353.551709981
4 32 4 0 1473.29582163
4 16 32 0 1222.4617447
8 8 1 0 2025.05400665
32 8 4 1 3185.60595905
8 8 2 1 2166.50481144
8 8 4 0 1888.05579764
16 8 2 0 2514.89322248
1 32 8 1 1444.75113346
32 8 32 1 1406.33993758
1 16 16 0 1539.58719499
32 16 4 1 2666.05723811
4 32 2 0 1457.29221781
2 32 16 0 1279.65980999
16 8 1 1 2770.19510294
32 16 1 0 2959.78713454
4 32 1 0 1548.38314248
1 32 2 1 1084.75327069
8 8 2 0 2073.15450249
1 16 16 1 337.211654989
16 16 8 0 2565.26640882
2 16 4 0 1295.78306779
8 32 8 1 1764.09647161
4 16 16 1 1309.40211032
32 16 2 1 2884.99717198
8 8 1 1 1855.90963449
16 8 2 1 2575.75277276
1 32 2 0 1847.71448912
32 8 16 1 2448.19353174
4 32 1 1 1534.52878428
1 16 32 1 1378.67990639
16 8 8 1 2062.60029041
16 8 32 0 1682.90889155
16 8 1 0 2615.80956485
16 16 4 1 2120.04143749
1 32 16 0 655.385872321
16 8 16 0 1909.69958637
2 16 32 0 725.270206554
1 32 1 0 1387.64542929
4 16 2 0 1555.28513449
1 32 1 1 406.683259802
2 16 2 0 976.665218055
2 32 8 1 1078.17559744
16 8 8 0 2354.53974888
2 16 1 1 1181.82831486
1 32 8 0 363.005183883
2 32 4 0 860.939758206
2 32 2 0 1166.4993603
1 16 32 0 304.851909533
32 16 8 0 2470.08769931
16 16 2 1 2568.17072637
8 16 4 0 1899.72702431
1 16 2 1 1084.69008884
8 8 32 1 1602.83473031
4 32 8 1 1509.84178514
2 32 32 0 1163.1890122
8 32 2 1 2098.87757504
2 16 8 0 1228.02195278
32 16 16 1 2441.54011608
8 16 8 0 1714.18704485
2 16 32 1 1265.03847086
1 16 1 0 386.086640643
2 32 8 0 1181.58111202
32 8 4 0 2768.66903862
32 8 2 1 3201.39977135
8 8 8 1 1947.51943019
32 16 32 0 1931.44168151
32 8 1 0 3923.51113042
8 32 2 0 2047.4616678
8 32 4 1 1988.18916309
8 32 1 1 2024.3648788
2 16 1 0 1029.14976946
16 8 4 1 2774.18092907
2 16 4 1 1128.80357158
8 16 16 1 1979.0288793
8 16 4 1 2257.69737288
32 8 32 0 1521.29619696
16 8 32 1 2023.58083149
8 8 16 0 1920.23678694
16 16 8 1 2122.8723023
8 16 2 1 2015.25491501
16 16 16 1 2306.40692298
2 16 16 0 1040.72575895
2 32 16 1 1173.54324692
1 32 16 1 1822.82865364
4 16 1 1 1747.8646488
4 16 16 0 1231.06423319
8 16 1 0 2149.1204447
4 16 4 0 1510.67071522
4 16 4 1 1531.67129989
2 32 32 1 900.231995307
8 16 1 1 1961.93500816
1 16 8 0 1140.96429007
1 32 4 1 404.350131971
2 16 8 1 1153.75079636
32 16 4 0 2980.80596299
16 16 1 0 2701.36127434
2 32 1 1 1155.18548667
4 16 1 0 1171.3211578
32 8 2 0 3331.18087991
4 32 32 0 1354.280412
16 16 4 0 2556.21396019
2 16 16 1 1271.47019449
8 16 16 0 1750.97819523
8 32 1 0 2057.36379613
4 16 2 1 1543.55965141
4 16 8 1 1430.46488477
16 8 16 1 2272.38888945
32 16 32 1 1765.74887274
32 8 8 1 2730.94518331
4 32 4 1 1467.51195786
1 16 8 1 938.033176572
8 8 8 0 1730.34743961
16 16 1 1 2476.8034539
8 16 32 1 1865.15901754
4 32 16 1 1541.51171472
8 32 4 0 2114.6212816
1 32 4 0 1116.82384961
1 32 32 1 1239.70086146
4 32 2 1 1366.6671542
32 8 16 0 2315.17312167
8 32 16 1 1945.02230338
4 16 8 0 1672.97126569
32 1 8 0 1790.1852364
16 2 4 1 1749.302884
16 2 1 0 1897.19881852
8 1 8 0 1504.92612045
16 1 32 1 2384.36787751
2 1 1 1 1045.22860186
16 2 16 0 2098.99563553
32 1 4 0 1705.46855432
8 2 2 1 1479.16049123
32 32 4 0 3293.3006842
4 2 32 0 1303.2182877
8 1 32 1 1936.38910978
4 2 4 1 917.03251287
16 2 4 0 1995.35946664
1 1 16 1 506.222991284
4 2 32 1 1059.06165125
16 1 8 1 2556.28945987
8 2 1 0 1483.50805714
16 2 32 0 1762.18034095
8 1 2 1 2153.17402147
16 32 2 1 2465.58369298
1 2 2 0 183.313060372
16 1 32 0 2393.01126837
2 2 1 0 752.870759571
32 32 16 1 2070.7069982
2 2 4 0 785.553722349
8 2 16 1 1539.45641087
16 1 4 1 1894.21313954
32 1 1 1 2391.96778727
16 32 16 1 2363.53129412
16 2 32 1 1810.49848489
16 32 32 0 1642.9075566
32 32 32 0 1734.69896138
2 2 16 0 259.288961173
4 1 8 0 1438.91747565
16 32 32 1 1486.71587446
2 1 8 1 864.844774405
4 1 2 1 1071.94141729
4 1 16 1 927.787472393
32 1 2 0 2928.46156177
8 32 32 1 1601.96192822
32 32 2 1 3017.72551239
4 2 2 1 1285.95160869
32 32 16 0 2222.40237333
8 2 8 0 1288.17594478
2 1 16 1 737.504033836
32 32 1 1 3200.37515784
4 1 1 1 1235.19448096
8 32 16 0 1883.6610315
2 1 8 0 463.064755313
16 1 16 1 1887.45863297
16 32 1 0 2577.51743383
8 1 32 0 1792.23122454
16 2 8 1 2068.72547021
2 1 16 0 1047.15232468
8 32 32 0 1896.53754641
8 2 32 1 1240.35786174
32 32 4 1 2856.78978061
2 1 32 1 773.413418329
16 2 16 1 1895.28510917
1 2 32 0 1087.7575855
4 2 8 0 1100.48106465
1 2 2 1 366.56511565
4 2 8 1 1076.50414455
1 2 4 0 1144.45780459
16 1 2 0 1867.08665181
1 2 32 1 728.437126153
4 1 2 0 1598.43689235
2 2 8 0 812.467866303
2 2 32 1 222.331732484
1 2 4 1 911.085704105
4 2 16 1 1211.45812182
2 2 8 1 985.780474834
8 1 2 0 1417.30515389
8 1 1 1 1748.50045336
16 1 4 0 2552.79999981
8 2 16 0 1294.00522832
16 32 8 0 2402.87575919
4 1 16 0 1246.00572675
2 1 4 0 889.369652353
1 1 2 0 1008.63286151
8 2 1 1 1328.13378741
1 1 4 1 1175.03718538
32 32 32 1 1259.8298439
2 2 32 0 331.98149513
2 1 4 1 1229.91275133
8 1 4 1 1788.36553097
1 2 8 0 168.209369732
8 1 8 1 1895.41899796
32 32 1 0 3067.22581729
32 1 32 1 1224.09929954
1 2 1 1 173.175504417
32 1 1 0 2530.44811349
16 1 1 0 2181.05741925
16 32 8 1 2459.38918943
16 32 16 0 2329.12533805
8 2 2 0 1436.48733879
16 2 1 1 2015.46680322
2 2 2 1 251.438546749
16 32 2 0 2721.59673646
32 1 16 1 1771.80919929
8 2 8 1 1411.04059539
2 2 4 1 1016.74928774
4 2 2 0 1007.69692178
32 32 2 0 3348.34480517
4 1 4 1 1388.31852288
1 2 16 1 855.647064725
32 1 16 0 1929.67076312
16 1 2 1 2551.45500284
1 1 16 0 212.826831591
4 2 4 0 1098.99472658
2 1 1 0 862.932503669
4 2 16 0 937.258819468
2 2 2 0 561.186030147
1 1 2 1 307.425469437
16 32 4 1 2387.0150126
4 1 4 0 1330.79403933
8 2 4 0 1527.96461722
1 1 4 0 982.251087112
1 2 8 1 443.232421639
32 1 32 0 1331.19391365
1 1 8 1 158.445248274
2 2 16 1 351.420260737
1 1 1 1 359.104092326
8 2 32 0 1352.2760355
32 1 2 1 3097.81020442
16 1 16 0 2183.44003148
16 2 2 0 1961.45354145
4 1 8 1 1099.60170008
2 1 2 0 1076.42156047
32 1 4 1 2040.23765588
4 1 1 0 1197.98997552
1 1 32 1 209.524058232
16 2 8 0 2023.47293202
1 1 8 0 266.244896754
32 2 1 0 2907.92963109
4 1 32 1 1261.59974902
1 1 32 0 284.746706237
2 1 2 1 699.806771636
8 2 4 1 1748.29166688
8 1 16 1 1928.224399
16 1 1 1 2179.0704436
4 2 1 0 1055.06406885
4 2 1 1 1189.98288401
32 32 8 1 2751.08329272
16 2 2 1 1964.11656167
1 1 1 0 515.813521202
8 1 4 0 2063.84403655
16 1 8 0 2347.79216469
4 1 32 0 1193.18554844
8 1 16 0 1712.00717547
32 2 1 1 2678.14735555
2 1 32 0 932.810825209
1 2 1 0 933.9651292
8 1 1 0 1643.89524627
16 32 4 0 2428.48203504
2 2 1 1 957.613936836
32 1 8 1 2144.55018947
32 32 8 0 2446.18622693
16 32 1 1 2275.73954531
1 4 2 0 902.690148678
4 8 1 1 1047.15630497
4 8 8 0 1003.76146327
1 8 16 1 1024.44715348
16 4 8 0 2005.37238106
8 4 8 0 1554.48096305
32 4 2 1 2424.76288543
8 4 16 1 1522.25469116
4 4 32 1 1176.11474553
2 8 16 1 717.920525232
2 4 16 0 492.156677515
16 8 4 0 1920.36269157
1 4 2 1 235.252111295
1 8 8 1 710.392229806
1 4 8 1 236.329394393
32 4 32 0 1790.63297754
4 4 1 1 1133.80371522
32 8 16 1 2239.82018055
4 4 32 0 1017.07818486
32 2 2 1 2763.30757154
4 4 4 0 1023.18159978
32 8 2 0 2259.358922
2 4 1 1 719.2661876
1 4 8 0 488.498568791
32 2 32 0 2222.94031665
4 4 8 0 1208.7097967
2 8 32 0 904.945895095
2 8 2 0 745.499861194
4 8 32 0 1012.47183947
1 4 1 0 746.466907354
32 2 32 1 1796.73111088
1 4 1 1 218.397696473
4 4 2 1 1024.67809238
2 8 32 1 683.838890099
1 4 32 0 998.83693997
8 4 32 1 1232.17942495
8 8 4 0 1444.31829099
4 8 1 0 985.728655591
32 2 16 0 2372.85405695
8 4 8 1 1405.14766125
16 8 4 1 2120.85455433
32 4 4 0 2524.20293508
1 8 2 0 935.897124898
32 8 2 1 2582.49143114
2 4 4 1 572.159123457
2 4 32 1 801.861129384
8 8 32 1 1373.34440037
4 4 1 0 1036.37604456
4 8 2 0 1050.86167496
2 8 1 0 793.802691528
32 4 1 0 2471.888844
32 4 4 1 2572.93922366
8 8 1 1 1604.86727099
16 8 2 1 1895.00137798
32 4 1 1 2649.09634799
32 2 2 0 2654.15732473
32 2 4 1 2575.03417503
1 8 4 0 1071.32045571
16 4 16 0 1393.80670668
32 8 16 0 2131.76276256
8 8 16 0 1577.74444537
8 8 1 0 1279.31665852
16 4 4 0 1988.43593093
32 8 4 1 2520.70760014
32 8 1 1 2602.77886054
2 8 4 0 790.684884869
4 8 32 1 1080.23958458
1 8 16 0 361.319930776
8 8 16 1 1427.08226007
2 4 1 0 806.39607806
1 8 4 1 255.651167144
4 4 2 0 1096.14805772
1 8 32 1 857.412463845
16 8 32 0 1400.84763435
16 4 16 1 1826.50646268
1 8 1 1 280.487731356
8 8 2 0 1452.25496553
8 4 16 0 1603.46218619
1 4 16 0 1008.73439733
1 8 2 1 1319.44221469
2 8 2 1 615.631493426
32 4 16 1 1772.9335226
16 8 1 1 1966.63869684
16 4 8 1 2098.81214484
1 8 32 0 1169.53591631
1 8 1 0 921.388023693
32 8 4 0 2067.91138675
8 8 8 1 1528.26567143
8 4 2 0 1461.1702694
1 8 8 0 740.808662485
4 4 8 1 1034.62773233
16 8 2 0 1695.88924526
2 4 2 0 724.734857088
16 4 2 1 2088.4794355
32 2 4 0 2626.79450623
16 4 4 1 2269.6245117
32 8 8 1 2267.9068616
32 4 16 0 2079.97582467
32 2 8 1 2982.70575588
4 8 4 1 1103.73192667
4 8 16 1 1022.8306416
8 8 8 0 1556.97788995
8 4 4 1 1437.80231346
32 2 8 0 2277.50740138
16 8 32 1 1622.92900375
32 8 1 0 2473.48220352
8 8 2 1 1554.768741
2 4 4 0 691.228233924
2 4 8 0 656.859706983
8 4 2 1 1432.44777863
16 4 32 0 1793.65627562
2 8 4 1 972.212577625
2 4 16 1 792.957664456
8 4 1 0 1518.30204074
2 4 2 1 763.88598986
16 8 16 0 1941.05568223
32 8 8 0 2103.32802305
16 8 8 1 1902.93054838
4 4 16 1 1118.13521764
4 8 8 1 992.85397674
16 4 2 0 2228.37950984
1 4 4 0 989.234137749
32 8 32 1 2142.60263028
8 4 32 0 1634.81237083
8 4 1 1 1544.98821757
2 8 16 0 726.852656416
4 4 4 1 1070.80772761
32 2 16 1 1951.08466025
4 4 16 0 950.639009687
1 4 16 1 1358.95400651
32 4 32 1 2283.56866685
4 8 16 0 1090.58689459
1 4 32 1 223.305078579
2 8 1 1 712.718816478
2 8 8 0 742.101234696
2 4 32 0 666.275528693
4 8 4 0 1178.1931522
32 4 8 0 2088.2166569
16 4 32 1 1222.30881621
2 4 8 1 917.959534583
8 8 32 0 1490.00612298
16 8 8 0 2009.87476045
16 8 16 1 1742.7398883
16 4 1 1 1948.8289452
1 4 4 1 1198.52334853
8 4 4 0 1544.48238478
4 8 2 1 1107.49212522
8 8 4 1 1407.73649545
16 8 1 0 1914.98921017
32 4 2 0 2808.91351316
16 4 1 0 1966.10945297
32 4 8 1 2005.14450122
2 8 8 1 668.611622308
4 32 8 0 1121.22469459
4 16 1 1 974.770544973
1 1 16 1 1520.2829749
1 32 2 1 1088.07870798
4 16 8 1 1069.04638261
16 32 32 1 1554.11900424
4 16 32 1 996.542104134
1 32 8 1 1001.68597285
1 32 4 0 1184.18424444
8 16 16 0 1443.17298296
1 32 32 1 615.106773733
32 16 32 1 1867.38047903
8 16 32 1 1341.33662259
1 32 8 0 392.832510064
16 32 2 0 1844.58906026
2 32 16 1 1015.81770355
16 16 32 0 1497.38163397
1 16 16 0 880.333826913
1 32 1 0 627.450071684
16 16 1 1 1846.07918499
32 32 16 0 2353.09194007
4 16 16 0 954.967202379
8 32 8 1 1354.83547452
4 16 1 0 909.427156866
2 16 8 1 770.367964745
8 32 1 0 1453.47205553
4 32 4 0 1008.38476909
2 16 2 0 715.877388894
32 16 1 1 2554.11122628
8 32 2 0 1476.40755823
16 16 16 1 1858.85099975
2 32 2 0 806.195015374
32 32 16 1 2155.51049856
8 16 8 0 1512.6783997
4 16 8 0 1097.13202301
4 16 2 1 952.422379737
8 32 8 0 1532.87390774
16 16 4 1 1950.3044249
1 16 1 0 291.687703585
1 16 2 1 994.582139906
1 32 1 1 362.041841952
32 32 8 1 2136.54174219
32 32 2 1 2368.94850853
16 16 8 0 2089.85710867
32 16 16 0 1800.65379187
8 16 1 1 1570.33690015
2 16 2 1 743.065638775
32 16 4 0 2344.86516094
32 16 32 0 2040.64137966
1 16 1 1 884.369016899
32 16 8 1 1850.01253049
8 16 4 0 1451.61611119
32 16 1 0 2339.71509696
1 1 1 1 293.268180256
1 32 16 0 265.023655862
2 32 4 0 715.058647757
1 1 2 1 587.238401571
2 32 1 0 728.258125642
32 32 4 0 2362.13373753
4 16 4 1 1040.1515535
8 32 16 1 1353.04764814
8 16 32 0 1409.05104857
1 16 8 0 873.938410044
4 16 32 0 1076.77877231
4 32 2 0 1006.54593586
32 32 2 0 2705.84744321
2 32 32 0 749.603934991
16 16 32 1 1516.36417046
8 16 2 0 1391.95739539
1 1 32 1 1424.29872176
8 32 32 0 1416.77263962
2 32 8 1 835.488366117
16 32 32 0 1916.74195966
32 16 2 0 2240.15094711
16 32 2 1 1856.26416593
4 32 1 1 1032.14418002
2 32 4 1 716.3436216
1 16 4 1 306.93192378
4 16 2 0 905.99803615
1 1 2 0 693.497892622
4 16 4 0 986.26581408
16 16 1 0 2148.98558358
32 32 4 1 2385.12781381
1 16 4 0 1126.24464307
4 32 2 1 1011.33649936
2 16 4 1 745.868432785
8 32 2 1 1390.17107253
32 16 2 1 2349.90697595
32 16 8 0 2492.18863771
32 32 1 1 2337.33023929
1 32 32 0 1322.37409764
8 16 1 0 1532.42940002
1 32 16 1 1158.78785147
32 32 8 0 1948.52773537
2 16 32 1 659.071428122
4 32 1 0 1109.82137628
1 32 2 0 369.592291902
32 16 4 1 2553.73796869
32 32 32 1 1219.49945669
2 32 1 1 279.243180211
32 16 16 1 1850.32265905
1 16 2 0 941.396944547
2 16 16 1 714.005101518
1 1 1 0 560.650053087
4 32 32 0 995.946733986
4 16 16 1 1128.94438831
16 32 1 1 1746.45504282
16 32 1 0 1793.75808595
16 32 8 1 2031.62877692
4 32 16 0 1010.22260184
1 1 8 1 1419.73062133
16 32 16 0 1709.04174372
2 32 16 0 732.965758539
4 32 16 1 1040.58796237
16 16 2 1 2035.82971926
4 32 32 1 748.570468859
1 1 4 0 325.003819451
8 32 4 0 1357.04195979
8 16 4 1 1312.24420862
16 32 16 1 1780.46323832
32 32 1 0 2112.32125525
2 32 2 1 643.541740736
2 16 8 0 757.997518683
4 32 8 1 979.970140249
1 16 16 1 369.236440529
2 16 1 1 590.230797777
32 32 32 0 2111.03235621
8 32 1 1 1442.21665671
2 16 1 0 707.410655411
16 32 8 0 1818.64840784
16 16 4 0 2107.45466974
1 1 8 0 1272.80762444
1 16 8 1 1082.52527095
16 16 16 0 1947.34568324
8 16 2 1 1457.7319605
2 32 8 0 829.608376515
2 16 4 0 731.210173784
1 1 16 0 255.037423555
32 8 32 0 2014.36455823
2 16 16 0 709.188746848
2 16 32 0 676.924603433
1 32 4 1 986.545933646
16 16 8 1 1955.34038598
2 32 32 1 764.395683499
4 32 4 1 919.89265784
1 16 32 1 1140.03935263
8 16 8 1 1534.75954391
8 32 4 1 1240.2444482
16 16 2 0 2123.3675131
8 32 32 1 1446.91443943
8 16 16 1 1531.16815559
1 1 4 1 1092.96586432
1 16 32 0 1031.99958468
16 32 4 1 1764.81443778
16 32 4 0 402.119647244
8 32 16 0 1285.29019945
4 1 8 1 916.640345639
2 1 16 0 851.395188314
4 2 32 0 1171.8644006
2 1 4 1 880.205420544
32 1 1 0 2490.80697646
2 1 8 1 773.341692764
32 1 16 1 2092.98622156
16 2 16 0 2217.08441537
16 1 16 0 1102.90920575
2 2 2 0 975.345063635
32 1 8 0 2435.38755759
16 2 1 0 2652.54843489
4 2 8 0 1222.78368848
4 2 4 1 1536.18997461
16 2 16 1 2159.66237662
16 2 4 1 2198.24773373
16 1 4 1 2258.39372103
1 2 2 1 1501.48567779
8 2 2 1 1873.16666579
8 1 32 1 921.217030669
4 1 2 1 1255.44134071
16 1 4 0 1966.99186763
8 1 2 1 1690.42748883
1 2 4 0 1196.6144423
4 1 16 1 1077.21754503
1 2 16 1 1558.99604168
2 2 32 0 819.95739383
2 2 32 1 1068.16065977
16 1 1 0 2249.84730205
2 2 4 0 977.757051625
8 1 1 0 1777.49060516
16 2 8 1 2255.10958246
8 2 1 1 1834.09669107
16 2 8 0 1940.81901844
8 2 1 0 1889.39068282
4 1 1 0 1229.07153835
8 2 16 0 1439.75587165
1 2 16 0 1136.84626391
2 2 2 1 929.612176024
32 1 32 1 1432.24809175
16 1 16 1 1840.19318933
4 2 16 0 1265.98091304
8 1 1 1 1603.41684599
2 2 8 1 1064.52419168
32 1 32 0 1164.50405779
32 1 16 0 1913.60375589
16 1 8 1 1934.787917
4 1 2 0 1135.99093669
8 2 16 1 1869.64848253
32 1 1 1 2931.17769084
1 2 8 0 320.040163516
8 2 4 0 1812.69401555
4 1 4 1 919.877050853
4 2 1 1 1407.15536307
4 2 16 1 1083.63293322
1 2 8 1 1328.29777993
2 1 32 1 634.898268783
2 1 8 0 481.216767137
1 2 32 0 480.735590813
8 1 16 0 1516.89956285
8 2 8 0 1445.44653763
16 1 32 0 789.597726746
2 1 2 1 969.260216919
1 2 32 1 732.283370173
32 1 4 0 2170.84191072
1 2 4 1 627.804996984
16 2 2 1 2661.67553988
2 1 1 1 1078.92847278
1 1 32 0 1449.88807562
4 1 1 1 1292.37806822
8 2 8 1 1528.44097499
32 1 4 1 2615.84806565
8 1 8 1 1263.2964747
4 2 2 0 1340.78051143
4 1 32 1 1144.66967821
16 1 32 1 1459.62672088
8 1 16 1 1164.54674455
4 2 32 1 1311.34898502
8 2 4 1 1795.48582773
4 2 1 0 1555.43349343
4 2 4 0 1492.26352889
4 1 32 0 1028.64305937
2 2 16 0 793.90027182
32 1 8 1 2643.23082646
2 2 8 0 1005.44075112
16 2 4 0 2330.1463561
8 1 8 0 1462.55991824
2 1 16 1 844.430378449
16 1 2 1 2129.4840266
4 1 16 0 1183.92500879
16 1 1 1 2065.61962858
1 2 1 0 1110.28193185
8 1 4 0 1368.46125335
1 2 1 1 1535.24054778
8 1 4 1 1425.9129547
4 1 8 0 1148.91846156
2 1 32 0 841.816713555
8 1 32 0 1503.67660423
8 2 32 1 1426.98211422
32 1 2 1 1941.44216322
16 2 1 1 2659.84318303
4 2 8 1 1316.66592595
4 2 2 1 1332.8802167
2 1 4 0 1028.34018292
2 2 1 0 918.416428798
16 1 2 0 2199.91465368
2 2 1 1 944.417920451
16 1 8 0 1854.38209248
2 1 2 0 1143.7787985
1 2 2 0 328.303088948
2 2 4 1 963.867736723
8 2 32 0 1726.29984651
2 2 16 1 1023.47151788
2 1 1 0 986.270909982
8 1 2 0 1797.90682996
8 2 2 0 1826.38613071
16 2 2 0 2609.88086474
4 1 4 0 1000.42407637
32 1 2 0 2539.30091018
4 4 32 1 1380.46854922
1 8 16 0 361.257660908
16 4 16 1 2020.6414131
1 4 1 1 1171.49288192
32 8 8 0 2374.00749709
32 8 1 1 2851.39546068
2 8 32 1 1169.20078071
8 4 16 0 1810.88008832
8 8 16 1 1756.21639238
4 4 2 0 1482.75011905
16 4 16 0 2284.65824631
1 8 32 1 1632.56599763
32 4 1 1 2949.64057578
2 4 2 1 960.277304405
8 8 4 1 2099.59853834
4 8 8 0 1480.96859165
32 4 32 1 1792.50872053
16 8 4 0 2178.26889626
1 8 4 0 341.538857222
32 2 8 1 2210.76669579
2 4 32 1 1065.39208935
1 4 1 0 1305.28919388
8 8 32 0 1624.965156
32 2 1 1 2992.99900458
2 8 2 0 1077.92689008
4 8 1 1 1313.0432502
1 16 1 1 1278.28682348
32 2 16 1 1854.31617841
4 8 2 1 1473.43178413
4 8 32 1 1419.96829987
1 8 8 0 998.838295667
8 4 32 0 1703.13731164
4 8 1 0 1693.11693013
4 8 32 0 1470.16295677
4 8 16 1 1326.74436009
2 4 16 0 960.572360821
1 4 2 0 1473.96408808
2 8 8 1 1013.11617484
1 8 8 1 595.368602472
32 2 2 1 3107.89348688
4 8 4 0 1370.11518916
