32 1 4 0 1251.37896767
8 1 32 0 977.65441551
8 1 1 1 1035.39952033
32 1 8 0 1249.11375414
8 1 4 1 1091.88783512
4 1 16 0 947.246628776
32 1 8 1 1237.14209317
1 1 1 0 299.707795331
32 1 1 0 1061.77865789
16 1 1 0 1240.98653812
1 1 32 0 473.443066928
16 1 8 1 1320.41978551
4 1 1 1 703.404777849
16 1 16 0 939.196025279
16 1 4 0 1136.53443182
8 1 8 0 1297.41849078
1 1 16 1 565.268385925
2 1 16 1 812.571410694
4 1 2 1 605.342045821
1 1 1 1 169.337061772
8 1 16 0 823.193606019
4 1 8 1 1090.02841617
4 1 32 0 1113.43385243
4 1 32 1 786.875425768
8 1 2 1 1095.9042564
1 1 2 1 137.425329352
8 1 1 0 874.57298003
8 1 2 0 1221.77530561
1 1 4 0 552.934388225
2 1 32 0 520.973949943
1 1 16 0 723.783158796
2 1 1 1 515.749685154
32 1 2 1 1364.42826807
2 1 4 0 771.850585461
4 1 4 1 985.237008566
16 1 32 1 1187.56298838
2 1 32 1 828.905705163
16 1 8 0 1051.70696601
2 1 1 0 366.500603227
1 1 2 0 253.570234685
2 1 4 1 821.850824916
4 1 2 0 748.72959179
8 1 8 1 942.119658091
1 1 4 1 627.156196735
32 1 2 0 670.588197894
4 1 1 0 668.954794193
2 1 2 1 479.082442698
16 1 1 1 962.980535364
4 1 4 0 938.437663298
32 1 4 1 1256.62828206
2 1 2 0 380.694189287
16 1 32 0 858.760998882
4 1 8 0 1169.67501011
2 1 8 1 980.638514657
2 1 16 0 710.655372967
16 1 4 1 1287.91259404
8 1 16 1 1325.17933936
8 1 32 1 993.464899099
4 1 16 1 1216.95288999
2 1 8 0 711.051834577
16 1 2 0 1133.60662808
8 1 4 0 1266.23108058
16 1 2 1 920.77712935
32 1 1 1 1336.01210307
16 1 16 1 1044.52246167
2 2 1 0 432.811695534
16 2 1 0 1167.93557007
32 2 32 1 1284.05151554
1 4 1 1 270.969190152
8 4 32 0 982.436951882
2 2 32 0 645.840887647
16 4 4 1 1009.03140893
8 4 4 0 697.038992647
4 2 4 1 933.341538985
32 1 16 1 1195.21228617
16 2 1 1 1073.66305212
16 4 32 0 765.975648768
32 4 1 0 1119.29918593
8 4 8 1 910.50802247
32 1 32 1 1470.35579902
1 2 4 1 250.220657659
8 4 16 0 736.007494542
16 4 2 0 1052.21528658
8 4 4 1 855.134140032
16 2 4 1 1323.58485435
16 4 16 0 884.811964654
8 4 8 0 901.101002388
1 4 2 0 390.724734538
32 2 8 0 1325.71575619
1 8 2 0 276.464328705
8 2 2 1 872.264433882
32 2 4 0 1296.33747757
8 2 8 1 1115.34576543
16 2 2 1 1082.75445964
1 2 2 1 322.597814276
1 8 1 0 293.699486971
2 4 1 1 474.871211852
1 2 8 0 765.76405752
16 2 4 0 1104.90178847
2 2 16 1 498.583579787
2 4 4 1 916.179401895
32 1 32 0 1070.52555391
32 2 16 0 1156.91349036
4 4 4 0 877.097194695
1 2 1 0 297.097160138
4 4 32 0 776.510622149
16 2 16 0 933.368538132
1 8 4 1 592.753052014
16 4 2 1 932.924574616
4 4 8 1 677.614595793
1 4 4 1 567.36531144
32 2 1 0 1211.69633049
8 2 4 0 811.715150143
1 2 8 1 642.937848399
32 4 4 1 1048.05200675
32 4 8 0 1223.95325678
4 2 8 1 849.71002677
8 2 32 0 1018.8438555
32 2 8 1 1235.12153649
32 4 32 0 822.087965455
4 4 16 0 853.566034143
1 8 8 1 167.060030106
32 2 2 1 1422.39937442
16 2 32 0 1019.93907975
8 2 1 0 1002.94785841
4 4 2 0 810.885224288
1 4 16 0 605.369707573
8 4 32 1 833.053675034
16 4 4 0 915.777952292
16 2 2 0 830.400975243
4 2 16 1 916.65922242
2 4 8 0 552.636242992
4 4 32 1 704.040003679
1 8 32 1 164.546950912
4 2 4 0 918.083920236
32 4 16 1 1126.15053586
8 2 8 0 1113.352026
2 2 4 0 668.204901336
2 2 2 0 664.820453007
16 4 32 1 771.29637513
32 4 16 0 1185.15636436
2 4 1 0 319.632067647
32 2 4 1 1411.51755733
4 4 2 1 722.43028536
16 4 1 1 831.693793991
4 4 1 0 463.686223191
2 4 32 0 500.474167068
2 2 8 1 747.453426106
4 4 1 1 547.93872497
8 4 2 1 901.044383872
16 2 8 1 1306.665507
1 4 32 0 165.718340451
2 2 1 1 370.814601193
1 8 2 1 182.020356298
2 2 8 0 855.163581656
8 2 32 1 1374.247885
2 4 32 1 850.801693565
16 2 8 0 1369.98947914
32 4 8 1 1127.23822096
1 8 8 0 457.281730175
2 4 2 1 671.150744408
8 4 1 1 886.560468106
1 8 4 0 534.201016118
1 8 1 1 286.649135399
1 4 8 1 151.200019494
32 4 1 1 907.875374128
4 2 1 1 730.428952897
8 2 2 0 986.848215486
32 2 1 1 1093.90760356
16 4 8 0 1101.21227435
2 4 16 0 655.317714172
32 4 2 0 895.137008061
1 2 1 1 298.021219085
8 2 16 1 1071.49919206
2 2 4 1 738.128060823
8 4 16 1 963.216788848
8 4 1 0 640.148411364
1 2 16 0 671.507822705
1 4 2 1 151.534571099
4 2 32 0 462.728534484
4 2 32 1 841.874226737
1 2 16 1 207.529751283
1 4 1 0 286.649994873
32 2 32 0 1004.23826251
4 2 2 0 915.417407824
8 2 16 0 902.505892297
16 2 32 1 1143.46030152
1 2 32 1 716.063358274
2 2 32 1 625.698093832
8 4 2 0 974.695557005
1 4 8 0 158.068177089
4 2 2 1 855.507965957
1 2 2 0 415.21855131
32 2 2 0 1425.62086781
32 4 2 1 1190.55198407
16 2 16 1 1188.71853027
1 2 4 0 526.435996058
2 4 4 0 606.654263775
16 4 16 1 987.030592877
2 4 8 1 706.288702341
8 2 1 1 837.048389619
4 4 4 1 667.818802815
32 1 16 0 1348.33828855
1 8 16 1 665.502772157
16 4 8 1 1071.29575872
16 4 1 0 1172.48353372
1 4 4 0 559.213748669
1 2 32 0 649.671932116
32 2 16 1 1142.35965079
32 4 4 0 856.053801454
2 4 2 0 477.825161894
4 4 16 1 801.89918621
1 8 16 0 642.243657882
2 2 16 0 903.285120268
4 2 16 0 823.17842025
8 2 4 1 873.339417117
4 4 8 0 789.718429953
32 4 32 1 1085.05973497
1 4 16 1 480.728123895
2 2 2 1 399.413538765
2 4 16 1 516.196560046
1 4 32 1 607.088138903
4 2 1 0 432.937866629
4 2 8 0 975.29547598
1 32 2 1 139.219502504
2 32 4 1 561.349053134
32 8 8 0 990.795723501
4 16 4 1 676.343296092
32 16 2 0 1379.31117457
1 32 16 0 625.766807302
8 8 4 0 746.992546532
32 8 4 0 1113.67038551
4 8 4 1 785.239737053
32 8 16 1 720.055178583
1 8 32 0 267.812358788
1 32 1 0 273.935651362
8 8 2 0 910.057472223
8 16 8 0 858.810230092
16 16 2 0 997.669361247
8 16 16 1 900.037015088
2 16 1 1 487.354339752
4 8 4 0 876.216526411
16 8 4 1 1001.23458047
1 16 8 0 423.210416735
4 32 1 0 517.269073114
4 16 1 0 708.49822475
2 8 1 1 499.116744951
16 8 2 1 730.546865488
4 16 16 0 862.971959331
16 16 8 0 925.413247668
2 16 2 0 467.775143828
8 8 2 1 727.65614977
16 16 1 1 833.974680932
1 32 4 0 568.204738095
32 8 1 0 1095.80727263
2 8 16 0 417.059569736
1 32 8 0 574.950662846
16 8 4 0 1104.51192563
4 32 1 1 518.653033007
8 8 32 0 687.523508565
16 8 16 0 1150.88429885
4 32 2 0 523.48323572
16 16 2 1 913.198601889
1 16 1 0 182.619628621
4 8 16 0 776.676850657
2 16 1 0 390.309246831
16 16 32 0 892.051273584
8 16 4 1 953.286871757
2 32 8 0 657.707818791
2 16 32 0 693.01687367
2 32 8 1 796.381310263
1 16 2 1 154.737487201
16 8 8 0 967.926842545
32 16 1 1 1166.97782868
8 16 16 0 1007.54288564
1 32 8 1 392.391645871
8 16 1 0 792.727891134
8 8 1 0 716.556159161
2 32 4 0 653.659226264
4 8 1 0 739.383926629
2 32 32 0 613.00285686
2 16 4 1 646.384141101
4 8 2 0 584.167373673
2 8 16 1 895.247792843
8 16 1 1 818.752512557
16 16 16 1 881.337905103
8 16 8 1 932.553100428
8 16 32 0 1046.83672406
1 16 2 0 379.79369537
2 16 2 1 619.934964978
4 8 2 1 644.343138225
4 8 8 0 837.562408148
4 16 4 0 857.307511606
2 32 1 0 385.984097582
32 16 32 0 714.469031303
2 32 2 1 580.084208589
1 32 1 1 168.552964834
1 32 16 1 566.375244992
16 8 1 1 912.052397883
32 8 8 1 1006.23372147
32 16 4 1 722.762277186
16 8 16 1 929.046330873
2 8 2 1 698.776283104
32 16 16 0 958.173079547
32 8 2 1 1015.99519732
1 32 2 0 396.265371745
2 8 2 0 477.72141741
2 8 8 0 557.174658816
1 16 16 0 529.239344814
32 16 1 0 1091.56959097
8 16 2 0 932.274481661
4 16 2 0 518.088519299
16 16 4 1 787.328194117
4 16 2 1 635.835097036
4 8 32 1 814.860245197
4 8 8 1 789.93411447
4 16 32 1 809.52049096
32 16 8 1 992.458139562
32 8 1 1 1037.77428796
32 8 4 1 1011.22016459
2 16 16 1 769.816836723
16 8 8 1 822.487374567
8 16 4 0 980.734928533
2 8 4 1 911.627857404
32 16 32 1 887.156136304
16 16 1 0 894.400779904
8 8 16 1 424.41883453
32 16 2 1 968.462188261
4 16 8 1 799.689403208
2 8 4 0 519.492611783
32 8 32 0 1173.08368276
8 8 8 1 726.020710953
2 32 16 1 871.730866665
32 16 16 1 980.029230205
2 16 4 0 641.397253588
2 32 32 1 852.567458997
1 32 32 1 256.156380623
8 16 2 1 972.554523087
4 8 32 0 823.001543288
1 16 4 1 358.6996736
32 16 8 0 1140.75997131
1 32 4 1 439.256513551
16 8 32 0 1042.12651923
8 8 4 1 736.801429174
1 16 32 0 628.499640945
16 16 8 1 1138.67998721
4 8 16 1 705.528750138
2 16 8 0 682.509101781
4 16 8 0 856.770598515
1 32 32 0 581.224076292
2 32 2 0 525.651059419
1 16 16 1 654.367238691
16 8 1 0 906.89439544
32 8 2 0 994.425459925
16 16 16 0 1197.36701703
2 8 32 0 638.549938904
2 16 8 1 881.272679709
4 8 1 1 701.479196618
1 16 4 0 601.455165743
32 8 16 0 518.259712564
8 8 1 1 636.152440848
4 32 2 1 663.911330734
2 32 1 1 436.520205607
16 8 2 0 1043.06913472
2 16 32 1 590.108642782
2 8 8 1 939.432585955
32 16 4 0 944.840369152
2 16 16 0 475.545870775
8 16 32 1 982.186002361
4 16 32 0 772.058928362
32 8 32 1 994.77747547
2 8 32 1 676.722762797
1 16 8 1 167.197789564
4 16 16 1 702.648323275
16 16 32 1 796.702477557
16 8 32 1 865.525163143
8 8 32 1 633.196669698
1 16 32 1 148.879777212
16 16 4 0 1101.35720712
2 32 16 0 638.619559682
4 16 1 1 718.549796658
4 32 4 1 714.645048477
32 32 2 1 1014.5671094
8 32 32 0 714.838603104
16 32 2 0 1067.91846548
16 32 1 1 912.099921259
16 32 1 0 880.984165087
32 32 4 0 1125.29727896
32 32 1 0 1057.96855371
16 32 8 0 832.075172626
8 32 32 1 714.159081939
16 32 8 1 970.040096401
8 32 4 0 859.706498534
4 32 16 0 545.661619517
16 32 32 1 907.689644716
8 32 2 1 970.523774131
32 32 1 1 1034.17743346
16 32 16 1 760.02215055
32 32 32 1 964.720777077
32 32 4 1 587.764983611
8 32 1 1 720.000749084
4 32 32 1 551.805764803
16 32 4 0 1011.53724354
8 32 8 1 856.612557462
4 32 4 0 852.122620634
32 32 8 0 991.175503382
8 32 8 0 1033.84976283
16 32 16 0 1003.9387175
4 32 8 1 768.063763027
4 32 32 0 742.189432085
4 32 8 0 800.017040314
8 32 2 0 813.104381004
32 32 16 1 788.455691444
8 32 1 0 900.664691441
32 32 2 0 796.363941411
16 32 2 1 1093.61227389
32 32 8 1 1089.44492533
32 32 16 0 852.29992011
16 32 32 0 918.281592428
4 32 16 1 706.39102341
16 32 4 1 725.187855227
32 32 32 0 729.372160841
8 32 16 0 981.363717032
8 32 4 1 909.729532208
8 32 16 1 919.249020567
