32 32 16 0 2389.8482846
4 16 16 0 954.820239093
8 32 8 1 1231.63393726
4 16 1 0 988.697121271
2 16 8 1 671.410333174
8 32 1 0 1381.12044403
4 32 4 0 1003.28787208
2 16 2 0 759.816721013
32 16 1 1 2640.59519306
8 32 2 0 1467.92699323
16 16 16 1 2105.0885832
2 32 2 0 789.321241385
32 32 16 1 2264.7791317
8 16 8 0 1559.4331908
4 16 8 0 1111.11014404
4 16 2 1 1213.73871934
8 32 8 0 1600.13135782
16 16 4 1 1988.65161343
1 16 1 0 663.030085448
1 16 2 1 945.468934685
1 32 1 1 953.672341617
32 32 8 1 2193.9834571
32 32 2 1 2611.63389633
16 16 8 0 2068.05443666
32 16 16 0 2038.16908608
8 16 1 1 1513.05643292
2 16 2 1 894.587276938
32 16 4 0 2545.64179971
32 16 32 0 2264.58794884
1 16 1 1 543.267192493
32 16 8 1 2394.04889622
8 16 4 0 1429.42557901
32 16 1 0 2245.07924978
1 1 1 1 337.68304193
1 32 16 0 304.542034496
2 32 4 0 751.53310042
1 1 2 1 617.504419306
2 32 1 0 763.743653728
32 32 4 0 2501.4079759
4 16 4 1 1244.0766995
8 32 16 1 1477.01695717
8 16 32 0 1615.63854845
1 16 8 0 834.079392957
4 16 32 0 925.239564898
4 32 2 0 1144.07390685
32 32 2 0 2456.19978736
2 32 32 0 867.280074406
16 16 32 1 1951.54375767
8 16 2 0 1400.31917306
32 8 16 0 2563.52612184
8 32 32 0 1585.29753549
2 32 8 1 808.748500527
16 32 32 0 1951.62498291
32 16 2 0 2084.27210077
16 32 2 1 1024.84569619
4 32 1 1 1096.36203297
2 32 4 1 1035.81112007
1 16 4 1 854.365365454
4 16 2 0 1076.93465439
1 1 2 0 1074.89581714
4 16 4 0 1109.5233565
16 16 1 0 1979.34968329
32 32 4 1 2391.59179771
1 16 4 0 1124.55353322
4 32 2 1 1136.70854974
2 16 4 1 776.063638411
8 32 2 1 1440.15606443
32 16 2 1 2629.90801897
32 16 8 0 2447.57482511
32 32 1 1 2602.26244079
1 32 32 0 1051.13895495
8 16 1 0 1409.84928582
1 32 16 1 1233.12367461
32 32 8 0 2446.37774151
2 16 32 1 855.989765004
4 32 1 0 1111.28334635
1 32 2 0 668.596067027
32 16 4 1 2390.88950802
32 32 32 1 1472.50696491
2 32 1 1 934.139881342
32 16 16 1 2511.40052519
1 16 2 0 239.246557303
2 16 16 1 618.640091647
1 1 1 0 536.291386455
4 32 32 0 1085.97513999
4 16 16 1 1031.29385561
16 32 1 1 1805.68790404
32 8 8 1 2138.92284656
16 32 1 0 2226.0804455
16 32 8 1 1812.2341529
4 32 16 0 353.587070745
1 1 8 1 1326.95372725
16 32 16 0 2009.61959388
2 32 16 0 788.781096259
4 32 16 1 1171.9002828
16 16 2 1 1862.28994567
4 32 32 1 699.137262744
1 1 4 0 1077.26181241
8 32 4 0 1656.37850996
8 16 4 1 1537.59178767
16 32 16 1 1942.50910976
32 32 1 0 2413.18263219
2 32 2 1 513.313362146
32 8 8 0 2476.05338865
2 16 8 0 747.803445292
4 32 8 1 1112.01419576
1 16 16 1 930.845787956
32 8 32 1 1739.40659805
2 16 1 1 772.894006807
32 32 32 0 1924.29848212
8 32 1 1 1389.955909
2 16 1 0 636.147475231
16 32 8 0 2213.26875642
16 16 4 0 2236.43720544
1 1 8 0 1480.49592317
1 16 8 1 386.161352273
16 16 16 0 1953.94063176
8 16 2 1 1408.66533213
2 32 8 0 875.031301682
2 16 4 0 792.247232038
32 8 32 0 2327.79701529
2 16 16 0 788.848187299
2 16 32 0 764.027140416
1 32 4 1 1248.27493919
16 16 8 1 1754.75153084
2 32 32 1 632.727779258
4 32 4 1 1044.78112281
1 16 32 1 379.636833922
8 16 8 1 1575.85108637
8 32 4 1 1424.86957272
16 16 2 0 1931.4011869
8 32 32 1 1406.19562414
8 16 16 1 1570.82739719
1 1 4 1 428.021332461
1 16 32 0 895.831053856
16 32 4 1 1874.94581714
16 32 4 0 1934.67677962
8 32 16 0 1053.87978472
4 1 8 1 788.270841887
1 4 1 1 595.822493128
2 1 16 0 835.325205601
4 2 32 0 1262.49576343
2 1 4 1 868.423201461
32 1 1 0 2808.7020461
2 1 8 1 1064.13527735
32 1 16 1 2069.0567707
16 2 16 0 1975.57813296
2 4 2 1 974.896255585
16 1 16 0 2253.81006881
2 2 2 0 850.92627556
32 1 8 0 2392.10416623
16 2 1 0 2388.64441767
4 2 8 0 1380.07927966
4 2 4 1 1420.37454425
32 2 8 1 1837.26110552
16 2 16 1 1855.54923561
16 2 4 1 1816.5348433
16 1 4 1 2148.54338564
1 4 1 0 426.352451926
32 2 1 1 3452.3156536
1 2 2 1 504.580582461
8 2 2 1 1822.0387048
32 2 16 1 758.85586042
8 1 32 1 1428.84242808
2 4 16 0 1099.77633141
1 4 2 0 579.834638378
4 1 2 1 736.749609156
16 1 4 0 2310.48207937
8 1 2 1 950.002004311
1 2 4 0 930.297977255
32 2 2 1 3458.12023336
4 1 16 1 993.449475025
1 2 16 1 421.015518132
2 2 32 0 811.742313337
2 2 32 1 973.672109599
1 4 32 0 1696.51525291
2 4 1 1 1136.46137823
16 1 1 0 2385.10148164
2 2 4 0 1025.58670737
8 1 1 0 1467.92528998
2 4 16 1 723.807186395
16 2 8 1 2587.29741607
8 2 1 1 2083.44684532
16 2 8 0 2534.91193451
8 2 1 0 2010.20316505
4 1 1 0 1169.23898848
8 2 16 0 1560.43528884
1 4 8 1 1807.10832607
1 2 16 0 690.020823761
2 2 2 1 1097.66325539
32 1 32 1 1543.90032885
16 1 16 1 1587.15982753
4 2 16 0 1326.61110554
8 1 1 1 1771.27860515
2 2 8 1 922.637438157
32 1 32 0 1414.71441844
32 1 16 0 1707.13945969
16 1 8 1 2133.98840811
2 4 4 1 956.573136877
2 4 1 0 1207.37318214
4 1 2 0 1200.174682
8 2 16 1 1798.78535124
32 1 1 1 3163.59777743
1 1 32 1 394.929915298
1 2 8 0 1881.82919736
8 2 4 0 2037.79715762
4 1 4 1 943.282263856
4 2 1 1 1409.59776551
4 2 16 1 1490.34744195
1 2 8 1 1299.26577086
2 1 32 1 889.219530407
2 1 8 0 901.681277669
1 2 32 0 979.688123575
8 1 16 0 1597.73656082
32 2 8 0 1005.55008942
1 4 8 0 1565.69983427
8 2 8 0 2005.45219869
2 4 4 0 1011.81569627
16 1 32 0 1149.59807345
32 2 4 0 1963.37660548
32 2 32 1 818.974518609
1 4 2 1 250.836630618
1 4 4 0 1346.53909738
2 1 2 1 789.175632943
16 2 32 0 1636.07956849
1 2 32 1 811.504004112
32 2 2 0 2960.0197732
32 1 4 0 2796.20097147
1 2 4 1 1357.3469317
16 2 2 1 2685.16928074
32 2 32 0 1281.79685255
2 1 1 1 861.986125744
1 4 16 1 1967.81176253
1 1 32 0 1078.21286181
4 1 1 1 1219.16187233
8 2 8 1 1973.93853933
32 1 4 1 2795.37903928
8 1 8 1 1584.95411058
4 2 2 0 1513.35234362
4 1 32 1 1052.89430426
2 4 2 0 646.102538336
16 1 32 1 1482.53810811
8 1 16 1 1320.28683789
4 2 32 1 1298.49852
8 2 4 1 1711.16594123
4 2 1 0 1341.52252162
4 2 4 0 1525.67546433
1 4 32 1 1888.1536689
4 1 32 0 1135.14389231
2 2 16 0 955.570896771
32 1 8 1 2272.76928036
2 2 8 0 996.865356942
16 2 4 0 2480.88339954
8 1 8 0 1736.93802743
32 2 16 0 1176.15451136
32 2 4 1 2195.70116361
2 4 8 0 948.939007742
2 1 16 1 848.633134519
16 1 2 1 1965.03926852
4 1 16 0 1226.27933126
16 1 1 1 2446.05252126
1 2 1 0 1793.13043892
8 1 4 0 1756.40032311
1 2 1 1 1141.96377273
2 4 8 1 997.126481855
8 1 4 1 1457.80687989
4 1 8 0 1113.44471241
2 1 32 0 703.706856786
8 1 32 0 1450.61852385
1 4 4 1 1974.27456212
8 2 32 1 1364.28674976
32 1 2 1 3205.14061074
32 2 1 0 3090.06542997
16 2 1 1 2691.44080492
4 2 8 1 1477.86713128
4 2 2 1 1544.21788911
2 1 4 0 862.333606975
2 2 1 0 940.442099021
16 1 2 0 2239.46835475
1 1 16 0 1494.08440559
2 2 1 1 950.504629522
16 1 8 0 1941.40549921
2 1 2 0 776.441651802
16 2 32 1 1260.42856515
1 4 16 0 843.298685827
1 2 2 0 1362.44816097
2 2 4 1 901.891682785
8 2 32 0 1650.22178081
2 2 16 1 993.725428798
2 1 1 0 1153.08156214
8 1 2 0 1759.51659049
8 2 2 0 2204.7282523
16 2 2 0 2014.89983824
4 1 4 0 876.360153208
32 1 2 0 2595.04568996
4 4 32 1 1276.7220099
1 8 16 0 541.006575434
16 4 16 1 1971.90387349
32 8 8 0 2157.00301786
32 8 1 1 3427.88655787
2 8 32 1 1081.29978529
8 4 16 0 1850.82726115
8 8 16 1 2043.49003903
4 4 2 0 1504.52723098
2 16 2 1 1115.93383138
16 4 16 0 2306.91361211
1 8 32 1 652.565524693
32 4 1 1 3665.90977826
8 8 4 1 1980.41777333
4 8 8 0 1348.03457321
32 4 32 1 1443.14023031
16 8 4 0 2385.09042793
1 16 4 0 474.553675345
4 16 32 1 1239.03714532
1 8 4 0 859.639980733
2 4 32 1 1246.24297642
8 8 32 0 1559.47346627
2 8 2 0 1161.51008702
4 8 1 1 1610.34208797
1 16 2 0 1279.39475259
1 16 1 1 937.553783854
4 8 2 1 1578.58850099
4 8 32 1 1124.86807183
1 8 8 0 390.02618563
8 4 32 0 1678.43268942
4 8 1 0 1514.75785448
4 8 32 0 1495.11944738
4 8 16 1 1388.3689965
1 16 4 1 432.841748865
2 8 8 1 1003.9908716
1 8 8 1 1268.06874637
4 8 4 0 1527.40439437
4 16 32 0 1086.51702445
8 8 1 0 2072.19647972
2 8 1 1 1122.00649678
8 4 1 1 2044.4188813
32 8 4 1 3077.68218371
4 4 1 1 1585.76981687
16 4 8 1 2601.53634248
8 8 2 1 1908.86679556
8 4 8 1 1909.74706221
8 8 4 0 2003.82137045
16 8 2 0 2670.17121981
16 4 4 0 2718.82061953
2 4 32 0 993.428233345
1 8 1 0 1452.683088
32 8 32 1 1762.36525604
1 16 16 0 1095.92985356
16 8 1 1 2437.42317016
8 4 16 1 1917.21329097
32 4 32 0 1610.03193275
16 4 8 0 2244.64583074
8 8 2 0 2294.90017276
1 16 16 1 1105.80535692
2 16 4 0 921.49746115
16 4 1 0 2645.74332785
4 8 2 0 1723.06631644
2 8 4 1 830.656194376
4 4 32 0 1258.39157065
4 16 16 1 1380.48966554
8 8 1 1 1905.70379035
16 8 2 1 2415.36306493
2 8 16 1 1178.63672561
32 8 16 1 1455.60378598
4 4 4 0 1486.67162254
1 16 32 1 1775.11943007
32 4 4 0 3444.46322749
16 8 8 1 2790.59737545
32 4 8 0 2947.63911994
16 8 32 0 1361.92934919
8 4 1 0 2063.9861805
16 8 1 0 2723.47774839
1 8 1 1 1416.95754914
16 4 32 1 1659.08304642
16 8 16 0 2248.19001101
2 8 1 0 1055.95114811
2 16 32 0 538.834822248
4 16 2 0 989.592153537
2 16 2 0 1223.84428783
4 8 16 0 1336.6958344
16 8 8 0 2763.44221088
1 8 32 0 1800.17872987
4 4 1 0 1430.01392903
32 4 2 0 3883.30291531
2 16 1 1 874.621691426
8 4 2 0 1916.22428737
8 4 32 1 1287.87867997
4 8 8 1 1407.79343167
32 4 2 1 3779.59374876
32 4 4 1 3320.20726343
1 16 32 0 736.454089531
1 16 2 1 1280.42458511
8 8 32 1 1443.90554676
2 8 16 0 958.662927193
2 16 8 0 943.301775829
32 4 1 0 3142.92761877
4 4 8 0 1343.39427381
2 16 32 1 925.137214096
1 16 1 0 775.681151103
2 8 8 0 854.802346644
4 4 8 1 1439.66989556
32 8 4 0 3039.56004494
32 8 2 1 2836.65692221
8 8 8 1 2325.95332642
8 4 4 1 1984.53089241
16 4 2 1 2748.04960514
32 8 1 0 2521.76586182
1 8 2 0 1539.84151682
4 4 16 1 1619.4236883
4 4 16 0 1517.27770839
2 16 1 0 1435.94744956
16 8 4 1 2307.00497113
2 16 4 1 965.424902289
4 8 4 1 1610.95969426
32 8 32 0 1837.78724468
16 8 32 1 1854.09629378
4 4 2 1 1504.22459685
8 8 16 0 2165.62462664
16 4 32 0 1915.10530523
2 8 2 1 1133.57618951
2 16 16 0 1154.93356862
4 4 4 1 1483.63424509
4 16 1 1 767.716701299
4 16 16 0 1430.43771159
4 16 4 0 879.184017798
4 16 4 1 1075.24792599
16 4 2 0 2931.07911295
32 4 16 1 2070.92602258
1 16 8 0 1503.88691272
2 16 8 1 1195.05622243
8 4 8 0 1864.53565257
4 16 1 0 786.896074561
32 8 2 0 2401.5888983
32 4 8 1 3509.45867483
1 8 16 1 349.173000416
2 16 16 1 1033.27129889
1 8 2 1 369.412680728
4 16 2 1 824.033087581
4 16 8 1 1058.28307879
16 4 4 1 3107.45744015
16 8 16 1 2138.82684992
32 8 8 1 2716.27169829
1 16 8 1 1302.96419506
8 8 8 0 2031.845625
8 4 4 0 2014.37890958
16 4 1 1 2828.23011163
2 8 32 0 1057.69282807
1 8 4 1 791.693904508
2 8 4 0 854.873029063
8 4 2 1 2215.16352167
32 8 16 0 2431.11167589
32 4 16 0 2066.25160256
4 16 8 0 1421.57579797
32 16 2 0 2702.31263859
8 32 8 0 2160.16807281
2 32 4 1 854.646027049
32 32 4 0 3060.15403403
32 16 16 0 2215.32989468
16 16 2 0 3192.67380366
2 32 1 0 928.123795989
2 32 2 1 810.513112578
1 1 16 1 1590.49973812
4 32 16 0 1504.10824294
16 16 32 1 1683.34820132
8 16 32 0 1562.79778908
32 16 8 1 170.101440099
16 16 16 0 2374.05399012
4 32 8 0 1780.01035626
16 32 2 1 2547.58098386
8 16 2 0 2031.060814
8 16 8 1 1939.4930073
4 32 32 1 1404.72727883
16 16 32 0 1786.17530949
32 16 1 1 3620.88925883
1 32 32 0 664.906536858
32 32 16 1 1877.88480406
4 32 4 0 1427.75396772
16 32 16 1 2434.22651197
16 32 32 0 1961.87602374
32 32 32 0 1936.55539854
16 32 32 1 1657.67253489
8 32 32 1 1693.53240476
32 32 2 1 3128.51123687
32 32 16 0 2348.24372694
32 32 1 1 2679.89139291
1 32 8 1 1041.53316275
8 32 16 0 1810.93067485
32 16 4 1 2303.90971547
4 32 2 0 1262.08956481
2 32 16 0 1052.41392754
16 32 1 0 2632.69433053
32 16 1 0 3303.01263392
8 32 32 0 1293.61527278
4 32 1 0 1612.10822944
1 32 2 1 704.288517053
16 16 8 0 2532.37484446
32 32 4 1 2556.27031767
8 32 8 1 1955.62566983
32 16 2 1 2512.96080163
1 32 2 0 1167.97818879
4 32 1 1 1456.94726193
16 16 4 1 2832.87387931
1 32 16 0 1041.02849603
1 32 1 0 1113.90081795
16 32 8 0 2538.757772
1 1 2 0 598.312932241
1 32 1 1 903.899540183
1 1 4 1 924.21556306
32 32 32 1 1610.36671079
2 32 8 1 933.138598512
32 32 1 0 3223.78844922
1 32 8 0 912.212704082
16 32 8 1 2410.29454963
16 32 16 0 1810.51297111
2 32 4 0 920.623490142
2 32 2 0 1020.92987093
32 16 8 0 1589.40585666
16 32 2 0 2808.84288059
16 16 2 1 2918.42563859
8 16 4 0 1869.39134823
4 32 8 1 1447.75720491
32 32 2 0 3321.56564735
2 32 32 0 1091.98981662
8 32 2 1 1585.7578711
32 16 16 1 2070.17288446
8 16 8 0 2066.67243758
1 1 16 0 1412.23871062
2 32 8 0 744.475110795
32 16 32 0 1311.11398883
1 1 2 1 637.004426704
8 32 2 0 2014.60775794
8 32 4 1 1981.42172547
16 32 4 1 2873.93454042
8 32 1 1 1774.58303741
1 1 4 0 1201.68761451
1 1 8 1 1013.1058443
1 1 1 1 507.087591679
8 16 16 1 1776.80636742
8 16 4 1 1840.01104731
16 16 8 1 2227.21774538
8 16 2 1 1994.49528174
16 16 16 1 2027.99540215
2 32 16 1 993.005206696
1 32 16 1 616.813038934
1 1 32 1 975.914747399
8 16 1 0 1976.9501888
1 1 8 0 1199.30088586
2 32 32 1 794.024977562
8 16 1 1 1969.62520935
1 32 4 1 1072.01801765
32 16 4 0 2295.87923955
16 16 1 0 2722.03512415
2 32 1 1 912.883271713
4 32 32 0 1366.69227027
16 16 4 0 2578.60495946
32 32 8 1 2740.63400444
1 1 1 0 695.731972204
8 16 16 0 1801.60241721
8 32 1 0 1874.0150397
32 16 32 1 1299.33068269
4 32 4 1 1342.83451505
16 16 1 1 2213.81579245
8 16 32 1 1379.9956744
4 32 16 1 1534.3385982
8 32 4 0 1991.01772634
1 32 4 0 707.592814718
16 32 4 0 2796.85552696
1 32 32 1 610.831368511
4 32 2 1 1600.82676111
32 32 8 0 2787.74835754
8 32 16 1 1804.70044775
16 32 1 1 2518.4370325
32 1 8 0 3128.43516969
16 2 4 1 2056.94448601
1 4 2 0 987.335178229
16 2 1 0 2261.18108905
8 1 8 0 2002.19716307
16 1 32 1 2314.54396696
2 1 1 1 946.690577021
2 4 16 0 853.884761529
16 2 16 0 2042.31082656
32 1 4 0 2878.27166427
8 2 2 1 1606.74792744
4 2 32 0 1284.05230931
1 4 2 1 1150.6661889
8 1 32 1 1750.25307911
4 2 4 1 1226.04916777
16 2 4 0 2218.1748161
1 4 8 1 1235.44371121
4 2 32 1 1213.20187993
16 1 8 1 2691.09411328
8 2 1 0 1631.11801833
32 2 2 1 2689.53713921
16 2 32 0 2147.95091187
8 1 2 1 1999.43612394
1 2 2 0 601.390377969
2 4 1 1 722.364590692
16 1 32 0 1971.926986
1 4 8 0 1019.03187435
32 2 32 0 1957.07571665
2 2 1 0 827.508744267
2 2 4 0 1046.5046923
8 2 16 1 1494.99097709
16 1 4 1 2322.23405079
32 1 1 1 2484.06856984
1 4 1 0 931.34891019
16 2 32 1 2087.38074921
32 2 32 1 2357.37847844
2 2 16 0 878.79176099
1 4 1 1 937.571761184
4 1 8 0 1404.96395594
2 1 8 1 1026.97825918
4 1 2 1 1417.84063277
4 1 16 1 1435.40788033
1 4 32 0 1307.68021346
32 1 2 0 2151.29954045
32 2 16 0 2476.11759516
4 2 2 1 1103.89913914
8 2 8 0 1721.46148638
2 1 16 1 943.704319474
4 1 1 1 1394.81520277
2 1 8 0 967.087632947
16 1 16 1 2356.35875272
8 1 32 0 1822.5883982
16 2 8 1 2219.7619842
1 2 16 0 1330.91190706
2 1 16 0 914.29639332
8 2 32 1 1669.84979314
2 4 4 1 823.502810096
2 4 32 1 704.060686205
2 1 32 1 984.688680342
16 2 16 1 1943.89009513
1 2 32 0 1272.02740579
4 2 8 0 1269.32799868
1 2 2 1 1101.96690485
4 2 8 1 1076.94637174
32 2 2 0 2527.70211233
32 2 4 1 2638.83387535
1 2 4 0 1034.46946653
16 1 2 0 2597.35089207
1 2 32 1 1100.83744435
4 1 2 0 1455.48250166
2 2 8 0 1124.25555067
2 2 32 1 1001.36296729
1 2 4 1 1411.55023439
4 2 16 1 1143.10591492
2 2 8 1 838.890987209
8 1 2 0 2077.73412047
8 1 1 1 1963.15540898
16 1 4 0 2497.58175042
8 2 16 0 1446.10464015
4 1 16 0 1267.22080629
2 1 4 0 993.835395009
8 2 1 1 1638.16075718
2 2 32 0 835.125755951
2 1 4 1 940.236897013
2 4 1 0 812.29992192
8 1 4 1 1440.75487782
1 2 8 0 882.680423275
8 1 8 1 2030.4511625
32 1 32 1 2648.23349951
1 2 1 1 943.983502302
32 1 1 0 2643.09392213
16 1 1 0 2046.50520584
1 4 16 0 1313.17570788
8 2 2 0 1584.50321078
16 2 1 1 2080.6657911
2 2 2 1 1107.7960182
32 1 16 1 3144.93108193
8 2 8 1 1523.98595206
2 2 4 1 846.960302844
4 2 2 0 1356.7698748
4 1 4 1 1436.20543316
1 2 16 1 779.212621349
32 1 16 0 2651.28255668
16 1 2 1 1894.54397775
4 2 4 0 1062.80937505
2 4 2 0 749.264126252
2 1 1 0 949.320929889
4 2 16 0 1366.2634467
2 2 2 0 910.030457023
32 2 4 0 2900.59339153
32 2 8 1 2718.38854985
4 1 4 0 1392.97486244
8 2 4 0 1607.66929699
1 2 8 1 1112.36663924
32 1 32 0 2330.54530079
2 2 16 1 736.389863658
32 2 8 0 2619.59344952
2 4 4 0 774.145123294
2 4 8 0 747.782393898
8 2 32 0 1711.47648612
32 1 2 1 3278.75961684
16 1 16 0 2126.70157679
2 4 16 1 675.64971047
16 2 2 0 2146.66080585
2 4 2 1 704.970086369
4 1 8 1 1349.39490845
2 1 2 0 888.878459783
32 1 4 1 2065.42039202
4 1 1 0 1425.85435381
16 2 8 0 2182.68528694
1 4 4 0 1314.68860713
32 2 1 0 2347.23708716
4 1 32 1 1332.03866267
32 2 16 1 2156.71882943
1 4 16 1 647.918568091
1 1 32 0 1081.26436985
2 1 2 1 1065.78492801
1 4 32 1 575.666723222
8 2 4 1 1630.21200266
8 1 16 1 1568.66590214
16 1 1 1 1626.00943204
4 2 1 0 1403.97213989
4 2 1 1 1155.3428215
16 2 2 1 2170.71547392
8 1 4 0 1583.10453228
2 4 8 1 705.171880231
16 1 8 0 1901.62531864
4 1 32 0 1483.27007567
8 1 16 0 1644.98127706
32 2 1 1 2808.78550988
2 1 32 0 1015.21124915
1 4 4 1 657.892443272
1 2 1 0 957.57327271
8 1 1 0 1949.97327275
2 2 1 1 781.928345097
32 1 8 1 2343.51789737
4 16 1 1 991.077540271
4 8 1 1 1133.42837785
4 8 8 0 1074.98757909
1 8 16 1 1055.55223767
4 16 8 1 1093.64813209
16 4 8 0 2157.91336137
8 4 8 0 1783.11327865
32 4 2 1 2516.2665486
8 4 16 1 1454.77963483
4 4 32 1 1036.7306598
2 8 16 1 786.200407186
4 16 32 1 1075.61551726
16 8 4 0 2056.04177864
1 8 8 1 700.518133321
1 16 16 0 783.216590725
32 4 32 0 2219.1764038
4 4 1 1 1022.81301989
32 8 16 1 2319.42355131
4 4 32 0 1123.2998449
