2 1 2 1 773.79524838
16 4 16 0 1033.96569998
32 4 4 1 4121.27578228
4 4 1 0 2190.30790959
2 2 16 0 820.802957587
32 1 4 1 2313.89645838
1 8 2 0 1639.22066036
32 2 16 0 2245.25527317
32 4 16 1 2259.39802662
8 2 4 1 1883.2778721
1 2 16 0 835.43380774
8 4 16 1 2017.55225325
4 4 8 0 1860.44462289
8 2 16 1 1875.37067974
16 2 2 1 3246.90757098
4 2 1 0 1627.24419951
1 4 2 1 696.526152022
32 4 16 0 1716.88086725
16 4 8 0 2826.07060394
4 4 16 1 1385.56815313
1 8 1 1 715.869093091
32 1 8 0 837.508996692
1 4 16 1 826.460075185
1 2 1 0 930.781734801
32 4 1 1 6373.08322792
4 2 2 0 1751.07334921
1 2 32 1 939.170676055
4 4 4 1 2093.8983314
32 2 8 1 2752.34077004
1 2 2 0 1246.67533522
4 2 8 1 1428.82852075
2 2 16 1 1487.46893279
8 4 16 0 1666.42786237
16 2 4 1 3050.2719281
2 2 32 0 911.897021693
32 4 2 1 3965.65919822
8 2 1 0 1990.11562993
1 4 8 0 1008.65793354
8 4 4 0 2534.13400184
32 2 32 0 2328.06219724
8 4 8 1 2280.30015174
16 1 32 0 977.936602396
4 2 32 1 1288.05433769
1 4 8 1 1178.29278721
32 1 1 0 2854.42065425
32 2 4 1 3341.82132128
32 1 2 1 2189.06214439
16 2 32 1 1639.73283256
1 8 8 1 1049.18825323
32 1 1 1 2542.72528745
8 2 2 0 2228.92825873
1 8 4 0 1324.24770254
32 2 8 0 2129.11012093
8 4 2 0 2997.30403869
1 4 32 1 1603.49951284
16 2 16 1 1231.91065427
2 4 32 1 1511.6315628
16 2 32 0 1039.00502436
32 1 16 0 1197.14520023
16 2 8 0 1861.41494749
4 4 2 1 2136.90422702
32 4 8 0 3311.71242951
2 4 2 0 1433.92190117
2 2 1 1 983.059803387
16 2 8 1 2191.89232459
2 2 2 0 1269.44486679
16 4 32 0 1774.18165079
32 4 8 1 3022.87347838
16 4 1 1 4980.59920384
8 4 8 0 2815.74498358
4 2 16 0 1295.50306695
16 4 1 0 3934.18810827
2 4 4 0 1490.95052905
2 2 1 0 1256.66020454
8 2 32 1 1466.10147147
2 4 8 1 1495.52618563
16 2 1 1 2828.01181018
4 2 2 1 1525.74038232
1 2 4 1 823.826861171
32 2 4 0 3579.84444066
16 4 2 0 4227.56744227
8 4 1 1 2763.33568276
32 4 32 1 1771.71423741
16 4 4 1 3719.84221162
4 4 16 0 1782.98854014
1 2 1 1 953.065324185
32 4 1 0 4469.74154997
32 4 4 0 3212.21801778
8 2 32 0 1417.76104032
2 4 2 1 1707.17325657
4 2 8 0 1427.32037324
8 4 1 0 2908.47002884
1 2 4 0 1620.50537704
32 1 4 0 2241.02315881
16 2 16 0 1639.897742
2 2 32 1 1249.98215014
8 4 2 1 3031.5784534
32 1 16 1 1319.27337779
16 2 1 0 2856.23769203
16 2 2 0 3313.61223963
1 2 8 1 1337.45451912
32 2 1 0 3462.02911555
1 2 32 0 1384.55638469
2 2 4 1 1224.29355827
4 4 4 0 2234.33905797
16 2 4 0 3147.66917931
4 2 16 1 1369.50000083
2 2 8 1 1096.50737042
8 2 16 0 1808.42411768
32 1 2 0 2859.60189631
2 4 16 1 1332.46066345
1 4 32 0 957.764791684
8 2 1 1 2090.08434532
16 4 8 1 3131.85917872
32 2 1 1 3297.59446626
32 1 32 0 1214.98464479
32 2 16 1 2435.81147597
4 4 8 1 1831.92719991
1 4 1 1 1560.64920694
4 4 32 0 1373.74717856
2 4 4 1 1527.68249335
1 2 2 1 562.990862973
4 4 2 0 2035.92220396
16 4 32 1 1127.74884929
8 2 8 1 1749.32995609
4 4 32 1 1469.10606252
1 4 4 0 631.571890488
16 4 4 0 3437.54813097
32 1 32 1 2001.23213275
2 4 16 0 1480.84385502
1 8 2 1 853.013248288
8 4 4 1 2399.56303927
2 2 8 0 1224.70843664
4 4 1 1 2375.39677282
8 2 2 1 2026.96676473
1 4 1 0 767.45999394
32 1 8 1 1429.83513404
32 2 2 0 3199.4452469
4 2 32 0 1180.00655353
8 2 4 0 1844.66779789
2 2 2 1 1052.8629644
4 2 4 1 1686.47353755
2 4 8 0 1450.28785881
16 4 2 1 3390.53923627
32 2 2 1 3289.95317819
1 4 4 1 1920.0171308
1 2 8 0 803.14535643
4 2 1 1 1454.52712919
2 4 32 0 918.810396283
8 4 32 1 1027.84047042
1 8 4 1 615.526755456
16 4 16 1 1533.06202863
1 4 2 0 1699.57306562
2 4 1 1 1516.1936538
4 2 4 0 1364.72469889
32 2 32 1 1758.10505511
1 8 1 0 1019.2776193
2 4 1 0 1721.68297411
8 2 8 0 1737.43389703
1 4 16 0 780.15084104
2 2 4 0 1246.93310878
1 2 16 1 1062.07545831
8 4 32 0 1751.34845088
32 4 32 0 1281.78014606
32 4 2 0 5048.44248692
2 8 32 1 1296.14343458
32 8 16 0 2662.37288564
32 8 2 1 6667.54934167
16 8 4 0 5085.971782
8 1 16 0 766.127971431
2 8 1 0 1470.09159588
1 1 16 0 567.087957228
8 1 32 1 729.53821016
8 1 8 1 738.539814716
2 1 1 0 1248.16898356
8 1 2 0 745.952336567
8 8 8 0 2488.27384334
16 8 4 1 4601.5145329
8 1 16 1 702.071286539
16 8 16 0 2421.77120545
4 1 32 1 739.290089789
4 1 2 0 777.620684967
4 1 2 1 774.594925937
32 8 1 0 7774.40392972
2 8 8 0 1492.36642363
2 1 32 1 769.163484714
2 1 32 0 954.91167573
32 8 4 0 5307.68608184
2 8 16 0 1578.52622329
4 8 2 0 2023.0650234
2 1 4 1 758.223836737
8 1 4 0 726.325028462
2 1 16 1 740.79822253
8 8 2 0 2313.88633602
2 1 8 1 603.73431893
8 8 8 1 2635.10386728
1 8 32 0 1745.42588029
8 1 4 1 765.110529753
32 8 4 1 4450.50749968
4 8 4 1 2095.02697084
1 1 1 1 935.584435708
16 8 16 1 2188.32131022
32 8 16 1 2673.29473967
4 1 32 0 766.856689093
16 1 2 1 739.746954862
4 8 32 1 1978.3718168
4 8 1 1 1835.26838526
32 8 2 0 6300.35595491
2 8 2 1 1194.11835662
16 8 8 1 2857.10904695
4 1 4 0 762.757143518
1 1 32 1 1724.60799203
32 8 8 1 3865.54024794
32 8 32 1 1671.85949113
8 1 32 0 682.069899667
16 1 1 1 711.936948155
8 8 32 0 1874.69136338
4 1 4 1 750.604882098
2 8 4 0 1619.44623142
4 8 8 1 1970.2294445
8 8 4 1 3324.88915302
1 1 2 0 419.076899438
2 8 4 1 1592.43091686
2 1 4 0 774.317890019
1 1 8 0 1734.03053777
2 1 16 0 771.74463738
32 8 32 0 2188.52699639
2 8 1 1 1357.83328044
1 8 16 0 1357.30072824
8 8 2 1 2539.86676566
1 8 16 1 640.949116435
4 1 8 0 767.056354641
16 8 1 0 7377.45914584
4 8 4 0 2169.5293512
16 8 2 1 4763.48178758
4 8 16 1 1930.48301196
16 1 8 1 746.359884801
8 8 16 1 2182.75150009
2 8 2 0 1369.24538475
8 8 4 0 3814.71520259
4 8 2 1 2114.78365722
32 8 8 0 3773.24492625
16 8 32 0 1743.91416689
4 1 8 1 741.613360801
16 1 2 0 712.582563005
8 1 1 1 767.220719679
1 1 8 1 330.807620699
16 8 32 1 1370.59395552
2 1 2 0 819.368531436
8 1 1 0 750.976077711
1 1 2 1 313.400582305
8 1 8 0 752.645955894
1 1 32 0 1049.65313925
16 8 8 0 3541.67609535
8 8 1 1 2146.48984603
2 8 8 1 1271.18867867
32 8 1 1 8507.73031744
4 1 1 1 732.575583472
1 1 4 1 1723.62565693
16 1 4 1 753.005585857
2 8 32 0 995.067290035
1 8 8 0 2005.6500222
8 8 1 0 3244.05479737
2 1 8 0 698.259296385
4 8 16 0 1936.36793308
1 8 32 1 946.03496753
4 1 16 0 760.645499137
16 8 1 1 6618.48343708
2 8 16 1 884.187717064
4 1 1 0 756.364907659
1 1 4 0 1033.06984298
4 8 8 0 1899.91686199
16 1 4 0 760.87704696
8 8 16 0 2217.74026466
2 1 1 1 755.108016689
4 8 32 0 1352.77925529
8 8 32 1 1596.74377588
4 1 16 1 758.292930975
8 1 2 1 703.939061022
16 8 2 0 5934.63356392
1 1 16 1 297.643352743
4 8 1 0 2215.93682042
16 1 1 0 696.122272174
