8 32 8 1 524.911117711
16 8 2 0 522.186807609
4 16 1 0 478.851962741
2 16 32 0 665.753923137
2 32 32 0 601.230390412
8 16 4 0 589.009826922
8 16 16 1 548.010097902
1 32 1 1 236.078758262
4 32 32 0 487.207592092
32 16 1 1 591.577066065
1 32 8 1 409.443126324
2 32 1 1 365.901040684
8 16 8 0 643.290500013
2 16 16 0 408.622000199
2 16 4 0 559.445741969
2 32 8 0 585.748496645
4 32 4 0 642.561828219
1 16 16 1 440.329206155
4 32 4 1 570.37435208
4 16 8 0 705.018055377
8 16 8 1 634.42714695
16 16 4 1 632.331423485
4 32 1 0 500.474413331
1 32 2 0 326.580376119
8 16 16 0 703.806915193
32 8 16 1 595.800846554
1 16 8 0 432.879687896
2 16 32 1 633.007910223
32 8 2 1 573.6356118
1 16 8 1 445.867221346
1 32 16 1 429.50984395
2 16 1 1 372.872896221
32 16 16 0 784.608437826
1 32 4 1 396.879028725
4 16 32 1 430.98532029
32 16 1 0 628.376484058
2 32 2 0 469.834638527
16 8 8 1 525.782106846
1 32 16 0 442.884480914
16 16 16 1 642.677441226
4 16 4 0 618.513078945
4 16 8 1 664.546822423
1 16 4 0 406.049007261
1 16 2 0 296.956822866
32 16 2 1 461.199089011
32 8 8 1 701.44054474
16 16 1 1 579.456444252
8 32 4 1 514.052765506
4 32 2 0 457.343333338
8 16 32 0 536.493329664
4 16 32 0 592.730809226
2 16 2 0 451.595925456
8 16 4 1 431.61572998
1 16 1 1 245.97024423
4 16 16 0 648.241117722
1 16 4 1 417.18442267
1 32 1 0 240.716452707
2 32 4 1 530.258824395
32 16 4 1 675.237072387
16 16 4 0 595.147636013
1 16 16 0 453.027123748
1 16 1 0 257.105931982
4 32 8 0 723.460767214
8 16 2 1 500.772885046
32 16 32 1 708.005251486
4 16 1 1 458.786393229
16 16 32 1 673.230051463
16 16 1 0 586.450840619
1 32 8 0 420.533030677
32 8 8 0 728.392117896
16 8 8 0 533.283385745
16 16 32 0 558.366230982
32 16 8 0 591.2912395
8 16 1 1 534.868255568
16 16 16 0 825.377937808
2 32 2 1 358.140882012
2 32 1 0 307.285710205
2 16 16 1 432.618502432
4 16 2 1 541.016691772
16 8 16 1 751.680274868
8 32 1 0 446.262275421
32 8 4 1 657.511836399
16 16 2 0 547.290501188
32 8 16 0 597.193083831
2 16 2 1 313.578769654
8 32 1 1 533.852396579
8 16 32 1 652.533441977
16 8 4 0 740.979030292
16 8 4 1 470.866609738
2 32 16 0 530.989010011
32 8 32 0 639.60032699
2 32 32 1 519.740626375
4 32 8 1 606.605708992
32 16 8 1 653.483876109
2 16 4 1 595.256528694
8 32 2 0 419.418932214
2 32 8 1 495.871892481
2 32 4 0 411.66906259
4 16 4 1 655.476563615
32 8 2 0 576.791207298
16 16 8 0 589.630442607
2 16 8 0 620.044474807
8 16 1 0 640.926035677
32 8 4 0 768.965673335
16 16 8 1 671.284100231
8 32 2 1 536.661595308
16 8 32 0 720.603052979
32 8 1 1 481.622169314
2 32 16 1 580.664988799
1 32 2 1 287.943727204
4 16 2 0 605.387092124
1 16 32 1 408.084112521
1 16 32 0 467.983042268
4 32 16 1 444.691792378
4 32 16 0 640.117268584
8 16 2 0 685.789228791
2 16 1 0 390.690834114
32 16 2 0 670.96070661
4 32 32 1 576.708535663
16 16 2 1 685.049484406
1 32 32 1 414.299748328
2 16 8 1 497.04184079
32 8 32 1 620.610947643
4 32 2 1 520.580819597
4 32 1 1 459.863003476
16 8 16 0 565.027035494
1 32 32 0 450.403893715
4 2 4 1 293.93569595
2 1 32 1 273.203978065
32 32 2 0 596.13249895
16 32 32 1 619.413932327
8 1 2 1 357.252023863
1 1 2 0 94.3873941947
4 1 1 0 213.62300188
2 1 8 1 252.496522153
1 2 16 1 152.364090127
8 1 32 1 470.259131964
32 32 1 0 695.748863789
32 1 8 0 599.803596072
2 1 16 0 318.132044027
16 32 2 1 423.616240362
16 32 16 1 571.347792316
16 32 4 0 768.475309241
4 1 4 0 370.272920414
16 1 2 0 443.134977675
8 32 8 0 482.347522315
32 1 2 0 398.10948561
16 32 32 0 797.041850441
4 1 8 0 428.563266446
1 2 2 0 98.3842431877
1 2 32 0 166.276724531
8 32 16 1 560.762951986
2 2 32 0 258.165215528
1 1 8 1 203.288402836
2 2 2 1 164.539897274
1 2 16 0 139.952908268
16 32 1 1 479.322676794
32 1 1 0 398.556259897
2 2 1 0 132.413873129
32 32 1 1 614.745744652
32 1 32 1 486.771444005
1 1 2 1 98.5882970649
8 2 1 0 360.680709934
32 1 16 1 508.13875113
8 32 16 0 671.376934214
1 1 4 0 146.284575666
8 1 2 0 430.972060229
2 2 4 0 246.735794245
4 1 4 1 314.728081359
16 32 4 1 514.29051875
8 32 32 1 632.082738227
4 2 2 0 298.699578453
32 32 32 1 589.202833318
32 32 16 0 759.602926623
32 1 8 1 472.471229241
4 2 8 1 424.1295906
4 1 32 1 354.836481579
2 1 16 1 268.283638693
16 1 32 0 510.122208903
16 32 1 0 659.796892492
4 1 2 1 224.042712277
1 2 32 1 150.393213414
16 32 2 0 688.677202731
2 1 2 1 139.285575735
4 2 16 1 392.738998989
2 1 1 0 121.135589598
16 1 1 1 322.902866517
8 1 4 0 471.820139387
8 1 8 1 473.764296743
16 1 16 0 448.234646545
2 2 4 1 238.67551258
1 2 1 1 74.4256043252
4 2 1 0 229.866818807
1 1 4 1 149.025687119
2 2 32 1 317.700119291
16 1 1 0 413.241506104
4 1 2 0 284.356333745
32 1 16 0 329.807656895
8 32 32 0 660.861795447
4 2 2 1 291.999151181
2 2 1 1 124.407939672
4 1 16 0 387.223704349
16 1 32 1 471.570604854
16 32 8 1 530.907330564
4 1 16 1 314.070925542
1 1 32 1 205.983454715
2 1 2 0 170.075114984
4 1 8 1 356.455358733
8 1 8 0 498.870129227
4 1 1 1 196.156249494
2 1 32 0 288.452550226
16 1 8 1 439.360348184
4 2 32 1 361.246666761
1 1 16 0 165.271083094
8 1 32 0 452.234301618
32 32 4 0 745.968058729
8 1 16 0 477.106746896
1 1 32 0 172.101267581
4 2 1 1 213.733890824
4 2 32 0 449.235436945
32 32 4 1 508.849924953
32 1 2 1 362.415307529
4 2 4 0 395.657995299
2 1 8 0 290.09916109
16 1 8 0 480.190339946
1 2 1 0 72.0610333797
2 2 8 0 318.863352064
8 2 1 1 300.405548073
1 2 8 1 199.938849403
32 1 4 0 408.426501427
32 32 2 1 668.795373522
32 32 8 0 741.340863827
1 2 4 0 156.52759233
16 1 2 1 435.052570875
8 1 4 1 441.450273202
2 1 1 1 109.175315832
4 2 8 0 374.617454136
1 2 8 0 199.135929282
4 2 16 0 365.884339743
16 1 16 1 464.492573796
8 1 1 1 281.854306983
32 1 4 1 426.282992001
16 32 8 0 560.589369177
1 1 16 1 157.760555296
32 32 8 1 651.158097857
2 2 8 1 279.817880445
32 32 32 0 560.331928382
32 1 1 1 370.087828329
1 2 4 1 143.417604505
16 1 4 0 435.117116417
1 1 1 0 67.5422657737
32 1 32 0 458.201732093
8 1 1 0 318.612845744
2 2 2 0 179.304135611
16 1 4 1 443.06110818
2 1 4 1 210.846687567
1 1 8 0 198.519201001
2 2 16 1 302.407885208
4 1 32 0 398.934941726
32 32 16 1 660.965754031
8 1 16 1 382.563964533
2 1 4 0 250.147728481
16 32 16 0 625.759334962
8 2 2 1 352.20101771
2 2 16 0 297.408373587
1 2 2 1 106.309452775
8 4 4 0 420.921886954
1 4 8 0 159.84727313
4 4 1 1 190.304195222
2 8 8 0 279.533222676
8 2 4 0 508.968770288
32 2 1 1 418.487341851
8 4 1 0 299.040619599
4 8 2 0 269.217879906
1 4 8 1 142.682349703
1 4 1 0 70.4909141127
2 4 1 1 125.557701833
32 2 32 0 599.473571224
8 4 8 0 459.739402458
1 4 32 0 167.762890199
8 8 16 1 411.604193665
32 2 8 0 353.463660794
1 8 2 0 96.262241775
2 4 4 0 230.418527091
16 4 16 0 474.40338078
32 4 1 0 314.03428673
2 4 16 0 272.536899101
1 4 2 1 99.8907574195
32 2 2 0 415.545819953
8 8 4 0 404.898063995
4 4 4 0 339.037038496
2 4 2 0 181.854474355
16 4 2 1 399.586157695
8 2 8 1 431.001529082
16 2 2 0 482.894224006
16 2 4 0 614.405021395
1 4 4 0 150.514140514
32 4 16 0 414.676058104
4 8 16 1 346.144690618
32 4 8 1 365.645350934
1 8 8 0 160.856722995
1 8 4 1 145.107315133
2 8 32 0 276.511729386
4 4 8 0 379.693999626
2 4 32 0 254.210037908
2 8 2 0 165.233511036
1 8 16 0 151.053469503
16 2 16 0 522.810279259
32 2 2 1 409.812778391
8 8 32 1 404.596781901
8 8 4 1 364.366687461
8 4 1 1 269.152115421
4 4 32 1 357.01680224
32 2 4 1 405.461084292
16 4 1 1 364.761536954
8 8 2 0 354.725407974
32 4 2 1 398.534394545
16 2 2 1 427.365628911
2 4 32 1 232.441733652
32 4 16 1 402.821293954
4 4 16 0 364.924370885
2 8 1 0 117.771930732
4 8 1 1 207.210303623
1 4 4 1 149.746322358
2 4 4 1 218.39847491
8 4 32 0 442.207278376
4 8 8 0 358.890615824
4 8 4 0 328.690685609
4 4 8 1 337.403427403
8 2 4 1 489.471326793
2 8 1 1 112.071710329
8 2 32 1 502.970674447
8 2 16 1 486.062497093
32 4 4 1 396.805299009
16 4 16 1 504.087133654
16 4 2 0 381.666517339
1 4 1 1 70.2855454228
32 4 32 1 380.81252012
4 4 32 0 360.936779019
8 8 8 0 407.257845583
4 8 2 1 226.528672067
16 2 4 1 407.842615161
1 8 32 1 201.536926494
2 8 16 0 309.881492501
16 2 1 0 421.471065048
16 4 32 0 510.996675434
2 8 32 1 246.282118919
4 8 8 1 338.807392494
32 2 1 0 453.721186628
16 4 8 1 445.988712892
8 4 2 1 316.65582673
8 8 8 1 384.057934984
8 8 2 1 286.271058722
4 4 16 1 366.842409043
32 4 1 1 354.815616371
2 4 8 1 277.187930787
1 4 16 1 208.702265755
8 8 16 0 391.196379935
8 4 16 0 456.473567719
4 4 2 0 282.258151958
4 8 4 1 318.45651775
1 4 16 0 149.141896918
8 4 2 0 346.772130758
4 4 4 1 303.41610297
8 4 16 1 277.300560122
32 4 32 0 456.754472714
2 4 1 0 131.058585347
32 2 4 0 365.043225456
2 8 4 0 235.68686481
1 8 32 0 204.761024102
8 2 8 0 485.634630984
8 8 32 0 424.820095411
1 8 4 0 139.569326739
16 2 8 1 507.296139463
2 8 16 1 277.114401063
32 2 8 1 400.370174474
16 2 32 0 459.3485462
8 2 2 0 430.633593624
16 2 1 1 414.937192442
16 2 16 1 530.503401854
1 8 1 0 71.7547131087
32 4 2 0 451.416544336
2 4 8 0 249.443849893
8 4 32 1 461.21166645
4 8 32 0 394.96831058
8 2 16 0 534.426275979
32 2 32 1 416.864917399
16 2 32 1 531.101891918
4 4 2 1 229.239472763
2 8 8 1 225.730301455
4 8 16 0 385.157631453
1 8 1 1 72.8611549589
16 4 4 1 429.925858691
1 4 2 0 95.7060943731
32 2 16 0 476.513949421
16 2 8 0 573.830408355
8 8 1 0 318.669607544
1 4 32 1 159.855318462
2 4 16 1 257.525949291
2 8 4 1 247.443317204
4 4 1 0 201.530438254
2 8 2 1 164.738012819
8 2 32 0 521.337282848
8 8 1 1 301.060266369
4 8 1 0 212.509115127
1 8 16 1 155.339252768
16 4 8 0 461.594935869
32 4 8 0 377.488780179
8 4 8 1 423.831265028
32 4 4 0 431.985535794
32 2 16 1 539.414771943
1 8 2 1 101.259600537
1 8 8 1 192.085325704
16 4 32 1 508.06524755
2 4 2 1 160.060870348
4 8 32 1 379.364279473
16 4 4 0 508.538304267
16 4 1 0 336.598124699
8 4 4 1 354.087075771
4 16 16 0 346.007064445
2 32 1 0 124.128618328
1 16 32 1 144.456752124
2 16 1 1 119.22842564
32 8 8 0 360.272907436
32 8 1 1 345.657819847
2 16 2 0 167.834347811
32 16 32 0 433.899071554
16 32 4 1 364.361729709
2 16 4 0 224.327722011
8 32 32 1 355.256088284
16 16 8 1 484.410888407
1 16 1 0 67.24936024
8 16 8 0 440.695357677
4 16 2 1 245.788742091
8 32 32 0 414.802216584
4 32 2 0 278.236073983
4 16 4 1 318.862719258
1 16 4 1 139.54468393
16 32 32 1 395.739893411
8 16 32 0 455.71182908
4 32 32 0 404.930618104
2 32 2 1 157.615790454
2 32 16 1 180.899808736
4 16 8 1 359.939831192
8 16 16 1 388.952491636
8 32 4 0 419.113274509
16 16 1 0 291.807902019
2 32 8 0 255.918767886
1 32 1 0 70.4699298719
32 16 32 1 335.827952025
16 8 2 0 454.825305877
8 16 4 1 355.82639612
16 32 16 0 487.767532445
16 16 32 1 407.803441628
16 16 2 1 339.827711402
2 32 1 1 112.511520631
4 16 32 0 375.858821928
16 32 2 1 348.741894562
8 32 16 0 446.616566266
2 16 32 0 287.322378476
16 16 16 1 361.056788456
1 16 8 1 148.143505224
4 32 4 1 304.115499805
16 32 1 1 297.999665642
32 16 4 1 430.332040395
4 16 16 1 271.600261159
16 8 4 1 320.718944016
16 8 1 1 351.48436989
2 32 32 0 309.130454436
32 16 1 0 390.459660956
1 32 1 1 71.0794125153
1 32 32 0 150.797023511
4 32 1 0 214.975545022
32 16 2 0 409.421336183
4 32 4 0 356.364841678
16 8 32 1 408.822304452
1 16 2 1 96.2425238414
32 16 1 1 383.976859689
1 32 2 0 99.0332947456
16 8 16 0 449.4235305
8 16 2 1 306.975792145
8 16 1 1 267.545310886
16 32 8 0 462.051391495
16 16 16 0 485.377059411
32 8 4 0 359.638557253
1 32 32 1 140.208598439
32 16 2 1 436.979313653
8 16 8 1 395.543517071
32 16 8 0 517.063094264
1 32 16 1 147.332092643
32 8 4 1 413.22070873
2 16 8 1 286.901110141
8 16 32 1 417.183628896
2 32 2 0 151.276732008
4 32 2 1 243.793247782
16 32 8 1 380.833846923
8 16 4 0 378.780953941
1 16 32 0 135.138624866
1 16 2 0 93.1010850224
2 16 32 1 237.161693636
1 16 4 0 143.449111095
8 32 2 0 353.068324488
16 8 32 0 327.143839311
8 32 2 1 274.035951352
32 16 16 1 352.312121444
32 16 8 1 440.465837112
16 8 8 1 476.245974137
1 16 16 0 200.120733965
1 32 8 0 152.313284644
2 16 1 0 126.919707383
4 32 32 1 314.316459912
8 32 4 1 340.174871085
4 32 8 0 358.413795179
2 16 8 0 277.760345327
16 8 16 1 525.558985683
4 32 16 1 317.22572591
1 32 4 1 135.961076991
32 8 16 1 399.762677354
16 8 4 0 415.351279314
8 16 1 0 293.285016885
2 32 8 1 252.754324611
32 8 8 1 437.178785991
32 8 32 0 466.448292368
16 16 4 0 374.297992651
16 8 8 0 528.195652556
16 32 1 0 368.929086142
2 32 4 0 243.640444174
1 16 1 1 69.1188476703
4 32 1 1 200.105813906
16 16 2 0 462.925377762
32 16 16 0 397.703470766
16 32 2 0 420.351387557
4 16 2 0 253.543977438
2 16 2 1 160.410349018
32 8 16 0 426.545742738
4 16 1 0 201.461487495
1 32 2 1 94.8499533125
1 16 8 0 160.585939785
4 16 32 1 355.646385535
2 32 32 1 214.962940624
4 16 8 0 380.319325852
32 8 1 0 434.012532412
8 32 8 1 316.517000244
4 16 4 0 331.659400868
16 8 1 0 400.938986458
8 32 1 1 264.047488556
8 32 8 0 327.035862231
16 32 4 0 463.110638029
1 32 8 1 140.932604634
32 8 2 1 339.434417269
16 16 32 0 483.539618194
32 8 32 1 397.533277397
2 16 16 1 273.088416795
8 16 16 0 429.435400622
8 16 2 0 375.925363506
16 32 16 1 396.167934942
8 32 16 1 384.871261894
16 8 2 1 381.627678404
32 8 2 0 487.634444552
4 32 8 1 295.747686968
2 32 16 0 298.190427677
4 16 1 1 198.125170662
16 16 8 0 538.021847386
4 32 16 0 367.321763423
2 16 4 1 172.690302015
16 16 4 1 410.007928934
1 16 16 1 139.342200424
2 32 4 1 213.389292791
1 32 16 0 159.079757659
32 16 4 0 398.013225387
1 32 4 0 157.224364316
8 32 1 0 254.21252214
16 16 1 1 312.595708273
2 16 16 0 278.910065344
1 1 8 1 79.4373591914
8 1 1 1 82.406472861
2 2 16 1 76.9582010063
8 2 2 1 78.5247642859
8 1 1 0 86.965843142
32 1 8 0 79.5673363844
4 2 32 1 93.0902481864
32 1 2 1 84.063316521
16 1 2 1 83.1099874515
1 2 8 1 82.1611681296
2 1 2 1 79.0498856343
8 2 4 0 94.2380175405
4 1 4 0 86.7277380147
2 2 32 1 80.2182624796
1 4 32 1 77.1595632302
1 2 2 1 47.5200043345
1 4 16 1 77.9385065712
1 4 16 0 72.7379575969
16 2 8 0 63.8591643117
2 1 4 1 60.6404452538
1 2 4 1 65.0171544956
8 2 2 0 91.3168145741
8 1 8 0 88.7023026999
16 1 16 0 93.8442717305
8 2 1 0 82.6158355656
8 2 1 1 80.3462985733
1 4 1 0 49.2745768979
4 1 1 0 87.7659330173
32 2 2 0 76.6545269809
32 2 32 0 73.7427487801
32 1 1 1 72.5055269634
16 32 32 0 499.447095891
2 1 4 0 86.9806621968
8 2 16 0 87.8158515361
8 1 32 1 87.5095304763
4 1 8 0 98.9670719624
1 1 2 1 68.6363645346
2 2 8 0 96.8548145273
1 1 1 0 46.9929673341
4 2 2 1 88.167477736
4 2 16 1 92.5230058282
8 2 32 1 83.0011777176
4 1 2 1 74.7145780896
32 32 16 1 346.865827069
32 2 1 1 72.3984863372
8 1 2 1 90.1181876726
2 1 8 0 84.0575569961
16 1 8 0 92.2418799042
16 2 1 0 84.8906901961
16 1 16 1 94.8615126867
2 1 16 1 98.3610741269
2 4 1 1 55.1476341812
32 32 2 1 386.256542716
2 1 32 0 82.4157897259
16 2 2 0 83.6239569817
2 1 16 0 85.1728626262
8 2 4 1 87.2032728872
8 1 2 0 95.9653760668
4 1 1 1 74.4951203199
1 2 32 1 67.6484132048
2 2 8 1 84.7702377103
1 2 4 0 69.6930192188
4 1 2 0 85.6281339368
32 32 16 0 432.098544832
4 2 1 0 76.0872907139
32 2 4 0 64.2107693129
1 2 16 1 73.6410831861
16 2 1 1 68.4581618294
32 2 16 0 71.2193349671
16 1 1 1 63.0859431373
16 2 4 0 68.930511143
4 2 8 0 82.5153895718
8 1 4 0 96.9625803119
32 2 16 1 61.9252685888
1 2 2 0 59.3563599009
2 1 32 1 88.228353455
2 2 16 0 105.270410489
4 1 32 0 94.902982692
16 1 32 0 81.685083936
1 2 32 0 79.5653145729
1 1 16 0 72.3778052915
2 2 32 0 93.9292030612
32 2 1 0 69.5253687886
1 4 8 0 78.8603196154
32 32 32 0 396.004832536
16 1 32 1 77.0669285305
32 32 32 1 344.121016356
1 2 1 0 39.9241189594
32 2 8 0 85.1956353864
16 1 1 0 74.6874686983
1 1 2 0 66.5062449231
1 4 8 1 70.8903231666
16 1 8 1 71.4073714039
4 1 8 1 80.7410612058
2 2 4 1 77.1808812417
2 1 2 0 67.36060287
32 1 8 1 68.7794995669
8 2 16 1 86.9523193036
32 1 1 0 63.0723747578
1 2 1 1 47.7304751601
16 1 4 0 68.8149872813
1 4 2 1 57.0231671977
8 1 32 0 88.1446367372
8 1 4 1 88.9696994576
8 1 16 0 91.6814367261
4 1 32 1 91.6886891472
4 1 16 1 92.8051937045
1 1 32 1 75.0184094429
16 2 16 0 73.2198480333
16 1 4 1 86.0572298193
8 2 8 1 81.9605488627
1 4 4 0 55.4070182733
4 2 8 1 65.2186630826
1 4 1 1 45.224459416
16 2 32 1 62.7137556168
32 32 8 1 359.270828732
1 1 16 1 80.0325095643
32 2 2 1 84.1127663753
4 2 4 0 92.5225896254
32 2 8 1 77.296521326
2 1 1 1 61.4689960096
32 1 4 0 63.5442956417
2 2 1 0 68.3937574814
4 1 16 0 89.4293545765
1 4 4 1 69.8960534557
2 4 1 0 53.6324370727
2 2 4 0 86.5840060368
1 1 1 1 35.9882070492
4 1 4 1 79.1618062734
16 2 4 1 77.6219844935
16 2 8 1 84.8598687845
4 2 16 0 81.4172714929
32 32 1 1 366.418907369
32 1 2 0 59.9511869855
16 2 32 0 98.3848389485
32 32 4 0 428.261336876
16 2 16 1 69.3509110326
32 2 4 1 48.4198583745
16 1 2 0 80.0164779283
32 2 32 1 76.803139576
16 2 2 1 82.9534391378
2 2 2 1 81.5944772375
1 2 16 0 75.6730493599
8 2 8 0 95.1462570595
4 2 32 0 96.6141517268
32 32 2 0 447.8311576
2 1 1 0 64.5792697785
1 4 32 0 80.8542479633
8 1 8 1 89.0619931267
4 2 2 0 75.1196715835
32 1 32 1 64.2025790976
32 32 1 0 349.114253724
1 2 8 0 75.3402001465
2 2 1 1 68.1203028163
32 1 4 1 56.7930588074
1 4 2 0 56.2054403962
2 1 8 1 80.1910219961
4 2 4 1 74.2589069943
1 1 8 0 92.428281699
1 1 32 0 71.0408250892
4 2 1 1 65.5092004096
2 2 2 0 72.2141434552
1 1 4 1 75.4008702479
32 1 32 0 85.8248679494
32 32 8 0 443.940728575
32 32 4 1 354.813680549
1 1 4 0 70.3818893831
32 1 16 0 58.7377067723
32 1 16 1 67.2851965145
8 2 32 0 85.661334793
8 1 16 1 80.57325722
16 8 4 0 90.5762307698
4 16 16 0 75.9852542267
32 4 2 0 66.0946663441
4 4 1 1 62.4219867996
2 8 8 0 79.4442237091
8 4 1 1 77.2354135279
32 8 16 1 66.8987303983
32 8 16 0 59.8767083557
4 8 2 0 79.8079938306
4 16 4 0 79.1198787326
2 16 32 0 67.9653383448
4 16 2 0 83.1249310871
2 8 2 1 62.273101149
2 4 8 1 78.6419284436
8 8 1 1 70.6326491462
16 4 8 0 73.6380537811
1 16 16 0 72.4520922209
1 8 16 1 70.3107576002
32 4 4 1 81.4860331637
2 16 1 1 47.0420771664
4 16 4 1 81.1612995474
8 16 1 0 83.3352770328
8 8 4 0 93.3351095701
16 8 16 1 67.3548502759
1 8 1 1 47.7856037112
32 8 1 1 79.2405388062
4 4 2 1 75.7863527965
1 8 8 0 72.5686231875
8 16 4 1 70.3790608031
8 16 8 0 84.8655671359
4 8 4 1 81.4916039432
16 4 16 0 80.8412870187
1 16 2 0 47.8189722075
1 8 1 0 48.8076470474
32 4 32 1 81.8268928972
2 4 2 0 63.0060129562
1 16 32 1 63.5624467861
8 4 2 0 75.6393163505
16 4 16 1 83.1655081823
16 4 8 1 78.6941176409
16 4 4 0 79.3873580285
1 16 4 1 65.0440732104
2 4 2 1 73.096073009
4 4 32 0 82.9109781071
4 8 8 1 72.7326266713
8 16 32 1 67.2014506202
2 8 8 1 72.1443970185
1 16 4 0 67.0334817465
32 8 2 1 54.5904622511
32 4 8 1 65.1119667575
2 4 32 1 80.3257796807
8 8 32 1 74.175677626
4 8 1 0 71.2281606794
1 8 32 0 78.5265630819
8 16 1 1 76.6989342484
8 4 16 0 86.7691390917
2 16 4 1 68.7508743874
8 4 2 1 85.9064362188
32 4 8 0 88.5574742633
2 4 32 0 74.0883277442
16 4 2 0 78.6112525755
4 8 2 1 73.6690730262
4 16 8 0 80.622477284
1 16 1 0 49.2342033712
2 16 8 0 73.125780801
2 4 4 0 75.8723874342
8 16 4 0 73.0473902062
2 8 1 0 58.824672992
2 8 4 0 77.297911134
2 16 1 0 60.6022548051
16 4 32 0 79.2149332612
16 8 1 0 79.7096338264
2 16 4 0 79.6410426556
4 16 32 1 68.5046086538
8 16 2 1 71.9232876201
32 4 32 0 64.5769718532
2 8 32 1 75.5650592472
8 16 16 0 73.2020205467
4 16 1 1 72.028333166
8 8 2 1 84.5450032396
4 4 16 1 63.8314381919
2 4 16 0 86.2325642955
1 8 32 1 74.7154082793
1 8 2 1 53.8720098039
8 8 16 1 69.9850295694
4 16 1 0 73.0373908802
1 8 16 0 72.0907647302
8 8 8 0 82.5284903554
2 16 2 0 69.7056253692
16 8 8 1 72.4376128116
32 4 4 0 73.7544512188
8 4 32 0 87.3450114293
8 4 4 1 79.8884982776
1 8 4 1 65.380774783
2 4 16 1 83.8498201652
2 8 16 0 85.4105339113
32 4 16 0 71.1478958562
4 8 32 0 82.7886837728
16 8 32 0 79.9562915138
16 8 2 1 76.564692933
16 4 1 0 86.9551015834
2 4 8 0 81.6536982933
1 16 16 1 64.3437906819
4 8 16 1 71.7456815219
2 16 8 1 65.1715345247
4 8 32 1 70.4222225489
2 8 2 0 69.7053520795
4 4 8 1 72.3125327708
32 8 2 0 65.3799027251
1 16 2 1 42.2775310777
4 4 4 0 79.7547477897
8 8 16 0 80.7425465669
2 16 16 1 72.5575298838
32 8 32 1 66.9160782685
4 8 16 0 80.8524967467
2 8 16 1 82.6634077363
2 4 4 1 78.4835556413
16 4 32 1 80.1901269679
16 4 2 1 74.1435071671
4 4 2 0 72.5495458085
16 8 1 1 71.5261667648
1 16 32 0 79.4542910061
32 4 1 1 78.1735219927
32 8 4 0 73.8257986581
16 4 1 1 73.7099581914
16 8 2 0 79.8541675469
2 8 32 0 69.1955113553
2 8 4 1 68.4885335796
8 4 8 1 77.4495803202
16 8 16 0 64.9322107634
32 4 2 1 61.5697227726
32 8 1 0 70.4877821064
32 8 8 1 68.8369208768
4 4 16 0 79.5888101374
4 4 4 1 70.1904241125
4 16 2 1 64.7006437872
4 8 8 0 88.4997200239
4 4 8 0 81.5364067631
2 8 1 1 58.2167253069
16 8 4 1 90.1243585969
2 16 2 1 66.6710066168
4 8 1 1 63.2180432604
8 4 32 1 80.2350440242
8 8 1 0 74.304023302
8 8 32 0 78.6479367619
1 16 1 1 44.2240388947
8 16 8 1 68.2919554403
32 8 32 0 87.6346412108
8 4 1 0 77.2815498846
8 8 2 0 84.7132180403
2 16 16 0 79.9009302981
16 4 4 1 83.9367218571
4 16 16 1 68.4422559099
1 8 4 0 68.8560072951
16 8 32 1 66.6123178871
16 8 8 0 75.094143616
4 16 32 0 74.2208451222
1 8 8 1 61.1725040594
32 4 16 1 72.527775427
8 16 16 1 77.5858147963
1 16 8 1 61.3252044165
32 4 1 0 68.8696553298
2 16 32 1 71.8253195311
4 16 8 1 51.0063977223
8 4 8 0 81.0341728586
8 4 16 1 76.2524628124
4 4 32 1 80.0433434071
1 8 2 0 54.3125123909
8 8 8 1 70.5753802167
8 16 2 0 65.4482381897
32 8 8 0 67.1552702301
4 4 1 0 70.3621884906
32 8 4 1 63.4702200061
8 8 4 1 80.7683595565
8 4 4 0 84.9168042659
4 8 4 0 84.7523752974
1 16 8 0 79.5708310412
1 1 4 1 112.905069871
8 32 4 0 67.7147777605
16 16 1 0 81.0139080789
2 32 32 1 67.8756181942
2 1 2 0 105.778873515
16 32 8 0 76.6588740768
32 16 1 0 67.6462537514
8 1 4 1 143.33379658
16 32 16 1 57.8820068529
8 16 32 0 80.0373032085
1 1 8 0 127.330565753
4 1 4 1 143.195911566
4 32 2 0 78.7142779209
32 32 4 0 62.1937485207
2 1 1 0 93.1691569869
4 1 2 0 128.745609866
32 32 2 0 67.922161638
16 1 4 0 155.200493728
8 1 32 1 166.830200725
16 16 1 1 73.851370916
4 32 16 0 74.5015329016
4 32 8 1 56.5312006415
8 1 8 1 130.694370437
2 1 16 1 157.279029849
16 16 2 0 71.682141261
2 1 32 1 137.254624034
16 1 1 0 145.830603798
4 1 2 1 148.815007378
32 32 16 1 52.4285903643
16 32 4 1 65.0363625936
1 32 32 1 57.157296046
32 32 8 1 51.148748094
16 16 16 0 74.045009534
8 32 32 1 65.602422145
4 1 1 1 117.29534151
16 16 32 1 65.0022835743
32 16 8 0 63.1623071453
2 1 4 0 141.457384915
8 1 32 0 197.846851343
8 1 2 0 143.363378624
8 32 4 1 73.4922037126
16 1 8 1 152.346810946
1 32 8 0 76.4845876117
1 32 2 1 49.30847261
16 32 32 0 73.3742144392
32 16 4 1 59.0163058005
4 1 4 0 123.475644135
16 32 8 1 62.4554063945
16 1 2 0 142.211934901
16 1 1 1 66.7899569245
8 1 4 0 151.185870188
8 1 8 0 151.399444721
8 32 16 1 79.4482130141
2 32 16 0 53.5764842079
2 32 2 0 62.306561317
2 32 8 1 62.0169910258
2 32 8 0 72.9390593311
2 32 2 1 56.2970027219
16 16 32 0 80.4164618632
4 32 8 0 66.2991568952
1 1 2 1 76.4523855972
8 32 8 1 56.3193790147
2 1 4 1 128.266439117
16 32 2 0 74.2064218665
8 32 8 0 82.2029417449
8 1 1 1 104.803721523
32 32 16 0 56.0397873866
1 32 16 1 65.4927991395
16 16 4 1 75.6792350069
32 32 8 0 57.4376879168
2 1 8 0 139.51947024
32 16 32 0 64.2802303199
16 32 1 0 80.1997403715
4 32 2 1 65.8290598205
32 16 32 1 71.3391157118
32 16 2 1 68.0795800308
1 32 16 0 68.0029442444
8 32 1 0 69.6413779386
1 1 32 0 121.655697028
16 32 1 1 64.5258039127
16 1 4 1 155.12785765
4 1 16 1 156.13132669
4 1 8 0 155.199299601
2 1 1 1 90.4505640766
32 32 32 1 48.8053988823
16 16 4 0 83.1337193208
4 32 1 0 67.3460200095
1 1 2 0 76.6985306788
16 1 2 1 182.003790677
32 16 1 1 61.973331071
16 32 4 0 72.35602305
2 32 1 0 52.135175318
2 32 32 0 74.4947182476
1 1 16 1 117.972033112
32 16 16 1 55.3734614608
1 32 1 1 37.907517903
16 1 32 1 169.72101064
1 32 32 0 66.5871162781
4 1 1 0 122.907962425
2 1 8 1 138.319263979
2 32 1 1 42.3405602462
4 1 32 0 189.387627754
4 32 16 1 62.5225319281
4 32 4 1 64.6300686263
1 1 32 1 129.539492364
2 1 32 0 138.736367305
4 1 16 0 145.270777602
32 32 1 0 58.7246817116
16 16 2 1 76.766992825
1 32 8 1 53.8970518629
1 32 4 1 52.8203504
16 1 16 1 148.485609234
32 16 8 1 55.3748353421
1 1 1 1 40.3628200356
8 32 16 0 74.2994549986
2 32 4 1 61.0166330173
8 32 1 1 64.7613800938
2 1 16 0 131.915799556
32 32 2 1 58.5133848415
8 1 16 0 160.151524278
1 1 8 1 112.932323962
32 16 16 0 57.9318717763
8 32 2 1 72.8078563718
4 32 4 0 82.6699094608
16 32 32 1 62.3311300306
2 32 4 0 65.5148630043
32 32 4 1 52.7045072017
4 1 32 1 179.868836312
16 32 16 0 66.8252990807
4 1 8 1 140.598461572
1 1 1 0 57.6806837367
16 16 16 1 69.8028856388
2 32 16 1 64.3275534955
1 32 2 0 44.9174813391
2 1 2 1 108.332083716
1 1 16 0 125.349522155
4 32 32 1 71.686021048
8 32 32 0 74.8173049731
16 1 8 0 155.093554473
4 32 32 0 74.0438230887
32 16 4 0 63.0015741246
1 32 1 0 47.3499635137
8 1 16 1 167.658526383
16 1 16 0 167.182008034
1 1 4 0 104.874830794
16 16 8 1 64.1640808721
8 1 2 1 145.180456224
16 32 2 1 60.3584092002
32 32 32 0 62.3054806792
32 16 2 0 59.3515405515
4 32 1 1 59.4226305126
8 1 1 0 149.742499196
8 32 2 0 79.546055181
32 32 1 1 55.0926403369
1 32 4 0 61.8330407034
16 16 8 0 71.1700093128
32 1 16 0 164.0160444
