4 4 4 0 1116.07547224
1 2 2 0 1383.8833111
2 4 1 1 786.851608046
16 1 32 0 2420.07710355
1 4 8 0 1366.73839797
32 2 32 0 2244.64233328
4 4 8 0 1273.13628506
2 2 1 0 888.216023604
2 2 4 0 815.26372232
8 2 16 1 1664.11849903
16 1 4 1 2509.94591423
32 1 1 1 2229.56993346
1 4 1 0 1105.38932122
16 2 32 1 1994.69490804
32 2 32 1 1982.9018365
2 2 16 0 866.716127833
1 4 1 1 1090.1104045
4 4 2 1 1119.95250807
1 4 32 0 1454.18296094
8 4 32 1 1463.90214179
32 1 2 0 2550.65686678
32 2 16 0 2652.36147899
8 4 8 1 1026.6550037
4 2 2 1 1291.0009522
8 2 8 0 1771.44331422
16 1 16 1 2062.71262823
8 1 32 0 1966.65425766
16 2 8 1 2059.86111323
1 2 16 0 306.222387465
8 2 32 1 1522.98968236
2 4 4 1 815.216783846
2 4 32 1 762.18248875
4 4 1 0 1158.68227796
16 2 16 1 2154.19002805
1 2 32 0 1124.99512675
4 2 8 0 1201.66397115
1 2 2 1 1430.75200411
4 2 8 1 1188.86391047
32 2 2 0 2573.37704522
32 2 4 1 2659.59321072
1 2 4 0 1471.84096604
16 1 2 0 2548.68256481
1 2 32 1 1535.99745003
16 4 16 0 2080.57713363
2 2 8 0 913.418761471
2 2 32 1 732.306296992
1 2 4 1 1185.84213645
4 2 16 1 1271.80594461
2 2 8 1 885.678098032
16 1 4 0 2489.57051441
16 4 4 0 2130.93713212
8 2 16 0 1543.81787451
8 2 1 1 1766.69566724
2 2 32 0 948.721716345
2 4 1 0 755.031071216
4 4 2 0 1202.49295651
1 2 8 0 1261.30222813
32 1 32 1 2881.45492192
1 2 1 1 1088.55351504
32 1 1 0 2419.53135835
16 4 16 1 2005.12731886
16 1 1 0 2458.20882108
8 4 16 0 1720.38874182
1 4 16 0 1108.60508618
8 2 2 0 1653.45527965
16 2 1 1 2201.17936695
16 4 8 1 1999.8135861
2 2 2 1 1000.04990222
32 1 16 1 3062.35324781
8 2 8 1 1636.42178596
2 2 4 1 912.421666501
4 2 2 0 1254.3288812
8 4 2 0 771.165301711
1 2 16 1 1347.59530486
32 1 16 0 3187.0368288
4 4 8 1 1115.00024137
16 1 2 1 2001.17924487
4 2 4 0 1093.82523195
2 4 2 0 792.094868277
16 4 2 1 2128.9890833
4 2 16 0 1442.0480321
2 2 2 0 1052.51337616
32 2 4 0 2704.44554344
16 4 4 1 2100.32656133
32 2 8 1 2287.16446916
8 2 4 0 1670.14589758
1 2 8 1 1471.71673603
32 1 32 0 2834.33481201
8 4 4 1 797.062163993
2 2 16 1 1006.03135185
32 2 8 0 2573.88838078
2 4 4 0 803.384223548
2 4 8 0 893.791385219
8 4 2 1 681.901676494
8 2 32 0 1580.78619382
32 1 2 1 3242.09897486
16 1 16 0 2575.87042185
2 4 16 1 786.193189915
8 4 1 0 1075.1612082
16 2 2 0 2096.83265538
2 4 2 1 841.615507975
32 1 4 1 2625.8493752
16 2 8 0 2097.53922833
4 4 16 1 1092.77774179
16 4 2 0 2084.04612987
1 4 4 0 1210.14200401
32 2 1 0 2615.26716922
8 4 32 0 1507.48206322
8 4 1 1 1463.95738802
4 4 4 1 1187.83004651
32 2 16 1 2481.32712899
4 4 16 0 1226.04514489
1 4 16 1 1347.29867939
1 4 32 1 1086.0666067
8 2 4 1 1636.94118576
2 4 32 0 830.138833037
16 1 1 1 2474.15796574
4 2 1 0 1266.36480144
4 2 1 1 1189.11350278
16 2 2 1 2267.07563201
16 4 32 1 2119.67334465
2 4 8 1 761.422780933
16 1 8 0 2420.66584337
16 4 1 1 2113.10795499
32 2 1 1 2441.41172047
1 4 4 1 1223.02644368
8 4 4 0 734.441877103
1 2 1 0 1027.56551983
2 2 1 1 924.277924634
32 1 8 1 2486.64682231
16 4 1 0 2164.21221924
4 16 1 1 885.74893281
4 8 1 1 871.950818432
1 32 2 1 193.558888013
4 8 8 0 1220.43426375
1 8 16 1 1235.30186112
4 16 8 1 1109.75147533
32 4 2 1 2463.15737456
2 8 16 1 860.870234825
4 16 32 1 968.090139679
8 16 16 0 774.673250555
16 8 4 0 1922.49195139
32 16 32 1 1981.81016883
8 16 32 1 921.955157048
1 8 8 1 1467.58979919
16 16 32 0 1495.34458672
1 16 16 0 202.41329438
1 32 1 0 237.454924341
16 16 1 1 1784.38660051
32 4 32 0 2116.34903696
32 8 16 1 2547.64272691
4 16 16 0 966.763794758
32 8 2 0 3059.4696249
4 16 1 0 816.289024245
2 16 8 1 500.201210051
2 16 2 0 1985.70883481
32 16 1 1 2310.98793306
2 8 2 0 741.990132755
16 16 16 1 1968.52773364
8 16 8 0 999.453007876
4 8 32 0 1405.13162101
4 16 8 0 1001.04222462
4 16 2 1 1038.25139399
16 16 4 1 1736.13854667
1 16 1 0 652.270671229
1 16 2 1 326.360002177
1 32 1 1 680.927533207
8 8 4 0 1745.96138068
4 8 1 0 1195.68102047
16 8 4 1 1809.54109944
16 16 8 0 2080.13375326
32 16 16 0 2496.24489717
32 4 4 0 2895.78680358
8 16 1 1 1577.40541606
2 16 2 1 1283.51898806
32 16 4 0 2582.66734362
1 8 2 0 784.652033549
32 16 32 0 1788.29873712
1 16 1 1 568.255262619
32 16 8 1 2419.89175223
8 16 4 0 2006.86074482
32 16 1 0 2871.82724436
32 8 2 1 2617.85181778
8 8 32 1 1809.00485332
4 8 2 0 1343.47090003
2 8 1 0 784.60993704
32 4 1 0 2872.3591322
32 4 4 1 2655.27380395
8 8 1 1 1698.86942956
16 8 2 1 2164.5534801
4 16 4 1 770.139013559
8 16 32 0 958.419135829
32 4 1 1 1937.39995353
1 16 8 0 859.719065433
4 16 32 0 1008.63346789
16 16 32 1 1753.93485347
8 16 2 0 1215.82370295
1 8 4 0 1030.31519313
32 8 16 0 2489.34367191
8 8 16 0 1623.35765559
32 16 2 0 2176.0338757
8 8 1 0 1821.50332168
32 8 4 1 2545.07849875
1 16 4 1 429.571947682
32 8 1 1 2529.86412539
2 8 4 0 746.454356689
4 8 32 1 1282.53643586
1 8 16 0 1397.91556375
4 16 2 0 1009.76121839
8 8 16 1 1603.92523467
4 16 4 0 1229.95797837
16 16 1 0 357.131505373
1 8 4 1 1396.2059085
1 16 4 0 522.214509611
1 8 32 1 1373.80144071
2 16 4 1 1337.4130408
16 8 32 0 1244.42630849
32 16 2 1 2448.78444668
1 8 1 1 843.431663356
32 16 8 0 2086.04973021
8 8 2 0 1909.62976241
1 8 2 1 905.535266324
2 8 2 1 613.616409753
32 4 16 1 2437.98463332
8 16 1 0 1488.09363423
16 8 1 1 1911.48651558
1 8 32 0 1142.11135949
1 8 1 0 1043.73896108
2 16 32 1 510.059815591
32 8 4 0 2376.83914039
1 32 2 0 507.188936723
32 16 4 1 2636.46267063
8 8 8 1 1886.00102917
1 8 8 0 506.549387691
32 16 16 1 2304.38795816
1 16 2 0 171.371952286
2 16 16 1 356.434158086
16 8 2 0 2397.10622072
4 16 16 1 960.973685332
32 8 8 1 2432.45693321
32 4 16 0 2628.05903313
4 8 4 1 1383.72523175
4 8 16 1 1202.72540434
8 8 8 0 1686.37095771
16 8 32 1 1542.62479298
32 8 1 0 1576.69815893
8 8 2 1 1921.05357527
16 16 2 1 2216.09622069
8 16 4 1 1785.06616322
16 4 32 0 1840.57973059
2 8 4 1 845.353604291
16 8 16 0 1578.40126086
32 8 8 0 2646.55298858
2 16 8 0 388.247778074
16 8 8 1 2074.55309367
4 8 8 1 1230.40441309
1 16 16 1 531.271064337
32 8 32 1 2735.96371707
2 16 1 1 887.478300266
2 16 1 0 820.970437418
16 16 4 0 1280.41267601
2 8 16 0 255.160854304
1 16 8 1 601.024566513
16 16 16 0 1659.82389503
32 4 32 1 2474.52423384
4 8 16 0 1181.38704727
8 16 2 1 1352.96536616
2 8 1 1 719.693233237
2 8 8 0 743.987654612
2 16 4 0 614.688455911
32 8 32 0 1955.14799937
2 16 16 0 526.814870176
2 16 32 0 602.44062656
16 16 8 1 2181.24462666
4 8 4 0 1034.00101983
32 4 8 0 2507.65534351
1 16 32 1 293.236593937
8 8 32 0 1668.04508595
8 16 8 1 745.406225287
16 8 8 0 1508.59215125
16 8 16 1 1419.2730699
16 16 2 0 2180.89760098
8 16 16 1 1291.74184617
4 8 2 1 1106.03716836
8 8 4 1 1591.15925103
16 8 1 0 2178.29925814
32 4 2 0 2653.85617609
1 16 32 0 441.899201645
32 4 8 1 2545.62125127
2 8 8 1 693.49071191
4 32 8 0 1444.15638451
4 1 8 1 2884.32317819
1 1 16 1 998.608036555
2 1 16 0 1537.5763687
16 32 32 1 1098.88175837
1 32 8 1 304.470841803
2 1 4 1 1705.98921852
32 1 1 0 2729.69465951
1 32 4 0 657.650562591
2 1 8 1 2486.1193272
32 1 16 1 1828.5656896
1 32 32 1 336.1940314
1 32 8 0 250.414598233
16 32 2 0 1780.30767221
2 32 16 1 607.60256565
16 1 16 0 1829.6521034
32 1 8 0 1768.44713548
16 1 4 1 1753.58557395
32 32 16 0 2225.55665189
1 2 2 1 740.231663951
8 32 8 1 1407.75874937
8 1 32 1 3110.58684955
8 32 1 0 1527.16296939
4 32 4 0 1621.92414531
4 1 2 1 2086.44998414
8 32 2 0 1633.77939927
16 1 4 0 1869.74847631
2 32 2 0 586.172498982
32 32 16 1 1849.03282002
8 1 2 1 2421.01657477
1 2 4 0 1205.57366239
8 32 8 0 1715.55149759
4 1 16 1 1660.19477187
1 2 16 1 1531.10417877
32 32 8 1 1849.34476059
32 32 2 1 1702.06038427
16 1 1 0 2140.76971955
8 1 1 0 2136.12874168
4 1 1 0 2180.01268455
1 2 16 0 1620.32180815
32 1 32 1 1446.00983134
1 1 1 1 486.80798783
1 32 16 0 736.409767781
16 1 16 1 1583.74000212
2 32 4 0 851.476204261
1 1 2 1 653.951766706
2 32 1 0 414.72211742
8 1 1 1 1640.95159362
32 32 4 0 2090.66277425
32 1 32 0 1494.858518
8 32 16 1 1511.39159029
32 1 16 0 1790.73982063
16 1 8 1 2234.32530144
4 32 2 0 1260.92474589
32 32 2 0 2411.14981096
2 32 32 0 469.036708948
4 1 2 0 2060.85908148
32 1 1 1 2280.81848361
1 1 32 1 1058.14822449
1 2 8 0 897.857599533
4 1 4 1 1870.77632943
8 32 32 0 1344.31093822
2 32 8 1 824.854664029
1 2 8 1 703.664417786
16 32 32 0 1374.6295364
2 1 32 1 1464.53190871
2 1 8 0 1434.28980564
16 32 2 1 2099.74045703
1 2 32 0 1765.90266794
8 1 16 0 1496.73019981
4 32 1 1 1041.47901196
2 32 4 1 992.534597755
16 1 32 0 1532.3776572
1 1 2 0 828.506852957
32 32 4 1 2093.368638
2 1 2 1 1745.00273402
4 32 2 1 1697.34007895
1 2 32 1 1656.35842565
8 32 2 1 1617.80281427
32 1 4 0 1843.15955273
1 2 4 1 1469.31483097
32 32 1 1 2473.64970532
1 32 32 0 772.141621568
1 32 16 1 238.104315572
32 32 8 0 2122.82287056
4 32 1 0 1731.92805865
2 1 1 1 1179.28225292
1 1 32 0 1291.19950005
4 1 1 1 1871.93047562
32 32 32 1 2030.8540212
32 1 4 1 2584.23549484
8 1 8 1 1671.05974169
2 32 1 1 408.156030046
4 1 32 1 1620.8275011
16 1 32 1 1935.52696196
8 1 16 1 1663.40751906
1 1 1 0 787.692726331
4 32 32 0 1426.41387367
4 1 32 0 1618.99003093
32 1 8 1 2061.77517795
8 1 8 0 2117.45943387
16 32 1 1 1554.00077814
16 32 1 0 1796.79124303
2 1 16 1 2145.52688004
16 32 8 1 1757.1903417
16 1 2 1 1774.23553541
4 32 16 0 1125.9551488
1 1 8 1 431.221615915
4 1 16 0 2855.07656892
16 1 1 1 2347.65988407
1 2 1 0 836.051426112
16 32 16 0 1589.47815273
8 1 4 0 2196.98770706
1 2 1 1 1302.6751753
2 32 16 0 312.458655814
4 32 16 1 1734.50534707
4 32 32 1 1175.29069559
8 1 4 1 1754.13502224
1 1 4 0 419.72255507
4 1 8 0 1558.77557098
8 32 4 0 1686.42832012
2 1 32 0 1957.04184389
8 1 32 0 1602.99923803
16 32 16 1 1887.30342552
32 32 1 0 2113.8134765
2 32 2 1 418.453852937
4 32 8 1 1568.14459547
32 1 2 1 2807.39585051
32 32 32 0 1556.98540352
8 32 1 1 1618.97894855
16 32 8 0 1624.86385266
1 1 8 0 291.871219735
2 1 4 0 1327.97665304
2 2 1 0 2695.80304731
16 1 2 0 2335.53225584
1 1 16 0 986.152177265
1 32 4 1 694.853596313
2 2 1 1 1438.82305067
2 32 32 1 383.982620286
16 1 8 0 1970.13895387
2 1 2 0 1444.05192355
4 32 4 1 810.538554599
1 2 2 0 780.029026086
8 32 4 1 1684.31971747
2 1 1 0 1755.05831571
8 1 2 0 2391.53993636
8 32 32 1 1562.24876077
1 1 4 1 763.348389269
4 1 4 0 2118.84386484
32 1 2 0 2355.332375
16 32 4 1 2106.5692241
16 32 4 0 2112.12617415
8 32 16 0 1557.67726607
4 4 32 1 1598.28540906
1 8 16 0 584.849464197
16 4 16 1 2354.26855589
1 4 1 1 634.841134515
2 8 32 1 1069.81551244
4 2 32 0 1204.05310111
8 4 16 0 1367.52485132
4 4 2 0 1567.68897285
16 4 16 0 1961.46378243
1 8 32 1 621.395663109
16 2 16 0 2202.72657894
32 4 1 1 3168.73236875
2 4 2 1 798.192943872
32 4 32 1 1673.57364698
2 2 2 0 1006.66401929
16 2 1 0 2117.53351672
4 2 8 0 2058.00587449
1 8 4 0 616.666863432
4 2 4 1 1246.90200044
32 2 8 1 2149.35290263
16 2 16 1 1763.15349255
16 2 4 1 2220.40337428
2 4 32 1 914.4031412
1 4 1 0 957.62432834
32 2 1 1 2574.0503164
2 8 2 0 1275.47451663
4 8 1 1 1357.78869559
8 2 2 1 1800.06772941
32 2 16 1 1604.09811829
4 8 2 1 1646.02963489
1 8 8 0 550.934531804
8 4 32 0 1469.56838588
4 8 1 0 1277.77083947
2 4 16 0 1043.82719109
1 4 2 0 719.859875772
2 8 8 1 1253.40361264
1 8 8 1 547.815681692
32 2 2 1 3174.83916309
2 2 32 0 221.068976473
2 2 32 1 1194.21873972
2 8 1 1 833.644551338
8 4 1 1 2372.87999427
4 4 1 1 1366.08381053
1 4 32 0 528.494727244
16 4 8 1 2011.72125112
2 4 1 1 1257.53963791
8 4 8 1 2222.89700133
2 2 4 0 1357.47407618
2 4 16 1 936.071513414
16 4 4 0 2408.52656271
16 2 8 1 2063.96617199
8 2 1 1 1922.37919681
2 4 32 0 788.450865596
16 2 8 0 2171.02795977
1 8 1 0 585.385226312
8 4 16 1 1287.74376738
32 4 32 0 1768.19628529
8 2 1 0 2126.09519693
16 4 8 0 358.405585965
8 2 16 0 1368.45779312
1 4 8 1 528.978445845
2 2 2 1 2842.75261385
4 2 16 0 1311.16784472
2 2 8 1 1702.42527135
16 4 1 0 2982.78177273
2 8 4 1 852.392078049
4 4 32 0 1212.96585177
2 8 16 1 1010.80338322
4 4 4 0 1572.59580424
2 4 4 1 772.541695451
2 4 1 0 789.624115865
32 4 4 0 3384.0468695
8 2 16 1 1943.73161846
32 4 8 0 2405.95960499
8 2 4 0 1710.03711088
4 2 1 1 1685.22427461
4 2 16 1 1429.54063762
8 4 1 0 2105.00730312
1 8 1 1 491.029348226
16 4 32 1 1545.06979494
2 8 1 0 1042.00824394
32 2 8 0 2338.9751666
1 4 8 0 738.730723425
8 2 8 0 1720.16742957
2 4 4 0 925.11709962
32 2 4 0 2089.59285028
32 2 32 1 1861.65842731
1 4 2 1 760.030977443
1 4 4 0 629.483040675
1 8 32 0 658.264983418
4 4 1 0 1429.33124559
32 4 2 0 3061.97133851
16 2 32 0 1094.39989358
8 4 2 0 2303.68842842
32 2 2 0 2706.49906109
8 4 32 1 1247.24320637
32 4 2 1 3331.79961837
16 2 2 1 1927.25708549
32 4 4 1 2859.9721565
32 2 32 0 2200.63070866
1 4 16 1 853.940477127
2 8 16 0 868.794122354
8 2 8 1 1528.83559682
32 4 1 0 2645.1747252
4 4 8 0 1910.86749417
4 2 2 0 1403.17244806
2 4 2 0 650.3529545
2 8 8 0 1031.14623448
4 2 32 1 1382.62821878
8 2 4 1 1794.49491327
4 4 8 1 1548.88833448
4 2 1 0 1403.59913932
4 2 4 0 1439.19992044
1 4 32 1 566.52988849
2 2 16 0 1092.09404369
8 4 4 1 2101.48695026
16 4 2 1 3046.89283618
2 2 8 0 907.570406385
16 2 4 0 2368.23965831
1 8 2 0 510.208660781
4 4 16 1 1550.31990158
32 2 16 0 1956.07870002
32 2 4 1 2700.19805308
2 4 8 0 861.445716285
4 4 16 0 1977.86428092
2 4 8 1 765.987290594
4 4 2 1 1606.49023684
16 4 32 0 1798.58987228
2 8 2 1 1089.21213582
4 4 4 1 1417.96968
1 4 4 1 187.482847518
8 2 32 1 1021.63776751
32 2 1 0 2222.21780553
16 4 2 0 2836.60843397
32 4 16 1 2085.49376525
16 2 1 1 1781.56591894
4 2 8 1 1561.88719963
4 2 2 1 1515.57725583
8 4 8 0 1839.84948069
16 2 32 1 1147.27996394
32 4 8 1 2678.24883051
1 4 16 0 473.672680174
1 8 16 1 654.444773911
1 8 2 1 717.412088043
2 2 4 1 1509.63813485
8 2 32 0 1228.23167431
2 2 16 1 859.215409615
16 4 4 1 2456.7082338
8 2 2 0 1974.19183499
8 4 4 0 2327.74150472
16 4 1 1 2984.07552447
2 8 32 0 995.39025228
16 2 2 0 2574.75568532
1 8 4 1 482.16282824
2 8 4 0 1019.93358463
8 4 2 1 2268.04417802
32 4 16 0 2542.88980161
32 16 2 0 3000.26273969
32 8 8 0 1643.9083322
32 8 1 1 2132.89539043
8 8 16 1 1584.31717031
2 16 2 1 996.49364079
8 8 4 1 1970.88059966
4 8 8 0 1350.32489412
32 16 16 0 2013.70137737
16 16 2 0 2316.0382819
16 8 4 0 2887.49944006
1 16 4 0 703.711012713
4 16 32 1 1335.28566219
16 16 32 1 1450.85156406
8 8 32 0 1912.47730147
8 16 32 0 1477.18916985
32 16 8 1 2548.86571909
16 16 16 0 1710.59406687
1 16 2 0 716.818924955
1 16 1 1 785.265240916
4 8 32 1 281.856324537
8 16 2 0 1438.74703168
8 16 8 1 1696.16367944
16 16 32 0 1113.75482619
4 8 32 0 1354.41132341
4 8 16 1 1240.44753276
1 16 4 1 552.40343933
32 16 1 1 3126.00620981
4 8 4 0 1284.33789516
4 16 32 0 1201.68646408
8 8 1 0 1996.01204856
32 8 4 1 2208.03725987
8 8 2 1 2152.68886104
8 8 4 0 1668.4007735
16 8 2 0 2773.33232547
32 8 32 1 1555.9369337
1 16 16 0 481.696721107
32 16 4 1 2897.93925257
16 8 1 1 2286.59131633
32 16 1 0 3162.77678972
1 32 2 1 608.197113739
8 8 2 0 2163.3134192
1 16 16 1 485.786653092
16 16 8 0 2168.59860414
2 16 4 0 637.495764514
4 8 2 0 1635.8108721
4 16 16 1 1231.87739455
32 16 2 1 2724.61625006
8 8 1 1 2101.80221336
16 8 2 1 2433.28055842
1 32 2 0 567.93503442
32 8 16 1 2156.38856947
1 16 32 1 477.284956403
16 8 8 1 2175.82870734
16 8 32 0 1402.77150233
16 8 1 0 2576.3933572
16 16 4 1 2130.29322691
16 8 16 0 2364.47686701
2 16 32 0 796.445080709
1 32 1 0 440.767254206
4 16 2 0 1195.59001406
1 32 1 1 486.298832998
2 16 2 0 821.075045558
4 8 16 0 1087.38228573
16 8 8 0 1292.2337312
2 16 1 1 739.830990883
4 8 8 1 1468.68810835
1 16 32 0 410.325898473
32 16 8 0 2602.45557835
16 16 2 1 2210.41728789
8 16 4 0 1756.02263019
1 16 2 1 717.046147921
8 8 32 1 1238.11777566
2 16 8 0 760.188318921
32 16 16 1 2086.66165914
8 16 8 0 1842.28407527
2 16 32 1 796.275560289
1 16 1 0 672.922856354
32 8 4 0 3352.16942454
32 8 2 1 2863.26409761
8 8 8 1 2100.65482057
32 16 32 0 1592.9224355
32 8 1 0 3587.1602361
2 16 1 0 913.887899707
16 8 4 1 3061.72362829
2 16 4 1 949.365427119
8 16 16 1 1504.54296292
8 16 4 1 1834.28460284
4 8 4 1 1685.84616886
32 8 32 0 1345.97186696
16 8 32 1 2113.08527275
8 8 16 0 1711.76436017
16 16 8 1 2292.04146536
8 16 2 1 1825.06724418
16 16 16 1 2100.86633611
2 16 16 0 929.060147808
4 16 1 1 1213.35469449
4 16 16 0 1372.99429504
8 16 1 0 2107.27867516
4 16 4 0 1256.83055109
4 16 4 1 1348.22563217
8 16 1 1 1936.11840348
1 16 8 0 537.675864085
1 32 4 1 487.645740344
2 16 8 1 767.470285606
32 16 4 0 3244.68529557
16 16 1 0 2471.80241475
4 16 1 0 1030.01117994
32 8 2 0 3069.4563701
16 16 4 0 2478.17517054
2 16 16 1 771.362602708
8 16 16 0 1662.83891687
4 16 2 1 1293.79409965
4 16 8 1 1285.72561293
16 8 16 1 1917.0124296
32 16 32 1 1750.28397439
32 8 8 1 2353.32294208
1 16 8 1 448.27479784
8 8 8 0 1595.19538698
16 16 1 1 2027.54133418
8 16 32 1 1747.94322573
1 32 4 0 423.174475533
32 8 16 0 2113.07209881
4 16 8 0 1267.41141572
32 1 8 0 2467.16390495
8 1 8 0 1100.21466899
8 32 8 0 2025.11470013
2 32 4 1 896.730751889
16 1 32 1 1537.56483105
2 1 1 1 356.94945014
32 1 4 0 2476.6712175
32 32 4 0 3244.26522854
8 1 32 1 1243.93842164
2 32 1 0 847.118644616
2 32 2 1 784.090082779
1 1 16 1 223.79237012
16 1 8 1 1424.57601117
4 32 16 0 1399.5149013
8 1 2 1 1229.73867271
4 32 8 0 1318.60339615
16 32 2 1 2464.60170282
