2 16 2 1 989.529362803
16 4 16 0 2257.24902961
1 8 32 1 1377.54442666
32 4 1 1 3017.7435334
8 8 4 1 2108.74772615
4 8 8 0 1454.95778897
32 4 32 1 1846.02633135
16 16 2 0 2830.36459788
16 8 4 0 2797.89765824
1 16 4 0 1492.79073409
4 16 32 1 1220.70337897
1 8 4 0 935.594128368
8 8 32 0 1568.04695145
8 16 32 0 1831.90857538
2 8 2 0 1177.4089726
4 8 1 1 1580.05654868
1 16 2 0 1178.458522
1 16 1 1 1272.50944438
4 8 2 1 1490.15638842
4 8 32 1 701.866359274
8 16 2 0 2038.75001476
8 16 8 1 1979.48053374
1 8 8 0 1896.27448504
8 4 32 0 1695.26869818
4 8 1 0 1806.32793456
4 8 32 0 1425.2696317
4 8 16 1 1626.89951559
1 16 4 1 1590.53890165
2 8 8 1 1015.46474873
1 8 8 1 1430.65841985
4 8 4 0 1429.89537876
4 16 32 0 1352.810944
8 8 1 0 1845.19606184
2 8 1 1 1286.30812971
32 8 4 1 3126.8003493
16 4 8 1 2711.87720641
8 8 2 1 2027.06016129
8 4 8 1 2043.56040536
8 8 4 0 2019.32160849
16 8 2 0 2582.82444367
16 4 4 0 2925.62568656
1 8 1 0 1503.47822441
32 8 32 1 1575.16795339
1 16 16 0 1679.85999587
16 8 1 1 2746.43862568
8 4 16 1 2321.52377227
32 4 32 0 1890.88572257
16 4 8 0 2490.99155405
8 8 2 0 2193.17780334
1 16 16 1 1290.99458693
2 16 4 0 1160.83225733
16 4 1 0 1950.67311692
4 8 2 0 1481.61551032
2 8 4 1 958.284917697
4 16 16 1 1694.65082337
8 8 1 1 2046.23465216
16 8 2 1 2967.61983205
2 8 16 1 1230.97490155
32 8 16 1 2130.11044266
1 16 32 1 946.399015101
32 4 4 0 3151.18086938
16 8 8 1 2668.66733687
32 4 8 0 2976.98050681
16 8 32 0 2111.17851845
16 8 1 0 2673.36685483
1 8 1 1 1618.97607961
16 16 4 1 2451.94828442
16 4 32 1 1933.77276825
16 8 16 0 2130.48415879
2 8 1 0 1209.25248529
2 16 32 0 1081.20903544
4 16 2 0 1536.91037618
2 16 2 0 965.820598454
4 8 16 0 1634.78075715
16 8 8 0 2271.000837
1 8 32 0 1430.74931377
32 4 2 0 2953.58452291
2 16 1 1 938.919307709
8 4 2 0 2200.77827707
8 4 32 1 1993.07725026
4 8 8 1 1519.66957754
32 4 2 1 3231.9450632
32 4 4 1 3024.54519283
1 16 32 0 1587.78473544
16 16 2 1 2848.25244141
8 16 4 0 2155.98144047
1 16 2 1 960.234423991
8 8 32 1 1751.38951823
2 8 16 0 1090.3896533
2 16 8 0 1297.64153752
32 4 1 0 3136.01107286
8 16 8 0 2226.86536479
2 16 32 1 1100.7144078
1 16 1 0 1518.39927381
2 8 8 0 1028.98743085
32 8 4 0 3009.51096857
32 8 2 1 3568.59541771
8 8 8 1 2267.41973016
8 4 4 1 2035.84742101
16 4 2 1 2477.5584162
32 8 1 0 3538.64068944
1 8 2 0 1721.04379134
2 16 1 0 1275.26245661
16 8 4 1 2536.27198811
2 16 4 1 1132.86429771
8 16 16 1 1527.74985773
8 16 4 1 2291.84421073
4 8 4 1 1660.40082691
32 8 32 0 1727.07495464
16 8 32 1 1998.84154516
8 8 16 0 1866.92757056
16 16 8 1 2444.21885212
8 16 2 1 2148.15937433
16 4 32 0 1181.56411126
2 8 2 1 1253.34689751
2 16 16 0 1039.06721299
4 16 1 1 1504.13042539
4 16 16 0 1564.37180799
8 16 1 0 2176.10310699
4 16 4 0 1795.07408456
4 16 4 1 1821.81240174
16 4 2 0 2425.36055588
8 16 1 1 1948.88637093
32 4 16 1 2112.33520544
1 16 8 0 1072.31618699
2 16 8 1 1139.55891092
16 16 1 0 2572.20079707
8 4 8 0 1923.50173586
4 16 1 0 1469.23442366
32 8 2 0 3292.07067125
16 16 4 0 2688.47701731
32 4 8 1 2330.99868201
1 8 16 1 1759.16219915
2 16 16 1 1126.85503406
1 8 2 1 1365.16598757
8 16 16 0 1843.69306746
4 16 2 1 1601.29798145
4 16 8 1 1496.63982146
16 4 4 1 2987.20455762
16 8 16 1 2074.8737053
32 8 8 1 2813.69742837
1 16 8 1 630.534176449
8 8 8 0 2310.30123526
16 16 1 1 2659.74337325
8 16 32 1 1666.93638642
8 4 4 0 1972.54820928
16 4 1 1 2378.15953206
2 8 32 0 1135.01311872
1 8 4 1 1578.02701614
2 8 4 0 1077.57355078
8 4 2 1 2175.62863086
32 8 16 0 2585.96963069
32 4 16 0 2384.10997075
4 16 8 0 1448.36287429
32 1 8 0 2895.98324417
32 16 2 0 3230.68473368
8 1 8 0 1895.17024924
8 32 8 0 2090.55171254
2 32 4 1 1220.75624554
16 1 32 1 2291.19134798
2 1 1 1 948.548802737
32 1 4 0 2681.2753238
32 32 4 0 3217.99739488
8 1 32 1 1863.52671158
32 16 16 0 1947.67133838
2 32 1 0 1133.71903532
2 32 2 1 1255.0359409
1 1 16 1 1541.87924885
16 1 8 1 2409.31543036
4 32 16 0 1393.90172926
16 16 32 1 1685.77183915
32 16 8 1 2948.82388003
16 16 16 0 2438.04699228
8 1 2 1 1827.17795637
4 32 8 0 1681.6894592
16 32 2 1 2458.68319868
4 32 32 1 1253.61569608
16 16 32 0 1650.68962953
16 1 32 0 2635.23851479
32 16 1 1 3590.49506851
1 32 32 0 1731.40088134
32 32 16 1 2457.05168765
16 1 4 1 1625.70392702
32 1 1 1 2994.59098735
4 32 4 0 1837.78168848
16 32 16 1 2121.8366068
16 32 32 0 1733.89595869
32 32 32 0 1694.14000383
4 1 8 0 1536.47618218
16 32 32 1 1655.84514474
2 1 8 1 794.994488608
4 1 2 1 1436.64006286
4 1 16 1 1506.20385941
32 1 2 0 2502.08923403
8 32 32 1 1778.48701213
32 32 2 1 3162.99991593
32 32 16 0 2332.81720531
2 1 16 1 917.380500241
32 32 1 1 3195.46408359
1 32 8 1 1397.4967922
4 1 1 1 1157.0549042
8 32 16 0 1935.25429112
32 16 4 1 2934.50803549
4 32 2 0 1521.8387634
2 32 16 0 1026.65328847
2 1 8 0 796.499604615
16 1 16 1 1819.22830094
16 32 1 0 2376.25256066
8 1 32 0 1725.74370461
32 16 1 0 3352.86828282
2 1 16 0 951.97841796
8 32 32 0 1366.15962005
4 32 1 0 1574.21545096
1 32 2 1 1231.57290274
16 16 8 0 2498.08857837
32 32 4 1 2564.01634441
2 1 32 1 744.03610639
8 32 8 1 1971.37044511
32 16 2 1 3128.15547142
1 32 2 0 1748.3129143
4 32 1 1 1413.90850172
16 1 2 0 2372.76844924
4 1 2 0 1291.61270656
8 1 2 0 1936.26545975
8 1 1 1 1767.15031001
1 32 16 0 1309.78615536
16 1 4 0 2495.5556442
1 32 1 0 1304.50430633
16 32 8 0 2014.6212568
4 1 16 0 1461.98714832
2 1 4 0 945.843737655
1 1 2 0 197.95719804
1 32 1 1 796.893607207
1 1 4 1 1406.61684153
32 32 32 1 1558.27373702
2 1 4 1 916.313192016
8 1 4 1 1989.32552485
2 32 8 1 1137.23176498
8 1 8 1 1932.85942596
32 32 1 0 3357.99837473
1 32 8 0 1223.00281305
32 1 1 0 3113.55024636
16 1 1 0 2303.41130637
16 32 8 1 2484.58697944
16 32 16 0 2243.60449678
2 32 4 0 1235.8944156
2 32 2 0 1073.28138366
32 16 8 0 2786.94985806
16 32 2 0 2613.50871386
32 1 16 1 2602.58848967
4 32 8 1 1507.17610644
32 32 2 0 3349.04367396
2 32 32 0 1080.36990174
4 1 4 1 1324.40498985
8 32 2 1 2104.65641108
32 1 16 0 2839.5585089
32 16 16 1 2288.12019468
16 1 2 1 2347.40582608
1 1 16 0 670.347585066
2 32 8 0 1101.54210998
2 1 1 0 875.696660979
32 16 32 0 1845.71705017
1 1 2 1 910.639031317
8 32 2 0 1982.04597781
8 32 4 1 2038.89911934
16 32 4 1 2548.55732487
4 1 4 0 1512.06312718
8 32 1 1 1810.02466984
1 1 4 0 1580.67648946
1 1 8 1 525.359570796
1 1 1 1 372.171406051
32 1 2 1 2820.76682571
16 1 16 0 2101.7160701
16 16 16 1 2205.90204014
4 1 8 1 1215.16127754
2 1 2 0 931.824970141
32 1 4 1 2756.43568912
4 1 1 0 1366.95941911
2 32 16 1 1053.41984352
1 32 16 1 1154.31357374
1 1 32 1 1267.27389213
1 1 8 0 250.328460747
2 32 32 1 1167.45097959
4 1 32 1 1364.94898961
1 32 4 1 983.509701618
32 16 4 0 2773.42809698
1 1 32 0 1272.09185201
2 1 2 1 1140.67971198
2 32 1 1 1302.49036619
8 1 16 1 1861.49139927
4 32 32 0 1172.17178136
16 1 1 1 1732.8742687
32 32 8 1 2645.26130756
1 1 1 0 715.488475717
8 1 4 0 2056.27673749
16 1 8 0 2282.15507833
8 32 1 0 2221.89501804
4 1 32 0 1423.31900039
32 16 32 1 1894.46632871
4 32 4 1 1454.00533562
8 1 16 0 1801.75806591
2 1 32 0 963.097387668
4 32 16 1 1567.80750439
8 32 4 0 2087.51161995
8 1 1 0 1885.61187715
1 32 4 0 1152.72620385
16 32 4 0 2655.38432057
1 32 32 1 1248.93898725
32 1 8 1 2500.73677999
4 32 2 1 1530.50458223
32 32 8 0 2778.6302162
8 32 16 1 1715.00835606
16 32 1 1 2574.57385468
16 2 4 1 1710.11575396
1 4 2 0 837.645316841
16 2 1 0 1999.61101434
16 4 8 0 2020.23636305
8 4 8 0 1599.20721868
32 4 2 1 2636.49796981
8 4 16 1 1645.23372914
4 4 32 1 1181.32543316
2 4 16 0 401.194129333
16 2 16 0 2251.68459375
8 2 2 1 1707.15771651
4 2 32 0 1381.65135083
1 4 2 1 1311.7132343
4 2 4 1 1328.3860824
16 2 4 0 1882.3167136
1 4 8 1 1367.12676922
4 2 32 1 1210.93873245
32 4 32 0 2412.18346334
8 2 1 0 1584.59092258
4 4 1 1 1105.93689778
4 4 32 0 1091.49722519
32 2 2 1 2612.12183249
16 2 32 0 1767.84172891
4 4 4 0 1188.50608119
1 2 2 0 1352.56049608
2 4 1 1 669.634766063
1 4 8 0 1292.68084828
32 2 32 0 2268.96056443
4 4 8 0 1105.75893001
2 2 1 0 949.315547595
2 2 4 0 750.538010932
8 2 16 1 1585.97920144
1 4 1 0 1070.2169142
16 2 32 1 1800.8882438
32 2 32 1 2594.89287298
2 2 16 0 790.102305607
1 4 1 1 808.22444259
4 4 2 1 1020.50027868
1 4 32 0 1096.52087076
8 4 32 1 1572.33417748
32 2 16 0 2300.43391858
8 4 8 1 1598.19037534
4 2 2 1 1188.79339379
8 2 8 0 1593.83861999
32 4 4 0 2541.07562372
1 8 2 0 1380.54339046
16 2 8 1 2245.01889555
1 2 16 0 926.247561865
8 2 32 1 1583.00089856
2 4 4 1 789.304512415
2 4 32 1 750.266977277
4 4 1 0 1240.74497549
32 4 1 0 2590.9331013
32 4 4 1 2477.96906564
16 2 16 1 2070.0535198
1 2 32 0 1186.1842234
4 2 8 0 1092.70961541
32 4 1 1 2436.69540772
1 2 2 1 1417.78454704
4 2 8 1 1180.40723266
32 2 2 0 3139.80403028
32 2 4 1 2756.0729442
1 2 4 0 1338.79867516
1 2 32 1 1506.74654725
1 8 4 0 1378.68855791
16 4 16 0 1917.23503108
2 2 8 0 738.366632232
2 2 32 1 825.374578199
1 2 4 1 1077.95437393
4 2 16 1 1239.60097236
2 2 8 1 808.950741541
16 4 4 0 1999.16680633
8 2 16 0 1541.50834742
8 2 1 1 1500.88862728
2 2 32 0 720.211543811
2 4 1 0 637.729439895
1 8 4 1 1204.60767848
4 4 2 0 1052.48097038
1 2 8 0 1300.05792877
32 1 32 1 2650.46325304
1 2 1 1 978.759483321
16 4 16 1 2065.17886497
1 8 1 1 914.593498532
8 4 16 0 1648.70556904
1 4 16 0 1303.9594513
1 8 2 1 1180.89117245
32 4 16 1 2534.12516043
8 2 2 0 1722.91411817
16 2 1 1 2094.17230869
16 4 8 1 2033.4576623
2 2 2 1 986.509852099
1 8 1 0 1064.02191554
8 2 8 1 1733.66963727
2 2 4 1 851.409690669
4 2 2 0 1011.32378871
8 4 2 0 1506.90780976
1 2 16 1 1389.4184065
4 4 8 1 1289.63578108
4 2 4 0 1037.43817466
2 4 2 0 770.695081416
16 4 2 1 2068.57546669
4 2 16 0 1021.64111862
2 2 2 0 737.94686314
32 2 4 0 2567.36081645
16 4 4 1 2135.18298906
32 4 16 0 2534.13610756
32 2 8 1 2619.28316331
8 2 4 0 1587.67880461
1 2 8 1 955.633737758
32 1 32 0 2541.20413747
8 4 4 1 1557.37930283
2 2 16 1 857.13701845
32 2 8 0 2650.94926211
2 4 4 0 731.585537309
2 4 8 0 786.858745151
8 4 2 1 1663.75331565
8 2 32 0 1568.83589472
16 4 32 0 1846.80143644
2 4 16 1 706.944279468
8 4 1 0 1452.11895
16 2 2 0 1967.39145392
2 4 2 1 690.098817484
16 2 8 0 2167.95131471
4 4 16 1 1168.53083153
16 4 2 0 2105.12458465
1 4 4 0 1247.19178359
32 2 1 0 2460.26645696
8 4 32 0 1698.64974539
8 4 1 1 1478.71500581
4 4 4 1 1022.66576575
32 2 16 1 2574.66228453
4 4 16 0 1121.1511247
1 4 16 1 1402.42616472
32 4 32 1 2178.71262238
1 4 32 1 1047.99831599
8 2 4 1 1568.11655693
2 4 32 0 774.020895682
4 2 1 0 1202.32925822
4 2 1 1 1251.33152199
32 4 8 0 2737.15424948
16 2 2 1 2088.45991134
16 4 32 1 2016.01583457
2 4 8 1 777.961714915
16 4 1 1 2041.32379749
32 2 1 1 2923.35975521
1 4 4 1 1275.94188828
8 4 4 0 1614.57589464
1 2 1 0 1039.66562282
2 2 1 1 909.697349737
32 4 2 0 2688.76335654
16 4 1 0 2061.86650111
32 4 8 1 2379.2862485
4 16 1 1 1141.01227459
4 8 1 1 1090.80965406
4 8 8 0 1070.01629054
1 8 16 1 1499.12890695
4 16 8 1 1136.99521725
2 8 16 1 718.968091936
4 16 32 1 1074.04196071
8 16 16 0 1485.61923326
16 8 4 0 2218.12449212
8 16 32 1 1661.45804702
1 8 8 1 1341.8247363
1 16 16 0 1055.07648288
16 16 1 1 1951.70019834
32 8 16 1 2287.5745235
4 16 16 0 1164.58649134
32 8 2 0 2588.04830289
4 16 1 0 1193.94068384
2 16 8 1 805.121211663
2 16 2 0 776.261023702
2 8 32 0 769.937930735
2 8 2 0 806.93041498
8 16 8 0 1649.97001624
4 8 32 0 1164.75798364
4 16 8 0 1204.17430193
4 16 2 1 1034.46047945
1 16 1 0 1057.04548433
2 8 32 1 827.69382514
1 16 2 1 1278.8696893
8 8 4 0 1471.64115217
4 8 1 0 1085.11506248
16 8 4 1 1986.77727553
8 16 1 1 1646.84568206
2 16 2 1 759.712254117
1 16 1 1 993.463319429
8 16 4 0 1530.53219603
32 8 2 1 2277.82762158
8 8 32 1 1576.03990241
4 8 2 0 1106.15244404
2 8 1 0 739.67300719
8 8 1 1 1511.33340036
16 8 2 1 2042.79195174
4 16 4 1 1078.23982466
8 16 32 0 1685.72466295
1 16 8 0 1453.34055818
4 16 32 0 1140.95115306
8 16 2 0 1522.1725015
32 8 16 0 2415.02482048
8 8 16 0 1610.01440713
8 8 1 0 1513.81514266
32 8 4 1 2596.2751494
1 16 4 1 1302.46334507
32 8 1 1 2773.91298228
2 8 4 0 715.914711855
4 8 32 1 1035.706554
1 8 16 0 1364.96619108
4 16 2 0 1135.86560121
8 8 16 1 1406.21490635
4 16 4 0 1049.27961408
16 16 1 0 2053.6081628
1 16 4 0 1350.39939457
1 8 32 1 1225.13530948
2 16 4 1 734.266263567
16 8 32 0 2002.58886312
8 8 2 0 1471.32113959
2 8 2 1 752.979814688
8 16 1 0 1597.7543681
16 8 1 1 2064.03522647
1 8 32 0 1162.82951305
2 16 32 1 726.580246513
32 8 4 0 2334.04294243
8 8 8 1 1531.85681215
1 8 8 0 1178.67666075
1 16 2 0 1177.23005835
2 16 16 1 789.385233918
16 8 2 0 2087.6274976
4 16 16 1 1196.80573233
32 8 8 1 2601.12665121
4 8 4 1 1145.09218121
4 8 16 1 1184.67464958
8 8 8 0 1667.00832967
16 8 32 1 1959.8700263
32 8 1 0 2758.99835942
8 8 2 1 1530.32562186
16 16 2 1 1920.58738312
8 16 4 1 1554.92116515
2 8 4 1 726.633830975
16 8 16 0 2036.76668563
32 8 8 0 2634.50661869
2 16 8 0 697.733474504
16 8 8 1 2048.08777794
4 8 8 1 1093.75796604
1 16 16 1 1086.0093389
32 8 32 1 2335.892388
2 16 1 1 675.233309466
2 16 1 0 773.214249823
2 8 16 0 722.684299409
1 16 8 1 1194.28097332
4 8 16 0 1185.42726399
8 16 2 1 1451.97679004
2 8 1 1 756.932383878
2 8 8 0 700.587481392
2 16 4 0 650.052598822
32 8 32 0 2108.02498554
2 16 16 0 819.877409352
2 16 32 0 781.500385608
4 8 4 0 1059.49793068
1 16 32 1 1269.08080801
8 8 32 0 1483.02382
8 16 8 1 1505.30182805
16 8 8 0 2125.80847998
16 8 16 1 2048.07245188
16 16 2 0 2150.50771995
8 16 16 1 1485.76083408
4 8 2 1 913.186622541
8 8 4 1 1525.33217775
16 8 1 0 2126.82925797
1 16 32 0 1430.33878133
2 8 8 1 702.827585705
4 32 8 0 1274.50130265
4 1 8 1 1446.13863515
1 1 16 1 1280.62101454
1 32 2 1 712.540656805
2 1 16 0 876.899798733
16 32 32 1 1804.23523818
1 32 8 1 1328.38109699
2 1 4 1 861.774457656
32 1 1 0 2241.67594181
1 32 4 0 1006.3920632
2 1 8 1 813.502204983
1 32 32 1 1264.11725322
32 16 32 1 2201.28839177
1 32 8 0 1293.36729618
16 32 2 0 1964.03682244
2 32 16 1 738.386500375
16 1 16 0 1970.39284887
16 16 32 0 1989.91822734
1 32 1 0 1003.99186268
16 1 4 1 2394.0025479
32 32 16 0 2288.65604538
8 32 8 1 1471.80902213
8 1 32 1 1766.30675191
8 32 1 0 1548.27973046
4 32 4 0 1114.22467361
4 1 2 1 1268.20676709
32 16 1 1 2443.82029999
8 32 2 0 1622.76757015
16 16 16 1 2055.20924619
16 1 4 0 1891.79943772
2 32 2 0 765.991207592
32 32 16 1 2449.32723563
8 1 2 1 1480.77444584
8 32 8 0 1630.16270904
4 1 16 1 1293.31508132
16 16 4 1 2074.88270024
1 32 1 1 1015.50143469
32 32 8 1 2522.32870277
32 32 2 1 2714.03619473
16 1 1 0 1876.9128943
16 16 8 0 1893.34549249
8 1 1 0 1949.38063188
32 16 16 0 2386.32118454
32 16 4 0 2647.82959449
32 16 32 0 2503.56803652
32 16 8 1 2406.74767292
4 1 1 0 1511.84522408
32 16 1 0 2366.83903419
1 1 1 1 729.991488708
1 32 16 0 1050.33240189
16 1 16 1 2021.76402072
2 32 4 0 793.115136918
1 1 2 1 1308.56865683
2 32 1 0 772.654285911
8 1 1 1 2024.89338081
32 32 4 0 2571.46386737
8 32 16 1 1720.11315917
16 1 8 1 1983.38157021
4 32 2 0 1013.4734474
32 32 2 0 2455.16256671
2 32 32 0 743.540091796
4 1 2 0 1429.27686461
16 16 32 1 1894.630134
32 1 1 1 3060.88183611
1 1 32 1 1394.0964782
4 1 4 1 1374.35211769
8 32 32 0 1451.66968032
2 32 8 1 753.127622535
16 32 32 0 2089.55918772
2 1 32 1 946.432313141
32 16 2 0 2739.0011497
2 1 8 0 853.717471426
16 32 2 1 2056.11860559
8 1 16 0 1577.65544669
4 32 1 1 1118.05662095
2 32 4 1 876.70241055
16 1 32 0 1948.1644176
1 1 2 0 1177.57140278
32 32 4 1 2570.43403034
2 1 2 1 965.411341725
4 32 2 1 1070.45580447
8 32 2 1 1591.84178471
32 16 2 1 2404.59756599
32 16 8 0 2566.49997149
32 32 1 1 2483.85648186
1 32 32 0 1038.39671836
1 32 16 1 1127.30463973
32 32 8 0 2405.21600227
4 32 1 0 1112.32972774
2 1 1 1 990.882754757
1 1 32 0 1631.205905
4 1 1 1 1345.30447024
1 32 2 0 1388.30007298
32 16 4 1 2362.56928691
32 32 32 1 2245.29034984
8 1 8 1 1687.20434742
2 32 1 1 731.739310806
32 16 16 1 2310.69316944
4 1 32 1 1334.52061901
16 1 32 1 1705.96892243
8 1 16 1 1544.19385472
1 1 1 0 1492.32414929
4 32 32 0 1067.65185038
4 1 32 0 1201.44726623
8 1 8 0 1515.06598728
16 32 1 1 1838.65211687
16 32 1 0 1901.51955952
2 1 16 1 960.04156994
16 32 8 1 1876.16510973
16 1 2 1 1921.08469976
4 32 16 0 975.041225269
1 1 8 1 1395.32006291
4 1 16 0 1352.01705284
16 1 1 1 1982.1312145
16 32 16 0 1940.59180874
8 1 4 0 1951.87545788
2 32 16 0 758.40233576
4 32 16 1 1033.74472565
4 32 32 1 1062.86960886
8 1 4 1 1940.57598681
1 1 4 0 1585.63277349
4 1 8 0 1286.45942215
8 32 4 0 1530.62878025
2 1 32 0 967.638279349
8 1 32 0 1622.43632553
16 32 16 1 1846.08448673
32 32 1 0 2610.66624852
2 32 2 1 738.89642179
4 32 8 1 1058.04972145
32 1 2 1 2585.26400089
32 32 32 0 2335.6611771
8 32 1 1 1410.06914778
16 32 8 0 2080.20148113
16 16 4 0 2083.49404328
1 1 8 0 1549.72496071
2 1 4 0 796.643704851
16 16 16 0 2071.93842914
2 32 8 0 790.802979156
16 1 2 0 1822.27775122
1 1 16 0 1558.28441837
1 32 4 1 1337.67772612
16 16 8 1 1768.5815455
2 32 32 1 749.799417874
16 1 8 0 2219.34262947
2 1 2 0 853.476750326
4 32 4 1 1164.20141404
8 32 4 1 1512.59344974
2 1 1 0 873.469178185
8 1 2 0 1796.14170626
8 32 32 1 1457.85989594
1 1 4 1 1619.20276749
4 1 4 0 1285.52429507
32 1 2 0 3052.30637318
16 32 4 1 2081.03262846
16 32 4 0 2031.98224152
8 32 16 0 1432.28656602
4 4 32 1 1349.74235186
16 4 16 1 2709.21134174
1 4 1 1 1283.97906208
4 2 32 0 1362.56023923
8 4 16 0 1859.83713959
4 4 2 0 1608.32910662
32 1 16 1 2296.05952962
