2 2 1 0 497.911665519
32 1 4 0 967.85121446
8 1 32 0 1041.75498214
8 1 1 1 851.901770441
32 1 8 0 1079.27146247
2 2 32 0 973.782550206
4 2 4 1 769.669225026
8 1 4 1 1208.9708703
4 1 16 0 603.312686591
32 1 16 1 994.60080274
32 1 8 1 1034.36835176
1 1 1 0 290.830190114
32 1 32 1 931.12479889
1 2 4 1 613.246760933
32 1 1 0 1019.67777985
16 1 1 0 968.73013918
8 2 2 1 805.925992875
8 2 8 1 1041.12067545
1 1 32 0 599.717398659
1 1 32 1 620.675809264
16 1 8 1 940.712265505
4 1 1 1 759.658993559
16 1 16 0 1291.3094028
1 2 2 1 408.0342614
1 2 8 0 717.495792551
16 1 4 0 1111.65268511
2 2 16 1 834.989986598
8 1 8 0 1020.11969078
1 1 16 1 673.851622847
2 1 16 1 1003.61857927
32 1 32 0 1022.89323551
1 2 1 0 266.158698992
4 1 2 1 815.800062995
1 1 1 1 142.630806922
8 1 16 0 1056.17064649
4 1 8 1 1043.45264166
4 1 32 0 810.230149735
8 2 4 0 980.888817293
4 1 32 1 745.895243604
1 2 8 1 660.441183972
4 2 8 1 904.31098731
8 1 2 1 910.077464173
8 2 32 0 1071.58418693
1 1 2 1 417.020573084
8 1 1 0 839.687357567
8 1 2 0 922.245714584
8 2 1 0 1050.36403455
1 1 4 0 630.813180524
2 1 32 0 867.060886476
4 2 16 1 600.959552869
1 1 16 0 718.931843696
2 1 1 1 515.030352745
4 2 4 0 761.400108949
32 1 2 1 1130.83432029
8 2 8 0 1000.81221962
2 2 4 0 959.48436026
2 2 2 0 693.722703462
2 1 4 0 799.076736399
4 1 4 1 648.441310339
16 1 32 1 1024.18986708
2 1 32 1 1007.51054759
2 2 8 1 702.954971391
16 1 8 0 1163.49483817
2 1 1 0 505.176884725
1 1 2 0 393.224145068
2 2 1 1 422.156155258
2 1 4 1 890.210425013
2 2 8 0 768.344353522
8 2 32 1 1161.2683037
4 1 2 0 718.453829182
8 1 8 1 766.003729884
1 1 4 1 633.679335855
32 1 2 0 1091.47131376
4 1 1 0 700.81384791
2 1 2 1 509.553988942
16 1 1 1 1013.69080743
4 1 4 0 1043.46124007
32 1 4 1 1089.08130294
4 2 1 1 649.329990912
8 2 2 0 1034.08628679
2 1 2 0 518.278411047
1 1 8 0 677.960725487
1 2 1 1 284.713356409
8 2 16 1 1093.11961672
2 2 4 1 814.959847467
16 1 32 0 1113.86575534
4 1 8 0 1039.55897421
2 1 8 1 996.870914204
2 1 16 0 628.667806966
1 1 8 1 546.333011616
1 2 16 0 590.719192832
16 1 4 1 917.958773534
4 2 32 0 810.163268695
4 2 32 1 905.014687027
1 2 16 1 657.654789204
8 1 16 1 1094.98078045
4 2 2 0 889.534808995
8 2 16 0 1195.49161669
8 1 32 1 1001.56360226
4 1 16 1 1014.66040064
1 2 32 1 636.009429986
2 2 32 1 646.971078481
4 2 2 1 794.531813884
1 2 2 0 384.05530822
1 2 4 0 572.801946062
8 2 1 1 786.082804539
2 1 8 0 816.13488379
32 1 16 0 1084.27652105
16 1 2 0 1129.02577177
8 1 4 0 1076.24040964
16 1 2 1 975.067852157
1 2 32 0 685.451137885
2 2 16 0 961.398057242
4 2 16 0 878.484221108
8 2 4 1 901.179772029
2 2 2 1 626.583737537
4 2 1 0 609.335671202
4 2 8 0 825.653176856
32 1 1 1 1128.24079256
16 1 16 1 1062.01855579
16 2 1 0 1045.76626701
32 2 32 1 1047.68777998
1 4 1 1 265.031647839
8 4 32 0 1030.41703295
4 8 4 1 792.024263751
16 4 4 1 991.174771461
8 4 4 0 993.390403496
1 8 32 0 574.469288984
16 2 1 1 853.889902664
16 4 32 0 970.834575389
4 8 4 0 855.053649005
32 4 1 0 1071.39231749
8 4 8 1 802.401915576
8 4 16 0 936.573257973
16 4 2 0 1066.78454071
8 4 4 1 728.280233196
16 2 4 1 1159.01940933
2 8 1 1 477.94050985
16 4 16 0 1005.41202373
8 4 8 0 857.446703498
1 4 2 0 403.454649826
32 2 8 0 1023.44620929
1 8 2 0 390.444031302
32 2 4 0 1118.53930164
2 8 16 0 812.82657588
16 2 2 1 990.915476237
1 8 1 0 287.351645167
2 4 1 1 484.428651387
16 2 4 0 942.771348148
2 4 4 1 757.144875794
32 2 16 0 1006.05708867
4 4 4 0 792.869999346
4 4 32 0 994.161162549
16 2 16 0 1058.98901696
1 8 4 1 567.981064166
16 4 2 1 902.819486732
4 4 8 1 786.904820326
1 4 4 1 485.660647586
32 2 1 0 1007.15844229
4 8 1 0 741.733642026
32 4 4 1 1074.71010738
32 4 8 0 729.02795666
4 8 2 0 714.05691418
2 8 16 1 823.830094327
32 2 8 1 1080.89347186
32 4 32 0 1075.96713356
4 4 16 0 1029.93539869
1 8 8 1 611.322750915
32 2 2 1 960.702272479
16 2 32 0 1252.89385137
4 4 2 0 838.969628533
1 4 16 0 642.456097043
8 4 32 1 880.255437727
16 4 4 0 837.321606025
16 2 2 0 961.924466213
2 4 8 0 814.835689745
4 4 32 1 734.883553847
1 8 32 1 614.086211213
4 8 2 1 554.971597879
4 8 8 0 945.347545589
32 4 16 1 1132.07068819
16 4 32 1 973.187933762
32 4 16 0 1049.1795684
2 4 1 0 488.645863499
32 2 4 1 1124.94776219
4 4 2 1 821.490242252
16 4 1 1 779.565655522
4 4 1 0 683.516573192
2 4 32 0 865.913359865
2 8 2 1 632.835599877
4 4 1 1 594.269016929
8 4 2 1 961.250801206
16 2 8 1 724.199049302
1 4 32 0 642.168501087
2 8 2 0 526.145357891
2 8 8 0 814.587112049
2 8 1 0 464.492166566
1 8 2 1 270.16295258
2 4 32 1 842.13528049
16 2 8 0 925.484736969
32 4 8 1 936.035030076
1 8 8 0 612.165883612
2 4 2 1 563.139637431
4 8 8 1 836.353339408
8 4 1 1 797.799015544
1 8 4 0 597.55691387
1 8 1 1 277.345560457
1 4 8 1 556.320026454
32 4 1 1 830.545483058
32 2 1 1 926.829750114
16 4 8 0 1078.01830977
2 4 16 0 836.811367847
32 4 2 0 921.070128272
2 8 4 1 514.049733053
2 8 4 0 823.23942924
8 4 16 1 842.288235646
8 4 1 0 1075.16377684
1 4 2 1 392.355721889
1 4 1 0 279.303863095
32 2 32 0 1063.57890344
16 2 32 1 886.721646594
8 4 2 0 949.57039386
1 4 8 0 636.09676495
32 2 2 0 975.625991667
32 4 2 1 1001.63831225
16 2 16 1 1185.85835506
2 4 4 0 654.730679467
16 4 16 1 928.84913963
2 4 8 1 869.437190592
4 4 4 1 791.585032551
1 8 16 1 508.265756638
16 4 8 1 1002.09901589
16 4 1 0 912.858188074
1 4 4 0 586.67394115
2 8 32 0 858.836782123
4 8 1 1 680.222491276
32 2 16 1 973.919339877
32 4 4 0 1043.32909985
2 4 2 0 648.606314797
4 4 16 1 827.485876405
1 8 16 0 679.357287285
4 4 8 0 779.568480756
2 8 8 1 832.994945486
32 4 32 1 942.957377824
1 4 16 1 635.805785806
2 8 32 1 742.399132887
2 4 16 1 832.603633574
1 4 32 1 544.50128741
1 32 2 1 362.868963926
2 32 4 1 726.623266978
32 8 8 0 1016.99728413
4 16 4 1 833.723156251
32 16 2 0 1113.05869491
1 32 16 0 613.207560981
8 8 4 0 943.475107717
32 8 4 0 1057.65413742
32 8 16 1 1023.0541212
1 32 1 0 268.738581699
8 8 2 0 876.658666251
8 16 8 0 795.687882431
16 16 2 0 1077.59184922
8 16 16 1 874.004987918
2 16 1 1 459.814151904
16 8 4 1 831.859228911
1 16 8 0 632.003392077
4 16 1 0 664.802566736
16 8 2 1 935.75166553
4 16 16 0 921.708633202
16 16 8 0 1032.9506286
2 16 2 0 640.717577707
8 8 2 1 897.95714364
16 16 1 1 691.499688288
1 32 4 0 579.779313653
32 8 1 0 968.142736541
1 32 8 0 577.496441851
8 8 8 0 1076.56870382
16 8 4 0 757.106542
8 8 32 0 921.195492604
16 8 16 0 894.420495159
16 16 2 1 789.640342615
1 16 1 0 280.80940379
4 8 16 0 865.206910057
2 16 1 0 485.752638466
16 16 32 0 833.125485226
8 16 4 1 811.826358219
2 16 32 0 762.444193401
1 16 2 1 373.56820994
16 8 8 0 938.107312294
32 16 1 1 867.209090697
8 16 16 0 1074.14623197
1 32 8 1 510.158667729
8 16 1 0 873.385469428
8 8 1 0 977.389391228
1 16 1 1 273.470170185
2 16 4 1 637.922397154
8 16 1 1 768.363899611
16 16 16 1 875.650419749
8 16 8 1 837.43931467
8 16 32 0 1005.98220061
1 16 2 0 388.747036853
2 16 2 1 597.909572325
4 16 4 0 771.983228563
2 32 1 0 486.579072195
32 16 32 0 1021.7465175
2 32 2 1 578.288084911
1 32 1 1 267.917018603
1 32 16 1 558.264255299
16 8 1 1 908.852151105
32 8 8 1 1124.74309488
32 16 4 1 856.275520804
16 8 16 1 1017.71693479
32 16 16 0 951.927677105
32 8 2 1 911.271711054
1 32 2 0 369.717807626
1 16 16 0 610.839291201
32 16 1 0 1022.67236911
8 16 2 0 917.013403417
4 16 2 0 906.219095185
16 16 4 1 797.233843464
4 16 2 1 749.802450459
4 8 32 1 975.793773792
4 16 32 1 813.28227202
32 16 8 1 911.576346765
32 8 1 1 902.183686498
32 8 4 1 803.602416287
2 16 16 1 709.076604824
16 8 8 1 841.874670281
8 16 4 0 782.120360496
32 16 32 1 771.78820392
16 16 1 0 916.575195019
8 8 16 1 827.175036016
32 16 2 1 1039.53237369
4 16 8 1 801.545689749
32 8 32 0 1002.52231402
8 8 8 1 885.377064579
32 16 16 1 961.515685172
2 16 4 0 650.948219899
1 32 32 1 575.86135833
8 16 2 1 696.455993407
4 8 32 0 775.958350498
1 16 4 1 493.507515856
32 16 8 0 1102.50978511
1 32 4 1 505.483811103
16 8 32 0 956.334351287
8 8 4 1 1004.05385744
1 16 32 0 612.789493583
16 16 8 1 867.079504454
4 8 16 1 867.940478266
2 16 8 0 875.89054673
4 16 8 0 831.090465133
1 32 32 0 640.852604545
2 32 2 0 626.67532584
1 16 16 1 499.542946134
16 8 1 0 1056.7255858
32 8 2 0 1094.754369
16 16 16 0 985.358604034
2 16 8 1 652.504769154
1 16 4 0 566.961997554
32 8 16 0 1007.05866744
8 8 1 1 895.804232755
2 32 1 1 432.867571404
16 8 2 0 917.247018495
2 16 32 1 771.171712592
32 16 4 0 982.816624733
2 16 16 0 859.509592707
8 16 32 1 782.092598247
4 16 32 0 907.769865194
32 8 32 1 1024.18236483
1 16 8 1 628.656582891
4 16 16 1 857.56084653
16 16 32 1 1036.41811788
16 8 32 1 807.133167464
8 8 16 0 820.986556325
8 8 32 1 899.323943217
1 16 32 1 616.415361146
16 16 4 0 978.20824937
4 16 1 1 680.154767673
32 32 2 1 803.676033039
8 32 32 0 1034.45141637
16 32 2 0 968.119860789
16 32 1 1 746.528464942
16 32 1 0 949.376696384
32 32 4 0 929.743445504
4 32 1 0 759.108614591
32 32 1 0 962.861167371
16 32 8 0 958.332175096
8 32 32 1 738.816942605
4 32 1 1 549.347701669
4 32 2 0 723.739543368
16 32 8 1 807.980328123
8 32 4 0 847.272568231
2 32 8 0 794.81084416
4 32 16 0 953.499318061
16 32 32 1 827.272736175
2 32 8 1 791.63765705
8 32 2 1 799.665582058
32 32 1 1 959.423020397
16 32 16 1 777.630375697
2 32 4 0 846.120931105
2 32 32 0 762.128618101
32 32 32 1 756.088378028
32 32 4 1 769.840749495
8 32 1 1 887.045891186
4 32 32 1 730.07687295
16 32 4 0 997.26117551
8 32 8 1 817.958801131
4 32 4 0 882.955466892
32 32 8 0 1059.10115279
8 32 8 0 788.803852732
16 32 16 0 1059.09934773
4 32 8 1 794.87615579
2 32 16 1 734.450369701
4 32 32 0 947.474582184
2 32 32 1 756.4741339
4 32 8 0 818.408534923
8 32 2 0 849.926211429
32 32 16 1 803.710584636
8 32 1 0 881.111833217
32 32 2 0 947.36261107
16 32 2 1 881.833034659
32 32 8 1 834.269061502
32 32 16 0 1018.68456952
4 32 2 1 713.998799652
16 32 32 0 978.843366208
4 32 16 1 852.702970702
16 32 4 1 853.599992857
32 32 32 0 950.076690727
8 32 16 0 862.362503766
8 32 4 1 866.817582026
8 32 16 1 812.144951502
2 32 16 0 826.867301916
4 32 4 1 716.429947094
