4 4 4 1 776.77274952
4 1 32 1 666.60693042
4 1 2 0 776.665229282
16 1 16 1 758.283283745
4 1 2 1 777.917772099
32 2 8 1 763.067973004
2 1 32 1 767.336840925
2 1 32 0 764.890943746
1 2 2 0 586.212486757
4 2 8 1 772.031721965
2 2 16 1 678.755001921
2 1 4 1 953.216574613
16 2 4 1 748.825387659
8 1 4 0 778.827880789
2 2 32 0 1372.40574751
8 2 1 0 773.162824799
2 1 16 1 777.893805954
2 1 8 1 779.455231972
1 4 8 0 1849.58094595
8 1 4 1 773.040378311
32 2 32 0 760.416022791
16 1 32 0 752.698970013
4 2 32 1 772.684800718
1 4 8 1 2232.40446367
32 1 1 0 750.035896749
32 2 4 1 763.98228061
4 1 32 0 780.101557809
16 1 2 1 755.553594855
32 1 2 1 749.750574381
4 1 4 0 764.231505327
1 1 32 1 1837.0488048
16 2 32 1 767.202267648
32 1 1 1 718.295194279
8 2 2 0 758.482991012
32 2 8 0 742.387386709
1 4 32 1 587.162866553
16 2 16 1 744.883268628
2 4 32 1 777.759459447
16 2 32 0 768.380755765
32 1 16 0 717.011654097
16 2 8 0 770.36039061
8 1 32 0 754.0987322
16 1 1 1 757.978805945
4 4 2 1 771.808634023
2 4 2 0 779.804239158
2 2 1 1 775.747249134
16 2 8 1 730.326860924
2 2 2 0 1122.50829768
4 1 4 1 763.845588331
1 1 2 0 415.311887956
4 2 16 0 771.116094329
2 4 4 0 1589.05901542
2 2 1 0 1446.02015984
8 2 32 1 766.483483286
2 4 8 1 776.056558343
16 2 1 1 754.960390359
4 2 2 1 775.898368691
1 2 4 1 2050.90475685
2 1 4 0 769.190004378
1 1 8 0 1736.8930052
32 2 4 0 744.385970229
2 1 16 0 757.983608266
4 4 16 0 782.607919425
1 2 1 1 1346.14612572
4 1 8 0 753.214067157
8 2 32 0 713.350612734
2 4 2 1 1530.38728977
16 1 8 1 750.21096839
4 2 8 0 776.203000898
1 2 4 0 1631.97269204
4 1 8 1 776.044832874
32 1 4 0 733.495547612
16 1 2 0 753.438748785
16 2 16 0 739.621338954
2 2 32 1 776.741580111
8 1 1 1 775.50200455
1 1 8 1 1813.79388017
32 1 16 1 726.900418285
16 2 1 0 748.285189676
16 2 2 0 742.004499554
1 2 8 1 582.683086215
2 1 2 0 779.765951336
32 2 1 0 750.360340137
1 2 32 0 2288.53691773
8 1 1 0 762.724759014
1 1 2 1 1603.79189
2 2 4 1 777.819614664
4 4 4 0 762.566184007
16 2 4 0 768.947711952
4 2 16 1 774.352657007
2 2 8 1 756.145714155
8 2 16 0 767.748996095
32 1 2 0 746.303822751
2 4 16 1 782.347835457
8 1 8 0 774.719911256
1 4 32 0 1072.00568543
1 1 32 0 1380.75118722
8 2 1 1 773.968810154
32 2 1 1 741.324804903
32 1 32 0 755.361312061
32 2 16 1 728.618031178
4 1 1 1 772.903541315
1 1 4 1 550.486774504
4 4 8 1 781.080747744
16 1 4 1 755.668162746
16 1 16 0 764.119788548
1 4 1 1 655.166823076
16 1 8 0 761.701935429
2 4 4 1 781.026583338
1 2 2 1 1003.46143525
4 4 2 0 777.522270302
2 1 8 0 1228.85521417
8 2 8 1 773.806602046
1 4 4 0 512.928837181
32 1 32 1 744.938574786
2 4 16 0 1357.90951488
2 2 8 0 866.745381039
4 1 16 0 772.782111311
4 4 1 1 777.221285389
8 2 2 1 778.390236077
1 4 1 0 588.003687547
32 1 8 1 723.005192052
32 2 2 0 757.113096058
4 2 32 0 776.063771603
8 2 4 0 772.338660837
4 1 1 0 774.864795689
2 2 2 1 782.245602084
1 1 4 0 1391.39026857
4 2 4 1 762.563243291
2 4 8 0 1338.96253882
32 2 2 1 754.243860061
1 4 4 1 786.692525478
1 2 8 0 2237.21700332
4 2 1 1 779.840217054
2 4 32 0 1941.58787461
16 1 4 0 757.933610925
2 1 1 1 421.077052472
1 4 2 0 2303.14160982
4 1 16 1 768.92324084
2 4 1 1 1424.45017478
4 2 4 0 776.041271273
32 2 32 1 754.497230677
16 1 32 1 754.571000444
2 4 1 0 782.743141741
8 2 8 0 763.632774914
1 4 16 0 569.78670815
8 1 2 1 759.250076966
2 2 4 0 1274.47031068
1 2 16 1 744.763377245
1 1 16 1 652.052513006
16 1 1 0 754.726829682
2 1 2 1 999.249670484
16 4 16 0 737.196250222
32 4 4 1 727.380750373
32 16 2 0 737.966568832
2 8 32 1 772.719796565
1 8 2 0 2403.02606684
32 8 16 0 753.825830213
32 4 16 1 749.504650293
8 16 32 1 770.655619475
32 8 2 1 742.730598713
8 4 16 1 772.881699512
16 8 4 0 751.421355806
2 8 1 0 756.424202071
8 16 2 1 768.328024977
2 16 32 1 776.197058755
32 4 16 0 748.596713377
16 4 8 0 771.227996826
2 16 8 1 772.264139546
1 8 1 1 2051.41693934
32 4 1 1 745.506806374
8 8 8 0 779.437977517
16 8 4 1 769.140481916
16 8 16 0 753.325122758
32 8 1 0 741.426476458
2 8 8 0 1758.49319777
32 16 1 1 765.686624322
1 16 16 1 1108.21575803
32 8 4 0 739.889687591
32 16 16 0 734.407597998
2 8 16 0 1681.97590744
1 16 8 1 1143.19025871
8 4 16 0 774.806446842
4 16 4 1 776.989754435
4 8 2 0 779.064326967
32 16 16 1 737.935395532
32 4 2 1 755.561745223
8 8 2 0 770.358837532
16 16 2 1 767.883541598
32 16 2 1 739.474182317
8 8 8 1 747.396678618
1 8 32 0 587.552791398
8 16 4 0 775.210279732
2 16 8 0 1596.6158961
8 4 4 0 772.141422264
8 4 8 1 772.604186375
32 8 4 1 745.598043804
16 16 1 0 768.326136468
4 8 4 1 776.430391291
16 8 16 1 747.088515208
32 8 16 1 743.340681336
32 16 32 1 746.974148698
4 8 32 1 767.909088882
4 8 1 1 777.521361022
32 8 2 0 751.86127625
2 8 2 1 1575.37946332
32 16 1 0 735.152355503
16 8 8 1 752.460736839
1 8 8 1 595.686656583
32 16 8 0 739.077530729
1 8 4 0 568.824074566
8 4 2 0 751.838246437
1 32 1 0 1700.39947016
8 16 1 1 751.80097898
1 16 4 1 1733.65177427
32 8 8 1 737.147758117
1 16 1 0 1969.58649053
1 16 2 1 797.399793332
32 8 32 1 762.723087578
4 16 8 1 774.647897328
8 8 32 0 771.012326644
32 4 8 0 743.595818385
16 4 32 0 769.663111427
2 16 1 0 777.069352067
32 4 8 1 740.933244621
16 4 1 1 758.137686712
4 16 8 0 765.537758597
2 8 4 0 771.086307507
8 4 8 0 765.366001305
4 8 8 1 777.125741834
1 16 8 0 574.151525491
8 8 4 1 774.061143213
16 4 1 0 757.803344918
2 16 16 0 1411.75551692
16 16 32 0 754.325166134
2 8 4 1 1599.5633476
8 16 2 0 778.353799405
16 16 2 0 753.941163747
32 16 32 0 765.062065394
32 8 32 0 748.642425054
16 4 2 0 768.101679047
2 8 1 1 1643.32529637
1 8 16 0 2277.77530034
8 4 1 1 749.46482557
32 4 32 1 762.236664411
16 4 4 1 746.529172534
8 8 2 1 772.76282075
32 16 4 1 751.757165031
32 4 1 0 733.904329386
1 8 16 1 1872.36364554
32 4 4 0 739.326684609
4 16 1 1 777.862450715
16 8 1 0 751.24509338
4 8 4 0 774.73295786
16 8 2 1 762.236404682
4 8 16 1 775.5417653
32 16 8 1 745.33409906
4 16 32 1 774.365599098
8 8 16 1 770.099519939
8 4 1 0 779.00725425
2 8 2 0 607.986554499
8 8 4 0 769.720420538
4 8 2 1 773.8511751
32 8 8 0 741.761490575
2 16 2 1 1648.44613057
16 16 4 0 752.044072284
16 8 32 0 765.375213105
8 4 2 1 772.03130009
16 8 32 1 746.787895396
16 16 4 1 748.715970562
2 16 32 0 2180.03636795
16 8 8 0 773.08391689
16 4 8 1 759.773666428
16 16 32 1 746.087266438
8 8 1 1 752.519539344
2 8 8 1 774.466732632
1 16 2 0 506.53002173
32 8 1 1 743.101604954
16 16 1 1 759.206813036
4 16 2 0 779.10629396
1 16 4 0 1411.98187659
2 16 1 1 1767.83638494
4 16 4 0 777.303209418
8 16 16 0 769.902346738
2 8 32 0 1690.31101722
2 16 2 0 778.800729112
8 16 32 0 754.598679095
1 32 1 1 523.860101457
8 16 1 0 770.83693111
1 8 8 0 558.626491723
4 4 32 0 776.899234092
16 16 16 0 743.821034941
8 8 1 0 766.8769429
8 16 16 1 761.795834399
16 4 32 1 764.980164226
4 8 16 0 776.348861628
4 4 32 1 782.069969222
1 8 32 1 704.340687309
16 4 4 0 763.006032999
2 16 4 0 772.79666955
16 16 16 1 749.361408306
1 8 2 1 551.506641749
8 4 4 1 768.602856518
8 16 8 0 755.888167627
16 16 8 0 748.323248916
1 16 32 1 1002.76196841
16 8 1 1 761.833826407
2 8 16 1 775.913173541
2 16 4 1 1409.48362933
4 16 16 1 749.023900346
4 8 8 0 779.81340818
16 4 2 1 766.537693153
8 4 32 1 770.29463071
8 8 16 0 769.274336169
1 8 4 1 2145.08767309
4 8 32 0 773.539093191
16 4 16 1 756.831561496
8 8 32 1 767.101805717
1 32 2 1 1573.79216796
16 16 8 1 769.247672914
8 16 4 1 766.789146711
32 16 4 0 755.39002123
4 16 16 0 769.523347636
1 8 1 0 738.874914296
16 8 2 0 768.344917505
2 16 16 1 781.194822375
1 16 16 0 2293.09781662
8 4 32 0 771.422734954
4 16 1 0 775.624758731
4 16 2 1 774.176500515
8 16 8 1 767.132113081
4 8 1 0 763.741342472
1 16 1 1 1800.29289333
1 16 32 0 1639.62760587
4 16 32 0 779.278570497
32 4 32 0 766.643357946
32 4 2 0 734.594701893
2 2 16 0 775.339094435
32 1 4 1 711.635210724
8 2 4 1 773.442597492
1 2 16 0 1004.37968205
8 1 16 0 759.885909354
8 2 16 1 776.599351921
8 32 8 0 771.050274564
4 2 1 0 773.070658602
8 32 4 1 737.707000177
1 1 16 0 1332.43960624
8 1 32 1 760.873833497
8 1 8 1 770.118760611
2 1 1 0 1158.41834235
4 32 8 1 764.868694319
32 1 8 0 736.867798804
1 2 1 0 533.966497974
8 1 2 0 756.709505189
4 2 2 0 762.615502601
1 2 32 1 2011.33254859
8 1 16 1 759.827348015
