32 1 16 1 2036.30032372
1 1 1 0 691.21945801
2 1 2 0 909.826400292
32 1 8 1 2524.56721818
1 2 16 0 1318.21547923
8 1 8 1 1838.45217696
4 1 32 1 1081.68406779
2 1 8 1 888.788029463
8 1 16 0 1847.53398839
2 1 1 1 977.594268519
2 2 32 0 1119.02541577
2 1 8 0 908.889616242
2 2 8 1 980.100810898
2 2 16 0 1030.02685633
2 1 32 0 758.483459865
4 1 16 1 1200.39635885
4 2 32 0 1377.86605424
16 1 8 0 1743.72148441
16 1 16 1 2378.24465331
1 1 16 0 1584.60719932
1 2 2 1 1955.71307196
2 1 4 0 771.536748849
8 1 1 1 1916.02816268
4 1 4 0 1229.20077673
4 1 8 1 1354.78785389
32 1 2 1 3003.17481451
2 1 1 0 967.056311644
4 2 32 1 1067.14280736
2 1 2 1 820.830209865
1 2 8 0 1468.23743029
4 2 16 0 1280.64368335
4 2 1 0 1589.5251048
2 2 1 0 1079.89776739
1 2 2 0 820.168573564
1 2 32 0 842.798542566
1 1 1 1 527.899841005
1 1 32 0 1183.36859274
1 1 4 0 1414.69430585
8 1 2 1 1905.12018172
8 1 8 0 1991.95369828
4 1 8 0 1203.39183934
8 1 2 0 1551.90958394
2 2 32 1 994.014451009
32 1 32 1 1244.10784243
4 2 4 0 1449.168702
1 2 4 1 943.681966884
4 1 32 0 1183.03140366
4 2 4 1 1450.6780281
4 2 2 0 1287.88360332
4 1 16 0 1202.88903218
4 1 4 1 1306.91926306
1 1 8 0 917.285021646
16 1 4 1 1869.03375273
16 1 4 0 2442.31337223
32 1 4 0 2134.10684105
8 1 4 0 1920.14756031
8 1 32 0 1591.22996302
8 2 1 0 2112.06963165
8 2 2 1 1731.51224147
16 1 16 0 1234.15050294
32 1 1 1 2682.79761748
4 2 16 1 1485.74165095
1 1 32 1 976.835307392
4 2 8 0 1655.40855557
32 1 16 0 1994.86182229
1 2 16 1 856.078164089
16 1 1 1 2109.39963336
4 1 1 1 1343.46533747
2 2 4 1 922.005729967
16 1 8 1 1777.99269191
8 2 1 1 2209.35194974
1 1 2 1 733.758697041
4 2 8 1 1547.06504425
32 1 8 0 2720.57368961
4 2 1 1 1476.64570959
16 1 32 0 1139.94926719
1 2 4 0 1295.13380941
32 1 32 0 1533.03520164
1 1 16 1 1185.53775909
16 1 2 0 2410.04563928
32 1 2 0 2123.12480157
16 1 2 1 2227.94532647
1 1 8 1 713.313956574
1 1 2 0 1078.2763932
1 2 1 0 1544.49330754
8 1 32 1 1432.71490711
16 1 32 1 1430.99888613
2 2 16 1 958.100970873
32 1 4 1 3036.19371624
2 1 16 0 933.596097095
2 2 2 0 969.119652824
4 2 2 1 1465.45842257
8 1 1 0 1897.53532174
1 2 32 1 2013.95008896
2 2 2 1 902.428828503
1 2 1 1 1215.53628668
2 1 4 1 843.843743642
2 2 8 0 1082.70785195
8 1 4 1 2052.64886795
2 1 16 1 822.379614103
4 1 2 1 1258.77553006
2 2 1 1 989.281697872
2 2 4 0 1056.8723226
32 1 1 0 2310.98785501
16 1 1 0 2568.4762968
4 1 1 0 1406.17801716
1 2 8 1 1921.18701529
8 1 16 1 1752.54023029
4 1 2 0 1306.00759892
2 1 32 1 824.337502389
1 1 4 1 1061.05105304
16 8 1 0 2985.50113831
32 8 1 1 3197.09510715
8 4 2 1 1995.20332231
16 8 32 0 1609.02781602
32 4 32 1 1768.49312339
2 8 16 1 1140.58588535
32 2 8 0 2764.88765132
4 4 16 1 1538.18490467
4 8 32 1 1492.6084818
2 8 8 1 1132.85625046
1 8 2 0 1267.40001264
16 4 32 0 1359.93941764
4 4 1 0 1453.8607389
16 2 4 0 2695.21051843
16 2 1 0 2778.58953568
16 2 8 0 2071.58189024
4 4 8 1 1527.28261955
32 4 16 1 2469.81712437
4 4 8 0 1449.12271424
4 8 8 1 1640.13241784
16 8 16 0 2071.73005431
16 8 8 0 2576.90292739
32 8 32 1 1521.66091497
16 8 4 0 3108.93168408
4 4 4 1 1560.52095191
8 2 8 0 2093.6806725
32 2 4 1 3125.47935597
1 4 16 0 1740.06288479
32 8 8 0 3007.91667274
1 4 16 1 1334.10557563
4 8 4 0 1697.94970927
32 4 4 0 3045.32591454
8 4 4 1 1958.16773584
32 8 2 1 3262.95325695
16 4 4 1 2523.7927549
2 4 32 0 961.712458954
8 8 32 1 1516.07211434
32 2 1 0 2900.11958669
1 4 8 1 1967.69135866
32 8 8 1 3066.55026034
8 2 8 1 2024.12855806
8 8 8 1 2069.26676864
16 2 2 0 2546.43547588
2 4 8 0 921.160285303
16 2 1 1 2774.53652932
2 8 1 1 1142.88900857
8 2 4 0 2115.54080614
4 8 16 0 1592.47712626
1 8 32 0 1349.26415971
4 4 2 0 1581.04411533
32 8 4 0 3157.63335502
32 2 4 0 2875.24801513
32 2 32 0 1401.35617687
1 8 4 1 1948.34681295
1 4 2 1 468.34613611
8 8 32 0 1490.16594456
16 8 4 1 2831.76638933
2 8 16 0 1161.67514161
32 2 1 1 2819.77369305
32 8 16 0 2360.82404347
32 4 8 1 2744.77923949
8 2 2 0 2100.79273092
32 2 32 1 1604.32638094
32 2 16 0 2435.12364739
2 8 4 0 1022.49108653
32 2 2 0 3352.45604714
8 4 8 1 2046.73176382
4 8 2 0 1600.47895935
8 8 4 1 2194.83382437
1 8 16 0 1078.94790782
1 8 32 1 1221.83475579
1 8 2 1 750.439053913
4 4 32 0 1654.91762297
32 8 4 1 3300.96773362
16 2 32 0 1625.38736024
2 4 8 1 993.047313874
4 4 16 0 1258.50559064
16 4 8 1 2103.93563803
8 4 16 1 1811.63849843
8 4 16 0 1874.45158814
16 4 16 1 2066.12887645
16 4 1 0 2436.87806546
2 8 1 0 1072.33072388
8 4 8 0 2204.40154642
16 2 16 0 2467.30801506
8 2 16 0 1694.78751738
2 4 2 0 973.740680384
8 4 32 0 1579.90951096
1 8 8 1 1329.75396008
16 4 8 0 2541.47074548
16 2 16 1 2235.69624875
16 8 1 1 2588.78382256
8 2 32 1 1641.00369305
1 16 1 1 1233.71207516
4 8 16 1 1659.06721432
2 8 2 0 1265.79382883
2 4 2 1 1030.88856447
2 4 4 1 1068.9501079
32 8 32 0 1900.63141325
8 2 32 0 1388.32081256
32 4 4 1 3339.17273082
8 4 32 1 1460.89777029
16 2 32 1 1761.77469365
8 8 8 0 2238.01025915
2 8 4 1 1033.13028642
1 4 4 0 1724.5625647
32 8 2 0 3446.4457801
8 8 16 1 1997.50320324
4 8 8 0 1737.32361977
8 2 16 1 1747.36214214
1 8 16 1 1551.99152826
1 16 1 0 1760.77938271
16 4 2 1 2841.30908256
2 8 32 0 1147.40525378
1 4 32 1 1900.66834054
8 8 2 0 2215.64685644
1 4 4 1 1288.35661734
2 4 32 1 871.453021972
8 8 4 0 2044.85823445
32 4 2 0 3278.22352681
2 8 2 1 1337.81577501
1 8 1 0 1891.82386304
32 4 1 0 2849.63934048
2 4 16 1 1014.24397883
8 4 4 0 1708.37814112
1 4 1 0 1866.45130824
32 4 1 1 3306.55935191
32 4 32 0 1797.16940021
16 8 32 1 1778.19210584
16 2 8 1 2722.32668069
8 4 1 0 1959.07156036
4 8 32 0 1571.94152302
16 8 8 1 2700.5969266
16 4 32 1 1632.55687899
32 4 16 0 2482.28681785
8 4 1 1 2161.04922703
2 8 8 0 1241.98745005
32 4 8 0 2961.20217394
1 8 1 1 1333.81840868
1 4 32 0 1494.30649314
4 4 2 1 1441.15804169
16 4 16 0 1732.38911302
4 8 1 0 1593.81172724
8 8 1 0 2256.2149049
4 4 32 1 1305.32876011
4 8 1 1 1678.23198901
16 4 2 0 2875.78299857
32 4 2 1 3429.31802591
8 8 16 0 1902.03115307
1 8 4 0 1012.92447824
4 8 4 1 1814.94888034
2 4 1 1 1110.64998499
32 2 2 1 2916.9127216
2 4 16 0 862.298469087
2 8 32 1 1193.25564857
1 8 8 0 1280.08566178
8 2 4 1 1867.87354618
32 2 16 1 2341.91596878
16 8 16 1 2327.98168248
32 8 16 1 2190.52889384
1 4 1 1 1671.81146566
4 4 4 0 1501.49572917
16 8 2 1 2947.02758079
1 4 8 0 736.403617027
4 8 2 1 1544.71052435
16 4 4 0 2218.15291447
8 8 2 1 2154.51439749
16 4 1 1 2522.97297149
16 8 2 0 2885.68691687
16 2 4 1 2452.57698322
8 8 1 1 2071.24859854
2 4 1 0 1019.14372683
16 2 2 1 2169.25705423
8 4 2 0 1912.19258232
1 4 2 0 607.246119321
2 4 4 0 981.550301532
4 4 1 1 1373.92452317
32 8 1 0 3474.89358139
32 2 8 1 3158.59278005
32 16 32 1 856.269282052
32 16 1 0 3226.71544361
1 16 4 0 1804.13693278
32 16 16 1 819.146811578
32 16 2 1 3005.49931931
2 16 8 1 1215.11629773
32 16 4 1 2550.67860239
32 16 4 0 2839.93994078
1 16 32 1 1737.06355367
8 16 1 1 2059.32773401
8 32 8 0 2290.86282595
1 32 8 0 876.951666512
8 16 32 1 1708.07261926
2 16 4 0 1205.84500422
4 16 16 0 1518.60385157
4 32 2 1 1576.80839173
8 32 1 1 2002.30946795
1 32 4 1 1116.16763283
32 32 4 0 3079.07806674
4 32 16 0 1595.4112765
16 16 8 1 1948.53605424
4 16 8 0 1542.32683408
1 16 32 0 1014.52854004
32 32 16 0 2150.09670374
8 32 4 1 2002.71225945
1 16 2 1 1117.47609716
16 32 1 0 2795.89803682
2 16 16 1 1148.60405289
8 16 2 0 2015.18466905
8 32 2 1 1758.41908504
16 32 32 0 1852.01385162
2 32 1 0 1138.0336804
16 32 4 0 2836.08691848
32 32 32 1 1686.88557386
16 16 8 0 2477.06235913
4 16 4 1 1501.31560401
2 32 2 0 959.714837841
4 16 32 1 1427.38688104
16 32 8 1 2355.9462425
16 32 16 1 2220.00138562
1 32 1 0 1599.45468183
16 32 8 0 2272.72614637
16 16 32 1 1884.98489986
4 16 32 0 1565.10975039
32 32 8 0 2921.11782508
1 32 32 1 625.269843477
16 32 2 1 2668.36394556
4 32 16 1 1209.03924443
2 16 32 1 1063.32338352
1 16 4 1 1408.98271993
4 16 2 0 1639.64007097
4 16 8 1 1742.17816242
8 32 16 0 1121.4348111
32 32 2 1 3386.31782538
8 32 32 1 1710.74360219
32 16 8 1 2599.90189446
16 16 1 0 964.528409132
2 32 4 0 1068.57487964
4 32 1 1 1552.81150507
32 32 16 1 2232.26940156
16 32 32 1 1835.47643543
8 32 16 1 1849.26722114
2 32 32 0 1181.13423711
32 32 4 1 2902.43942223
8 16 32 0 1725.0237514
8 16 2 1 1866.75019255
8 32 1 0 1940.50568825
1 16 8 0 1089.62008075
32 16 32 0 1820.95350408
2 32 1 1 1401.58009662
4 16 4 0 1464.41379135
1 32 32 0 1352.21029959
1 32 16 1 655.199133633
2 32 4 1 1179.74199572
1 16 8 1 656.317760212
2 16 1 0 1122.76814891
4 16 1 1 1572.2407554
32 32 1 0 3095.73642404
32 32 1 1 2889.68847517
1 32 16 0 855.9182598
32 16 8 0 3087.45849382
16 16 32 0 1923.7967597
8 32 2 0 2053.59920332
1 16 2 0 651.31163699
8 16 8 1 2130.61194374
8 16 16 1 1714.9108005
2 16 32 0 1088.29009515
2 16 2 0 1194.37327415
8 32 4 0 2271.01783673
1 16 16 0 1307.56512855
2 16 2 1 850.94191205
1 32 2 1 1702.83815488
1 16 16 1 1306.17861129
8 16 16 0 1841.96729011
32 16 1 1 2867.28050207
1 32 2 0 973.638551071
2 32 8 0 1041.49387129
32 32 8 1 2501.94813621
32 16 2 0 3072.4442882
32 32 2 0 3043.35528426
8 16 8 0 2087.86201449
16 32 1 1 2433.28207593
2 16 8 0 1161.55710627
2 16 4 1 1067.13489293
8 16 1 0 2074.91137536
1 32 4 0 1477.99939468
16 16 4 0 2629.400821
4 32 4 0 1516.55022874
2 32 16 0 1052.06656457
2 16 16 0 1030.61535373
8 32 32 0 1718.99034226
4 32 32 1 1311.98439124
16 32 16 0 2460.7461912
4 32 32 0 1546.62345826
2 16 1 1 1176.02157875
32 32 32 0 1855.53926187
4 32 8 1 1610.20648274
4 32 2 0 1533.67853342
16 16 2 1 2710.55500449
32 16 16 0 2058.95779192
4 16 1 0 1523.45251871
8 16 4 1 2162.38908504
16 16 4 1 2807.46702265
1 32 1 1 888.28034669
4 32 4 1 1613.94584616
16 16 16 0 2130.56248376
16 16 2 0 2987.41535428
8 16 4 0 2012.8669058
4 16 16 1 1590.48608225
16 32 4 1 2783.56386079
16 16 16 1 2348.70257984
2 32 16 1 1210.30870407
2 32 8 1 1151.88646819
16 16 1 1 2685.21212815
4 32 8 0 1599.63385481
4 16 2 1 1405.00964713
4 32 1 0 1525.772131
16 32 2 0 2632.87020898
2 32 2 1 1085.93976032
2 32 32 1 1084.03667388
1 32 8 1 1655.7527494
8 32 8 1 1536.02191901
