4 16 16 0 997.565516626
4 4 4 0 1199.16534505
32 8 2 0 2599.85881492
4 16 1 0 1174.42478556
2 16 8 1 715.001335953
4 4 8 0 1038.68944407
2 16 2 0 727.715868882
2 8 32 0 725.760922065
2 8 2 0 674.773252712
4 8 32 0 1116.30247583
4 16 8 0 1159.6814827
4 16 2 1 997.872378252
4 4 2 1 1158.14324234
1 16 1 0 853.73825336
2 8 32 1 716.503834884
1 16 2 1 1360.64754761
8 4 32 1 1556.53432771
8 8 4 0 1446.82190493
4 8 1 0 1104.31252562
8 4 8 1 1349.5846149
16 8 4 1 1987.10268959
32 4 4 0 2774.00686686
8 16 1 1 1437.72324878
2 16 2 1 743.727442764
1 8 2 0 657.991065702
1 16 1 1 714.383800832
32 8 2 1 2675.00023341
8 8 32 1 1444.92600949
4 4 1 0 1076.64919638
4 8 2 0 1013.93819964
2 8 1 0 812.469731256
32 4 1 0 2726.18908506
32 4 4 1 2651.16818146
8 8 1 1 1399.97987872
16 8 2 1 2126.42133045
4 16 4 1 1035.48842273
32 4 1 1 2633.61678339
1 16 8 0 956.86999125
4 16 32 0 1228.53708173
8 16 2 0 1487.37070107
1 8 4 0 1198.03906187
16 4 16 0 1904.55875362
32 8 16 0 2653.85076083
8 8 16 0 1529.46107842
8 8 1 0 1470.57238505
16 4 4 0 2145.41537498
32 8 4 1 2608.04167824
1 16 4 1 1214.57435121
32 8 1 1 2361.28036821
2 8 4 0 815.788903094
4 8 32 1 1169.08728058
1 8 16 0 1211.382774
4 16 2 0 1009.70568065
8 8 16 1 1390.72704911
4 16 4 0 1025.94934811
1 8 4 1 912.646163347
4 4 2 0 1147.38981951
1 16 4 0 789.659515467
1 8 32 1 460.002030862
2 16 4 1 755.521231737
16 8 32 0 1855.16290083
16 4 16 1 2076.2121178
1 8 1 1 870.917672619
8 8 2 0 1438.1326384
8 4 16 0 1410.23563914
1 8 2 1 682.090411693
2 8 2 1 604.252813896
32 4 16 1 2332.23377101
8 16 1 0 1347.24232341
16 8 1 1 1966.26554153
16 4 8 1 2216.34585164
1 8 32 0 1043.9402636
1 8 1 0 683.991618038
2 16 32 1 648.185091272
32 8 4 0 2661.03626418
8 8 8 1 1496.80805103
8 4 2 0 1554.06872032
1 8 8 0 976.89613078
1 16 2 0 767.821939056
4 4 8 1 1066.66685357
2 16 16 1 780.456077014
16 8 2 0 1867.9950324
16 4 2 1 2241.37066264
4 16 16 1 1125.63603941
16 4 4 1 2172.06452715
32 8 8 1 2507.85483352
32 4 16 0 2539.16062039
4 8 4 1 1025.81645572
4 8 16 1 1004.87702119
8 8 8 0 1529.30565885
8 4 4 1 1546.7389492
16 8 32 1 1915.10491109
32 8 1 0 2786.67124891
8 8 2 1 1443.14855256
8 4 2 1 1503.26650441
16 4 32 0 1763.07356231
2 8 4 1 722.830613152
8 4 1 0 1556.99158782
16 8 16 0 1895.22779521
32 8 8 0 2473.08872009
2 16 8 0 832.958300415
16 8 8 1 2225.60704796
4 4 16 1 1092.63579769
4 8 8 1 1045.83824339
16 4 2 0 1908.42067381
1 16 16 1 1129.31364462
32 8 32 1 1818.51097261
2 16 1 1 736.254813609
8 4 32 0 1622.6010371
2 16 1 0 711.536705412
8 4 1 1 1711.75610182
2 8 16 0 688.995367329
4 4 4 1 1145.05989627
4 4 16 0 1182.37463936
1 16 8 1 1023.98228797
32 4 32 1 1837.54217947
4 8 16 0 1033.21211203
8 16 2 1 1514.52732095
2 8 1 1 739.358923505
2 8 8 0 782.241115291
2 16 4 0 687.362514635
32 8 32 0 2494.14939511
2 16 16 0 746.915826983
2 4 32 0 738.043835415
2 16 32 0 627.378743924
4 8 4 0 1108.51239865
32 4 8 0 2386.43540389
1 16 32 1 611.58079128
16 4 32 1 2042.06674495
8 8 32 0 1352.88226507
16 8 8 0 2117.93710754
16 8 16 1 2054.56106589
16 4 1 1 1879.11005285
8 4 4 0 1712.04608154
4 8 2 1 1221.45859868
8 8 4 1 1447.69066777
16 8 1 0 1726.11613492
32 4 2 0 2396.6388786
1 16 32 0 1506.29812774
16 4 1 0 1963.98550581
32 4 8 1 2708.4758874
2 8 8 1 697.253515484
4 32 8 0 1136.72741868
4 1 8 1 1156.23327863
1 1 16 1 678.676930523
1 32 2 1 1173.69998996
2 1 16 0 782.416362568
16 32 32 1 1805.59417889
1 32 8 1 980.660669457
2 1 4 1 933.783965129
1 32 4 0 1296.17789126
2 1 8 1 933.071667261
8 16 16 0 1542.30050301
1 32 32 1 1086.40915846
32 16 32 1 1054.19041397
8 16 32 1 1622.08561502
1 32 8 0 1304.66899175
16 32 2 0 2009.90741027
2 32 16 1 730.33618944
16 16 32 0 2026.01218672
1 32 1 0 532.504453374
16 16 1 1 1866.08340314
16 1 4 1 2546.36219845
32 32 16 0 2121.27665549
8 32 8 1 1524.35503317
8 1 32 1 1272.53300447
8 32 1 0 1470.73520225
4 32 4 0 1170.78948551
4 1 2 1 1296.9409667
32 16 1 1 2385.6443072
8 32 2 0 1498.21523167
16 16 16 1 1807.56978844
16 1 4 0 2533.54847982
2 32 2 0 678.130955132
32 32 16 1 2279.55070527
8 1 2 1 1781.73216985
8 16 8 0 1455.6622271
8 32 8 0 1557.04406966
4 1 16 1 958.238827224
16 16 4 1 1833.83371273
1 32 1 1 942.213262579
32 32 8 1 2310.88098065
32 32 2 1 2125.59417618
16 1 1 0 1758.09370942
16 16 8 0 2005.28985611
8 1 1 0 1477.15328654
32 16 16 0 1531.66893911
32 16 4 0 2516.18760129
32 16 32 0 1531.66552722
32 16 8 1 2341.13390946
4 1 1 0 1313.52693892
8 16 4 0 1583.62531109
32 16 1 0 2364.86810912
1 1 1 1 413.172056724
1 32 16 0 1061.23259898
2 32 4 0 720.604053101
1 1 2 1 1410.69253705
2 32 1 0 656.732427073
8 1 1 1 1757.33699252
32 32 4 0 2448.81321922
8 32 16 1 1409.14158406
8 16 32 0 1502.25442267
16 1 8 1 1783.88210876
4 32 2 0 1208.34467466
32 32 2 0 2401.11376546
2 32 32 0 828.701540581
4 1 2 0 1325.61558639
16 16 32 1 1958.80143755
1 1 32 1 1393.97817916
4 1 4 1 1428.22007044
8 32 32 0 1528.70641544
2 32 8 1 706.237543254
16 32 32 0 1877.77671286
2 1 32 1 795.7555802
32 16 2 0 2267.43916634
2 1 8 0 889.335640797
16 32 2 1 2108.21875342
8 1 16 0 542.048732215
4 32 1 1 1008.96192194
2 32 4 1 684.582742204
1 1 2 0 1503.78683936
16 16 1 0 2090.93294417
32 32 4 1 2502.26720117
2 1 2 1 893.984514753
4 32 2 1 1068.53571952
8 32 2 1 1333.16883203
32 16 2 1 2448.04709975
32 16 8 0 2139.73202744
32 32 1 1 2502.73827015
1 32 32 0 1243.99099515
1 32 16 1 832.906474071
32 32 8 0 2480.06832437
4 32 1 0 1103.00184022
2 1 1 1 954.647541611
1 1 32 0 1429.79148215
4 1 1 1 1439.84329141
1 32 2 0 1245.23968504
32 16 4 1 2550.50378229
32 32 32 1 1953.86904354
8 1 8 1 1756.13681254
2 32 1 1 710.676400386
32 16 16 1 1828.29997031
4 1 32 1 1125.71774546
8 1 16 1 1320.78958331
1 1 1 0 856.149110094
4 32 32 0 1145.14584497
4 1 32 0 1002.16439136
8 1 8 0 1752.96648222
16 32 1 1 1919.74619756
16 32 1 0 1855.7045132
2 1 16 1 824.45239354
16 32 8 1 2112.79275247
16 1 2 1 1695.09183274
4 32 16 0 1061.26077964
1 1 8 1 1340.54528221
4 1 16 0 1033.77045182
16 1 1 1 2483.19433803
16 32 16 0 1952.43097284
8 1 4 0 1758.05725083
2 32 16 0 681.581919908
4 32 16 1 1176.46126561
16 16 2 1 1957.15575921
4 32 32 1 1141.4234729
8 1 4 1 1825.86800861
1 1 4 0 1382.80306454
4 1 8 0 1211.08292725
8 32 4 0 1485.28223899
8 16 4 1 1631.75724863
2 1 32 0 805.250630413
8 1 32 0 950.595607422
16 32 16 1 1847.18957866
32 32 1 0 2530.91019118
2 32 2 1 757.496637107
4 32 8 1 1103.03076725
32 32 32 0 2350.29120806
8 32 1 1 242.632716451
16 32 8 0 1958.34728579
16 16 4 0 1891.57879855
1 1 8 0 1489.5722272
2 1 4 0 826.277209091
16 16 16 0 1762.29969336
2 32 8 0 667.476092346
16 1 2 0 2523.09488055
1 1 16 0 1583.83501631
1 32 4 1 547.351719355
16 16 8 1 1982.13651018
2 32 32 1 704.819211295
16 1 8 0 2207.61266234
2 1 2 0 854.228252293
4 32 4 1 865.456750611
8 16 8 1 1623.76819389
8 32 4 1 1483.95104105
2 1 1 0 923.493471699
8 1 2 0 1954.61930743
16 16 2 0 2004.25495238
8 32 32 1 1387.89525213
8 16 16 1 1660.89952784
1 1 4 1 443.005855468
4 1 4 0 1389.5190153
16 32 4 1 1901.89973943
16 32 4 0 1799.90998037
8 32 16 0 1592.068293
4 4 32 1 1183.49400811
16 4 16 1 2007.74798243
1 4 1 1 1609.78168582
4 2 32 0 1168.62807761
8 4 16 0 1624.77724263
32 1 1 0 3025.83647028
4 4 2 0 1600.62349825
32 1 16 1 2027.75235111
16 4 16 0 2430.62974571
16 2 16 0 2106.66069359
32 4 1 1 3438.74764213
2 4 2 1 1265.86180964
16 1 16 0 1972.11892986
2 2 2 0 981.578555653
32 1 8 0 2008.89907332
16 2 1 0 2756.88120709
4 2 8 0 1259.4907472
4 2 4 1 1328.2923219
32 2 8 1 2411.75390226
16 2 16 1 2043.12578968
16 2 4 1 2683.51483583
2 4 32 1 953.571332689
1 4 1 0 595.710419832
32 2 1 1 3426.23901249
1 2 2 1 1612.05969894
8 2 2 1 2010.55658825
32 2 16 1 2388.10605512
8 4 32 0 1316.9965749
2 4 16 0 1077.44763672
1 4 2 0 1328.66359088
1 2 4 0 652.259755499
32 2 2 1 3339.10893095
1 2 16 1 1609.70583461
2 2 32 0 873.453480441
2 2 32 1 946.166576032
8 4 1 1 1960.53653467
4 4 1 1 1403.56968943
1 4 32 0 1884.47525044
16 4 8 1 2277.01753402
2 4 1 1 1053.66256386
8 4 8 1 2110.62595387
2 2 4 0 990.678763562
2 4 16 1 1008.55916406
16 4 4 0 3166.14091353
16 2 8 1 2473.10188068
8 2 1 1 1927.09386832
2 4 32 0 1074.40217039
16 2 8 0 2818.81086863
8 4 16 1 1260.03501349
8 2 1 0 2027.7474005
16 4 8 0 2113.25330144
8 2 16 0 1451.44214562
1 4 8 1 1547.37253341
1 2 16 0 1609.79937156
2 2 2 1 1085.04346589
32 1 32 1 1601.38447557
16 1 16 1 1586.49643444
4 2 16 0 1335.258074
2 2 8 1 1013.12251295
16 4 1 0 2251.56432779
32 1 32 0 1613.34546537
4 4 32 0 1248.51240092
32 1 16 0 2405.88521901
4 4 4 0 1533.61902086
2 4 4 1 890.774763179
2 4 1 0 1059.80920273
32 4 4 0 2943.48904966
8 2 16 1 1851.41871135
32 1 1 1 2288.59084528
1 2 8 0 1381.19901048
32 4 8 0 3002.37258836
8 2 4 0 2050.05680877
4 2 1 1 1532.02176006
4 2 16 1 1416.56092338
1 2 8 1 822.066822878
8 4 1 0 1976.6051274
1 2 32 0 2055.11705538
16 4 32 1 1406.75099411
32 2 8 0 2859.34859341
1 4 8 0 1511.5969192
8 2 8 0 1925.04682818
2 4 4 0 1102.10183338
16 1 32 0 1491.78022856
32 2 4 0 2850.01779371
32 2 32 1 1677.13730979
1 4 2 1 1079.50327812
1 4 4 0 557.09638602
4 4 1 0 1349.29087561
32 4 2 0 3437.18245095
16 2 32 0 1726.65299001
8 4 2 0 1947.61341197
1 2 32 1 1768.18143295
32 2 2 0 3273.259901
8 4 32 1 1228.71324933
32 1 4 0 2881.35870038
1 2 4 1 1746.25902163
32 4 2 1 3425.0962872
16 2 2 1 2474.83692082
32 4 4 1 2821.90995329
32 2 32 0 1598.06376348
1 4 16 1 1355.7693343
8 2 8 1 1935.66465499
32 1 4 1 2846.3134451
32 4 1 0 3837.89477887
4 4 8 0 1649.15917622
4 2 2 0 1604.87640464
2 4 2 0 975.780828944
16 1 32 1 1517.12446574
4 2 32 1 1074.78055285
8 2 4 1 2205.91396067
4 4 8 1 1617.98663415
4 2 1 0 1555.36339827
4 2 4 0 1358.02273875
1 4 32 1 713.131263377
2 2 16 0 970.544996056
32 1 8 1 2187.71525517
8 4 4 1 1991.62761335
16 4 2 1 2779.37818611
2 2 8 0 1028.94571673
16 2 4 0 2944.97476792
4 4 16 1 1320.70628046
32 2 16 0 2249.94448602
32 2 4 1 3312.84123411
2 4 8 0 1032.64286776
4 4 16 0 1477.77606179
1 2 1 0 458.884843804
1 2 1 1 1845.25138449
2 4 8 1 1066.70506341
4 4 2 1 1414.9179385
16 4 32 0 1867.36527069
4 4 4 1 1555.3690218
1 4 4 1 1568.99894197
8 2 32 1 1303.55972615
32 1 2 1 2622.29580882
32 2 1 0 2609.02835126
16 4 2 0 2835.89190293
32 4 16 1 2634.48788814
16 2 1 1 2741.19973766
4 2 8 1 1495.60630072
4 2 2 1 1483.08717366
8 4 8 0 1908.90258836
2 2 1 0 1001.30020357
2 2 1 1 1100.09791303
16 2 32 1 1353.60090819
32 4 8 1 3043.29389669
1 4 16 0 551.661872016
1 2 2 0 1163.42843318
2 2 4 1 1056.57174644
8 2 32 0 1227.73341509
2 2 16 1 971.928551588
16 4 4 1 2500.26837151
8 2 2 0 1891.97740506
8 4 4 0 2112.00372055
16 4 1 1 2232.79050989
16 2 2 0 2572.06266147
8 4 2 1 1973.98752102
32 1 2 0 2828.65025574
32 16 2 0 3329.84310571
1 8 16 0 1331.84887974
32 8 8 0 2792.25650196
32 8 1 1 3510.34687537
2 8 32 1 1000.705262
8 8 16 1 2106.47466892
2 16 2 1 1241.66750111
1 8 32 1 1267.6962529
8 8 4 1 2067.14578266
4 8 8 0 1669.37217742
32 16 16 0 2313.42550302
32 4 32 1 1834.58105672
16 16 2 0 2560.61630314
16 8 4 0 3079.03517672
1 16 4 0 1095.04304341
4 16 32 1 1332.28426087
1 8 4 0 1008.19892493
16 16 32 1 1935.11908934
8 8 32 0 1609.30073629
8 16 32 0 1179.27165108
2 8 2 0 1276.89089991
32 16 8 1 2789.85119589
16 16 16 0 2014.12460325
4 8 1 1 1868.49837547
1 16 2 0 1607.15132291
1 16 1 1 553.630830648
4 8 2 1 1619.60983371
4 8 32 1 1408.76934628
8 16 2 0 2214.45309069
8 16 8 1 2130.57947522
1 8 8 0 654.604649374
16 16 32 0 1470.25266514
4 8 1 0 1582.12553351
4 8 32 0 1243.82592553
4 8 16 1 1633.22511284
1 16 4 1 1080.35192507
32 16 1 1 3563.23104839
2 8 8 1 1185.36146592
1 8 8 1 1205.5118553
4 8 4 0 1554.84629388
4 16 32 0 1218.42537911
8 8 1 0 2249.00293039
2 8 1 1 1346.57204963
32 8 4 1 3444.23016091
8 8 2 1 2179.52189207
8 8 4 0 2222.17274267
16 8 2 0 3036.47462744
1 8 1 0 1435.05640366
32 8 32 1 2029.17869339
1 16 16 0 1023.36531387
32 16 4 1 3143.74652086
16 8 1 1 2776.31782846
32 4 32 0 1790.17568643
32 16 1 0 3620.90762335
8 8 2 0 2023.56237972
1 16 16 1 805.736187727
16 16 8 0 2496.46744468
2 16 4 0 1039.29243169
4 8 2 0 686.721929549
2 8 4 1 1200.48462302
4 16 16 1 1518.01025404
32 16 2 1 3282.80373384
8 8 1 1 2169.40602712
16 8 2 1 2534.17670095
2 8 16 1 1304.89879893
32 8 16 1 2524.03081958
1 16 32 1 314.637059159
16 8 8 1 2363.33745636
16 8 32 0 1797.78117955
16 8 1 0 2760.77694878
1 8 1 1 1258.72051867
16 16 4 1 2670.37585809
16 8 16 0 1988.59371779
2 8 1 0 1133.3655561
2 16 32 0 921.347082271
4 16 2 0 1578.26298829
1 32 1 1 591.191972758
2 16 2 0 919.868063287
4 8 16 0 1637.78885348
16 8 8 0 2820.3941945
1 8 32 0 1331.70210351
2 16 1 1 1021.32508083
4 8 8 1 1575.63168905
1 16 32 0 350.226029638
32 16 8 0 2999.2580398
16 16 2 1 2715.69686479
8 16 4 0 2320.95329947
1 16 2 1 748.270648796
8 8 32 1 1761.70803943
2 8 16 0 777.658441572
2 16 8 0 1024.79529032
32 16 16 1 2300.9314292
8 16 8 0 1886.21526157
2 16 32 1 1155.31961369
1 16 1 0 1817.26540084
2 8 8 0 1065.60408019
32 8 4 0 3434.55371341
32 8 2 1 3882.94179562
8 8 8 1 2023.90393844
32 16 32 0 2042.93387502
32 8 1 0 3529.8627104
1 8 2 0 578.773738779
2 16 1 0 908.396813158
16 8 4 1 3017.90404934
2 16 4 1 1137.45479617
8 16 16 1 1780.3311433
8 16 4 1 2086.2950114
4 8 4 1 1800.21875288
32 8 32 0 2036.42927067
16 8 32 1 1905.61846323
8 8 16 0 1962.72267872
16 16 8 1 2827.93316302
8 16 2 1 2114.52336343
16 16 16 1 1978.46571506
2 8 2 1 1172.42176425
2 16 16 0 1253.16391223
4 16 1 1 1426.78228002
4 16 16 0 1447.66754742
8 16 1 0 2228.18647952
4 16 4 0 1456.18561707
4 16 4 1 1609.9903251
8 16 1 1 2125.63729304
1 16 8 0 1890.54746643
2 16 8 1 1110.84350642
32 16 4 0 3359.82865227
16 16 1 0 2609.3110537
4 16 1 0 1721.55421951
32 8 2 0 3554.38223144
16 16 4 0 2957.98929636
1 8 16 1 853.006487982
2 16 16 1 822.835340692
1 8 2 1 1053.53825892
8 16 16 0 1869.87450996
4 16 2 1 1401.23424346
4 16 8 1 1282.79905212
16 8 16 1 2106.37316668
32 16 32 1 1735.86172864
32 8 8 1 3061.11818382
1 16 8 1 526.376102787
8 8 8 0 2320.1369544
16 16 1 1 2654.6325769
8 16 32 1 1514.81929047
2 8 32 0 1074.20585379
1 8 4 1 1813.45065305
2 8 4 0 1175.33645178
32 8 16 0 1929.9349068
32 4 16 0 2624.33574268
4 16 8 0 1699.71747975
8 1 8 0 1920.03940913
8 32 8 0 2011.25534465
2 32 4 1 899.796610103
2 1 1 1 580.892458732
32 32 4 0 3185.95537121
8 1 32 1 2062.17252034
2 32 1 0 747.586562289
2 32 2 1 1004.04870909
1 1 16 1 1553.13576906
4 32 16 0 1532.56147758
8 1 2 1 2050.95104353
4 32 8 0 1217.42753847
16 32 2 1 2574.13349001
4 32 32 1 1429.2909039
1 32 32 0 1702.72267592
32 32 16 1 2275.98025727
4 32 4 0 1098.28779372
16 32 16 1 1920.58430042
16 32 32 0 1918.11765537
32 32 32 0 1917.97738234
4 1 8 0 1531.24806329
16 32 32 1 1940.52864919
2 1 8 1 979.42902633
4 1 2 1 1520.58215243
4 1 16 1 1253.17119777
8 32 32 1 1769.16281948
32 32 2 1 2781.996464
32 32 16 0 2211.23843766
2 1 16 1 1101.05146247
32 32 1 1 3376.25446393
1 32 8 1 844.515726333
4 1 1 1 1497.42188784
8 32 16 0 1793.22969858
4 32 2 0 1316.14597386
2 32 16 0 1018.19413814
2 1 8 0 989.820385869
16 32 1 0 2532.3828715
2 1 16 0 1037.20107064
8 32 32 0 1769.46662595
4 32 1 0 1371.08038719
1 32 2 1 1121.94645617
32 32 4 1 2872.4533725
2 1 32 1 984.000519643
8 32 8 1 2168.79281979
1 32 2 0 1533.01480593
4 32 1 1 1515.07816415
4 1 2 0 1381.99734564
8 1 2 0 1821.48672986
8 1 1 1 1842.37722391
1 32 16 0 1316.18368159
1 32 1 0 1773.74640703
16 32 8 0 2296.77091157
4 1 16 0 1540.52195935
2 1 4 0 1004.18119527
1 1 2 0 544.335552674
1 1 4 1 1118.16185122
32 32 32 1 1814.45571116
2 1 4 1 950.97331693
8 1 4 1 2067.7025317
2 32 8 1 1046.16305672
8 1 8 1 1802.44767382
32 32 1 0 3177.75458691
1 32 8 0 1796.88845407
16 32 8 1 2710.29455425
16 32 16 0 2133.20851237
2 32 4 0 1189.83180136
2 32 2 0 1161.4580462
16 32 2 0 3048.9605272
4 32 8 1 1368.59525576
32 32 2 0 3263.92880343
2 32 32 0 1357.42283992
4 1 4 1 1240.10144778
8 32 2 1 2042.19021678
1 1 16 0 283.849166122
2 32 8 0 1039.76617285
2 1 1 0 360.451920089
1 1 2 1 410.35221685
8 32 2 0 2073.66672954
8 32 4 1 2042.95974682
16 32 4 1 2529.6303641
4 1 4 0 1354.27182019
8 32 1 1 1954.59945035
1 1 4 0 298.334742484
1 1 8 1 1286.23887323
4 1 8 1 1193.70637857
2 1 2 0 849.377644435
4 1 1 0 1283.50445566
2 32 16 1 874.728990205
1 32 16 1 606.033084821
1 1 32 1 1016.63739658
1 1 8 0 303.834011724
2 32 32 1 759.920620037
4 1 32 1 1616.18290179
1 32 4 1 522.964585653
1 1 32 0 1141.63196039
2 1 2 1 910.592265428
2 32 1 1 1054.27802959
8 1 16 1 1683.63488276
4 32 32 0 1509.73170663
32 32 8 1 2549.81064811
1 1 1 0 334.857083512
8 1 4 0 1966.74709746
8 32 1 0 2253.10220158
4 1 32 0 1465.9566673
4 32 4 1 1543.92064584
8 1 16 0 1932.0084597
2 1 32 0 1156.4860114
4 32 16 1 1467.65157955
8 32 4 0 1881.293385
8 1 1 0 1812.46358289
1 32 4 0 1592.33500693
16 32 4 0 2641.03760858
1 32 32 1 1325.55931175
4 32 2 1 1276.59471845
32 32 8 0 2625.75439155
8 32 16 1 1864.34592542
16 32 1 1 2789.96263343
32 1 8 0 2259.24507322
16 2 4 1 2086.29302484
1 4 2 0 1092.27472354
16 2 1 0 1915.91663133
16 4 8 0 1966.41759848
8 4 8 0 1044.14322287
8 4 16 1 1198.80916079
4 4 32 1 1155.10344159
16 1 32 1 2110.12152938
2 4 16 0 753.809572367
16 2 16 0 2266.99531171
32 1 4 0 3108.50032739
8 2 2 1 1462.63019296
4 2 32 0 1217.54282526
1 4 2 1 1332.35593561
4 2 4 1 1104.02601477
16 2 4 0 2055.03194635
1 4 8 1 1072.52133598
4 2 32 1 1365.61453305
16 1 8 1 1935.82906764
8 2 1 0 1499.31590253
4 4 1 1 1036.30725401
4 4 32 0 1161.29367067
32 2 2 1 2709.66073037
16 2 32 0 2006.26474562
