1 1 1 0 281.971221625
1 1 32 0 698.586106833
1 1 32 1 142.484396534
4 1 1 1 774.277331448
1 1 16 1 723.051322238
2 1 16 1 875.434153081
1 1 1 1 162.188032821
1 1 2 1 409.266273005
1 1 4 0 633.966503005
2 1 32 0 780.345490495
1 1 16 0 754.182570481
2 1 1 1 454.446205806
2 1 4 0 913.8901971
2 1 32 1 655.086288278
2 1 1 0 510.390062024
1 1 2 0 445.581047951
2 1 4 1 546.578859779
1 1 4 1 637.107416029
2 1 2 1 520.200793968
2 1 2 0 606.05707163
1 1 8 0 698.226505426
2 1 8 1 846.197273778
2 1 16 0 802.901183746
1 1 8 1 735.860185787
2 1 8 0 1055.72827702
2 2 1 0 516.782899949
32 1 4 0 1248.53248408
16 2 1 0 1345.68755573
32 2 32 1 1172.19650575
8 1 32 0 1177.22967074
1 4 1 1 272.129375966
8 1 1 1 902.203236975
8 4 32 0 905.292316832
32 1 8 0 1211.22594671
2 2 32 0 941.722564365
16 4 4 1 1143.52338795
8 4 4 0 785.521306333
4 2 4 1 986.884639134
8 1 4 1 1086.36614352
4 1 16 0 983.256312471
32 1 16 1 1171.80968275
16 2 1 1 955.318827991
32 1 8 1 1111.24520128
16 4 32 0 1016.67936088
32 4 1 0 1194.35543736
8 4 8 1 1091.2730025
32 1 32 1 1150.20294654
1 2 4 1 540.271185776
8 4 16 0 841.199018894
16 4 2 0 1165.12942857
8 4 4 1 659.762842867
32 1 1 0 991.893627737
16 1 1 0 1261.99533495
16 2 4 1 1280.07121045
16 4 16 0 1022.61536771
8 4 8 0 1042.26389068
1 4 2 0 397.797533211
32 2 8 0 1136.63791195
8 2 2 1 808.646636439
32 2 4 0 1111.19166049
8 2 8 1 949.827883972
16 1 8 1 960.81648391
16 2 2 1 993.742539926
16 1 16 0 1186.34086123
1 2 2 1 318.596204544
2 4 1 1 491.640120243
1 2 8 0 616.303542009
16 2 4 0 1368.04509504
16 1 4 0 914.36981474
2 2 16 1 778.710985196
2 4 4 1 904.220948493
8 1 8 0 1296.11806678
32 1 32 0 1044.47840826
32 2 16 0 1218.45245732
4 4 4 0 630.815315035
1 2 1 0 275.16539944
4 4 32 0 938.913423564
4 1 2 1 776.421184034
16 2 16 0 935.594656912
16 4 2 1 769.354679708
4 4 8 1 707.92977817
8 1 16 0 973.643651927
4 1 8 1 1184.98418723
1 4 4 1 606.986891254
32 2 1 0 1132.56877547
4 1 32 0 996.667476181
8 2 4 0 842.742312772
4 1 32 1 778.485112461
1 2 8 1 719.92876585
32 4 4 1 1074.62148426
4 2 8 1 886.100635162
8 1 2 1 1000.64237842
8 2 32 0 1147.40656395
32 2 8 1 984.449722728
8 1 1 0 850.413627408
8 1 2 0 926.871734366
4 4 16 0 922.218391976
32 2 2 1 1151.06131737
16 2 32 0 1228.4474732
8 2 1 0 977.640914507
4 4 2 0 810.840001918
1 4 16 0 648.873871822
8 4 32 1 1080.15579003
16 4 4 0 1045.95874987
16 2 2 0 1159.10640482
4 2 16 1 891.585207497
2 4 8 0 853.189282458
4 4 32 1 623.885656332
4 2 4 0 827.993178664
32 1 2 1 1049.27050809
8 2 8 0 970.967812791
2 2 4 0 743.146519293
2 2 2 0 687.806577312
16 4 32 1 1052.11855768
2 4 1 0 492.727757112
4 1 4 1 868.84846878
32 2 4 1 1230.63675177
4 4 2 1 750.813252267
16 1 32 1 1145.50102153
16 4 1 1 864.519474336
4 4 1 0 734.681084603
2 4 32 0 944.996158711
2 2 8 1 1002.6778736
16 1 8 0 1118.18301498
4 4 1 1 753.027217771
8 4 2 1 1086.47085543
16 2 8 1 1096.97411256
1 4 32 0 673.308331507
2 2 1 1 408.876500518
2 2 8 0 765.307991629
8 2 32 1 951.886578529
4 1 2 0 782.243099447
2 4 32 1 749.284057199
8 1 8 1 1243.83874372
16 2 8 0 1237.27424008
32 1 2 0 1217.32986453
4 1 1 0 659.480426057
2 4 2 1 665.412942482
8 4 1 1 817.688528549
16 1 1 1 1046.23754368
4 1 4 0 966.318673949
1 4 8 1 620.636319603
32 4 1 1 989.875066144
32 1 4 1 1279.36087683
4 2 1 1 873.099641719
8 2 2 0 894.30531506
32 2 1 1 1105.3980977
16 4 8 0 1097.16018813
2 4 16 0 689.191550599
32 4 2 0 1261.37987399
1 2 1 1 291.060110771
8 2 16 1 975.851974814
2 2 4 1 971.969653799
16 1 32 0 1204.56152286
4 1 8 0 1098.23875313
8 4 16 1 793.024508741
8 4 1 0 902.621179394
1 2 16 0 638.55686506
1 4 2 1 367.628206091
16 1 4 1 1544.21012486
4 2 32 0 850.411278269
4 2 32 1 881.325474963
1 2 16 1 443.033418618
8 1 16 1 913.410659674
1 4 1 0 270.950338984
32 2 32 0 1238.88118905
4 2 2 0 781.316909701
8 2 16 0 1222.66710779
8 1 32 1 1293.5106137
16 2 32 1 1100.6184486
4 1 16 1 1020.00316222
1 2 32 1 719.617750637
2 2 32 1 679.675765825
8 4 2 0 897.497609644
1 4 8 0 640.229911949
4 2 2 1 827.876415069
1 2 2 0 408.068101888
32 2 2 0 1273.52209769
32 4 2 1 1096.68511763
16 2 16 1 1094.29465405
1 2 4 0 612.421315788
2 4 4 0 633.238861382
16 4 16 1 1191.72490695
2 4 8 1 945.352232868
8 2 1 1 984.783698677
4 4 4 1 870.578723413
32 1 16 0 1164.56976104
16 1 2 0 1395.67562624
16 4 8 1 939.907828864
8 1 4 0 1212.42583022
16 4 1 0 1164.74272705
16 1 2 1 1083.15819987
1 4 4 0 476.642921334
1 2 32 0 535.316819526
32 2 16 1 1134.54108026
32 4 4 0 1123.68196578
2 4 2 0 524.954100515
4 4 16 1 838.996646042
2 2 16 0 982.69594357
4 2 16 0 953.481599297
8 2 4 1 856.7439116
4 4 8 0 1028.94183366
1 4 16 1 686.106630404
2 2 2 1 737.248924452
2 4 16 1 877.178954572
1 4 32 1 590.329399913
4 2 1 0 765.885911411
4 2 8 0 885.303672417
32 1 1 1 811.785076299
16 1 16 1 1049.89524216
1 32 2 1 273.767532802
2 32 4 1 792.946721867
32 8 8 0 1056.44021065
4 16 4 1 719.699828221
32 16 2 0 1026.76295019
1 32 16 0 649.17435096
8 8 4 0 1037.37047339
32 8 4 0 1186.62394869
4 8 4 1 917.394793842
32 8 16 1 888.154771948
1 8 32 0 480.044851241
1 32 1 0 285.120985388
8 8 2 0 908.197111607
8 16 8 0 751.941242128
16 16 2 0 894.0333818
8 16 16 1 872.580844474
2 16 1 1 469.730909605
4 8 4 0 754.085898683
16 8 4 1 1098.89129367
1 16 8 0 577.02949077
4 32 1 0 813.246971402
4 16 1 0 787.780244705
2 8 1 1 500.337489163
16 8 2 1 1007.56152104
4 16 16 0 906.882067274
16 16 8 0 1178.82582958
2 16 2 0 512.74794278
8 8 2 1 868.155416203
1 8 2 0 345.914257417
16 16 1 1 826.67728891
1 32 4 0 519.019374355
32 8 1 0 1119.49717074
2 8 16 0 900.378755003
1 32 8 0 554.727102688
8 8 8 0 970.924098578
1 8 1 0 288.713584379
16 8 4 0 932.34791577
4 32 1 1 740.669902628
8 8 32 0 828.773721026
16 8 16 0 868.799384632
4 32 2 0 908.973152614
16 16 2 1 1000.35535224
1 16 1 0 289.665321514
4 8 16 0 996.171206226
2 16 1 0 510.822732252
16 16 32 0 1024.75328794
8 16 4 1 866.775040734
2 32 8 0 844.320680599
4 32 16 0 896.438972692
2 16 32 0 862.617083641
2 32 8 1 822.822865945
1 8 4 1 586.336846709
1 16 2 1 371.099932121
16 8 8 0 1096.61598363
32 16 1 1 936.129531771
8 16 16 0 875.895256419
1 32 8 1 597.546198598
8 16 1 0 849.115994309
8 8 1 0 979.68662936
2 32 4 0 831.760628043
4 8 1 0 806.129029299
32 4 8 0 1075.89551602
2 32 32 0 657.378591047
1 16 1 1 276.791662648
2 16 4 1 666.843260999
4 8 2 0 762.200423842
2 8 16 1 901.885101284
32 4 32 0 1012.54759977
8 16 1 1 760.128425881
16 16 16 1 960.848590134
8 16 8 1 1072.67008333
8 16 32 0 859.768284162
1 16 2 0 399.243024889
1 8 8 1 500.250697617
1 8 32 1 656.610212867
2 16 2 1 646.333432142
4 8 2 1 633.344992767
4 8 8 0 1118.67424964
4 16 4 0 771.004784998
2 32 1 0 466.565058493
32 4 16 1 872.770074644
4 32 32 1 891.817373799
32 16 32 0 779.463652912
2 32 2 1 646.704626887
1 32 1 1 270.890754951
1 32 16 1 441.554937747
16 8 1 1 920.201430661
32 4 16 0 942.491461776
32 8 8 1 1123.7675381
32 16 4 1 1096.16523153
16 8 16 1 951.376867844
2 8 2 1 694.219806187
32 16 16 0 1035.77846222
32 8 2 1 921.569537911
1 32 2 0 382.630373257
2 8 2 0 690.867862652
2 8 8 0 804.739696066
1 16 16 0 529.142062438
2 8 1 0 496.706972508
1 8 2 1 321.877928311
32 16 1 0 1019.94531093
8 16 2 0 1112.40729457
4 16 2 0 751.598423953
32 4 8 1 971.731198068
16 16 4 1 954.445491074
1 8 8 0 604.698611295
4 16 2 1 733.288485468
4 8 32 1 1093.06182656
4 8 8 1 855.97523333
1 8 4 0 542.007024627
4 16 32 1 943.585922919
4 32 4 0 908.572137124
32 16 8 1 1085.6100526
1 8 1 1 281.048717573
32 8 1 1 924.078523295
32 8 4 1 1161.60874916
2 16 16 1 873.522768685
16 8 8 1 1065.79500705
8 16 4 0 992.967728318
2 8 4 1 822.125971399
32 16 32 1 882.53791642
16 16 1 0 1151.3384425
8 8 16 1 1146.44649902
32 16 2 1 926.086158821
4 16 8 1 704.205820611
2 8 4 0 544.697200903
32 8 32 0 1052.73311484
8 8 8 1 939.997610882
4 32 8 1 845.420408549
2 32 16 1 497.726524324
32 16 16 1 971.865160209
2 16 4 0 753.333591175
4 32 32 0 893.165056834
2 32 32 1 842.643612071
4 32 8 0 929.115810067
1 32 32 1 619.343278205
8 16 2 1 884.518493739
4 8 32 0 604.660954132
1 16 4 1 586.120610876
32 16 8 0 996.483887749
1 32 4 1 575.850043298
16 8 32 0 1064.70767537
8 8 4 1 881.042569995
1 16 32 0 603.255962344
16 16 8 1 808.28465585
4 8 16 1 686.399653148
2 16 8 0 768.055289587
4 16 8 0 894.663538575
1 8 16 1 607.588184396
1 32 32 0 481.879225129
2 32 2 0 664.964131264
1 16 16 1 670.595206651
16 8 1 0 1108.30264495
32 8 2 0 1083.7484494
16 16 16 0 1205.42940292
2 8 32 0 849.053195168
2 16 8 1 873.311301682
4 8 1 1 721.694863466
1 16 4 0 462.651467187
32 8 16 0 936.973711762
8 8 1 1 943.235181342
4 32 2 1 770.976336022
1 8 16 0 595.865574803
2 32 1 1 479.417491959
16 8 2 0 1006.77580249
2 16 32 1 955.361257062
2 8 8 1 825.549481459
32 4 32 1 1054.78708816
32 16 4 0 1020.90414465
4 32 16 1 764.515632373
2 16 16 0 629.465045348
8 16 32 1 1003.38684522
4 16 32 0 806.246963996
32 8 32 1 1078.50878078
2 8 32 1 840.450728351
1 16 8 1 628.233681571
4 16 16 1 847.837502766
16 16 32 1 985.155007157
16 8 32 1 676.939659495
8 8 16 0 1036.94857977
8 8 32 1 1097.06753698
1 16 32 1 640.09489095
16 16 4 0 1065.93090192
2 32 16 0 809.752698051
4 16 1 1 734.513002794
4 32 4 1 711.745575628
32 32 2 1 1073.51580293
8 32 32 0 711.362575592
16 32 2 0 1078.567677
16 32 1 1 879.140753596
16 32 1 0 1109.28305967
32 32 4 0 1043.86000477
32 32 1 0 780.377992525
16 32 8 0 773.23506745
8 32 32 1 883.197665001
16 32 8 1 829.643805234
8 32 4 0 972.680338529
16 32 32 1 1065.67021336
8 32 2 1 860.485051231
32 32 1 1 800.616193522
16 32 16 1 789.313201601
32 32 32 1 1008.69073196
32 32 4 1 1165.69631582
8 32 1 1 833.830821485
16 32 4 0 978.067715169
8 32 8 1 793.892404292
32 32 8 0 1072.61025229
8 32 8 0 840.000693698
16 32 16 0 1026.52857079
8 32 2 0 1058.34320277
32 32 16 1 709.486471742
8 32 1 0 963.138550043
32 32 2 0 1098.99274731
16 32 2 1 868.510615832
32 32 8 1 1003.31160419
32 32 16 0 1232.86310755
16 32 32 0 907.208276066
16 32 4 1 1018.15291514
32 32 32 0 925.414396106
8 32 16 0 1036.64035066
8 32 4 1 812.655103119
8 32 16 1 740.537243663
