4 1 32 1 769.858564114
4 1 2 0 779.173496354
16 1 16 1 747.168592605
2 32 4 0 1745.09362675
4 1 2 1 770.221696722
8 32 8 1 762.113537493
2 1 32 1 1426.22292946
32 32 8 0 732.083334432
2 1 32 0 992.360576276
1 2 2 0 1872.26588088
1 32 8 1 1556.3827113
4 32 16 1 768.982094734
16 32 4 0 735.240197438
16 32 1 0 738.319117111
4 2 8 1 779.23563489
2 2 16 1 1166.90188099
1 32 4 0 536.912590003
8 32 32 0 747.385899439
2 1 4 1 771.15342386
8 1 4 0 764.023616952
32 32 8 1 726.002504146
2 2 32 0 510.381810007
8 2 1 0 767.249449274
2 1 16 1 1041.55369972
2 1 8 1 779.933231263
1 32 32 0 537.576272305
8 1 4 1 754.555819013
4 32 32 0 764.650665595
2 32 32 1 751.952796124
16 1 32 0 707.793781942
4 2 32 1 780.27076785
32 1 1 0 722.616951753
1 1 1 1 485.801396971
1 32 16 1 1034.23712906
2 32 16 0 1767.57180645
4 1 32 0 535.523838941
16 1 2 1 759.018785781
2 32 1 1 1848.62676777
32 1 2 1 729.903258206
8 32 2 0 771.424910286
4 1 4 0 755.88352219
1 1 32 1 1486.21535721
32 1 1 1 743.987829902
8 2 2 0 763.095996528
16 32 8 1 739.754895189
32 32 16 0 747.735996655
1 32 16 0 557.659693053
32 1 16 0 740.673587978
8 1 32 0 755.543796568
16 1 1 1 722.530181994
1 32 32 1 1222.26119753
2 2 1 1 1323.39360227
16 32 16 0 740.031483389
2 2 2 0 665.258915881
1 32 4 1 881.165572015
4 1 4 1 776.936026607
32 32 32 1 737.64570596
1 1 1 0 1401.53979149
16 32 4 1 741.803339942
1 1 2 0 409.031297302
4 2 16 0 775.998820633
32 32 16 1 731.859561781
4 32 32 1 763.220303703
8 32 2 1 740.137335959
8 32 1 0 753.836862108
2 2 1 0 463.104531098
2 32 2 0 771.815557713
4 2 2 1 768.85022222
1 2 4 1 667.490485325
2 1 4 0 973.56206651
1 1 8 0 1362.9988263
2 1 16 0 394.706158904
2 32 4 1 769.735696868
1 2 1 1 1469.86854719
4 1 8 0 770.545168641
4 32 16 0 770.284269534
16 1 8 1 758.30009627
4 2 8 0 761.02301854
2 32 16 1 767.591582
16 32 8 0 737.517925235
1 2 4 0 482.93240796
1 32 2 0 729.59100076
4 1 8 1 772.402183739
32 1 4 0 745.412998685
16 1 2 0 756.932854277
2 2 32 1 1312.83787929
8 1 1 1 745.920539368
8 32 16 0 767.786148562
1 1 8 1 1566.3636636
32 1 16 1 746.47354173
8 32 16 1 758.496876167
16 32 1 1 725.871784024
1 2 8 1 1611.41711521
2 32 2 1 1700.31216107
2 1 2 0 970.859134035
1 2 32 0 538.825792525
8 1 1 0 767.564483828
1 1 2 1 1617.42780896
2 2 4 1 1432.03904131
4 2 16 1 769.674564842
2 2 8 1 1292.3144063
32 1 2 0 697.606464343
8 1 8 0 767.255003015
1 1 32 0 405.706323441
4 32 8 0 766.796591206
8 2 1 1 749.892946565
8 32 32 1 766.241514737
16 32 32 1 740.479583425
32 1 32 0 713.041929971
4 1 1 1 761.756922057
32 32 2 0 744.251004965
1 32 8 0 1655.90655961
1 1 4 1 531.486515933
16 1 4 1 757.486590011
16 1 16 0 719.753666535
32 32 1 0 731.132270592
32 32 4 1 723.678206641
16 1 8 0 756.703028514
1 2 2 1 1698.91640709
2 1 8 0 448.195509397
8 2 8 1 773.876967634
2 32 32 0 745.572483994
2 32 1 0 770.792649274
32 1 32 1 752.890773284
8 32 1 1 765.60313731
2 2 8 0 770.773131467
4 1 16 0 770.247234064
8 2 2 1 771.381918572
16 32 2 0 745.291014917
4 32 2 1 757.854426964
32 32 1 1 722.465980586
32 1 8 1 708.387158755
8 32 4 0 746.572438884
4 2 32 0 767.279749115
8 2 4 0 761.481709154
4 1 1 0 770.133599811
2 2 2 1 1355.65411449
1 1 4 0 508.502840018
4 2 4 1 767.568064068
4 32 2 0 760.193861773
1 2 8 0 447.268474642
4 2 1 1 769.913636137
2 32 8 0 1625.08069933
16 1 4 0 747.791659557
4 32 4 1 764.630202508
2 1 1 1 776.35464331
4 32 4 0 769.423558852
32 32 32 0 745.894110269
4 1 16 1 777.845030039
32 32 2 1 739.882567745
4 2 4 0 774.747483483
16 32 32 0 764.581194654
16 1 32 1 751.258772615
8 2 8 0 772.981488672
4 32 1 1 769.458364671
8 1 2 1 768.382575809
2 2 4 0 777.059741343
16 32 2 1 745.544790569
1 2 16 1 515.09494664
1 1 16 1 386.952665265
32 32 4 0 738.724321494
16 32 16 1 737.967813993
16 1 1 0 749.702863782
2 1 2 1 766.270540162
2 32 8 1 755.15407031
4 32 1 0 773.395422656
16 4 16 0 769.267287146
32 4 4 1 751.004564807
4 4 1 0 776.347026102
2 8 32 1 1770.33673938
1 8 2 0 1824.37225032
32 2 16 0 731.144759178
32 8 16 0 2303.5187788
32 4 16 1 2057.18774719
32 8 2 1 4158.83253078
8 4 16 1 778.680471617
16 8 4 0 4286.35545742
4 4 8 0 772.557413917
2 8 1 0 1739.74289516
16 2 2 1 744.21336139
1 4 2 1 1603.84262826
32 4 16 0 2314.74161387
16 4 8 0 765.795834056
4 4 16 1 758.995586351
1 8 1 1 771.338324907
1 4 16 1 587.172825105
32 4 1 1 733.532936548
8 8 8 0 3181.03265697
16 8 4 1 3295.92465956
4 4 4 1 770.700330882
16 8 16 0 2348.35490023
32 8 1 0 5239.02057348
2 8 8 0 1596.46162949
32 2 8 1 753.933101241
1 16 16 1 1760.13527927
32 8 4 0 3533.12680214
2 8 16 0 1423.48928397
1 16 8 1 1754.25924157
8 4 16 0 771.193983428
4 8 2 0 2405.08939376
16 2 4 1 755.065045633
32 4 2 1 742.281964646
8 8 2 0 3157.65306688
8 8 8 1 3125.94650971
1 8 32 0 1752.8217945
1 4 8 0 833.612839971
8 4 4 0 739.035304193
32 2 32 0 763.245427702
8 4 8 1 770.598298224
32 8 4 1 4439.8235105
1 4 8 1 2226.08976899
4 8 4 1 2303.88603629
32 2 4 1 736.367062312
16 8 16 1 2528.64760999
32 8 16 1 2663.37014009
4 8 32 1 1671.95294949
4 8 1 1 2298.52523524
32 8 2 0 4266.07129453
2 8 2 1 1655.00700635
16 8 8 1 3220.26284055
16 2 32 1 765.310413332
1 8 8 1 814.45102801
1 8 4 0 2249.34845814
32 2 8 0 744.388609861
8 4 2 0 771.745616402
1 4 32 1 1792.78421524
16 2 16 1 764.535481069
1 16 4 1 1613.91977317
2 4 32 1 599.659251183
16 2 32 0 733.644950786
32 8 8 1 3421.02817555
1 16 1 0 1765.30768922
1 16 2 1 1789.96629199
32 8 32 1 2593.31752727
16 2 8 0 742.495595871
8 8 32 0 1753.75126243
4 4 2 1 769.614162399
32 4 8 0 3065.93477575
2 4 2 0 1014.09802035
16 2 8 1 763.464316791
16 4 32 0 767.723025814
2 16 1 0 1832.77450208
32 4 8 1 2703.49954349
16 4 1 1 760.317612797
2 8 4 0 1510.94222434
8 4 8 0 777.138883656
4 8 8 1 2104.57742349
1 16 8 0 1533.64173928
8 8 4 1 3135.34734281
16 4 1 0 748.832396038
2 4 4 0 1407.47390112
8 2 32 1 771.910890357
2 8 4 1 1567.79873093
2 4 8 1 580.6921257
16 2 1 1 749.428799941
32 2 4 0 752.532822004
32 8 32 0 2525.7689441
16 4 2 0 745.658287396
2 8 1 1 1642.24237521
1 8 16 0 2304.96045639
8 4 1 1 774.674620481
32 4 32 1 2205.52353099
16 4 4 1 738.325120449
8 8 2 1 3221.06107028
4 4 16 0 772.736882763
32 4 1 0 731.085700413
1 8 16 1 2133.90065385
32 4 4 0 3992.96043808
8 2 32 0 761.835756107
16 8 1 0 4044.09154411
4 8 4 0 2194.70038202
2 4 2 1 780.356154689
16 8 2 1 4442.40985785
4 8 16 1 1901.09651918
8 8 16 1 2283.62686843
8 4 1 0 715.739396111
2 8 2 0 1352.64166167
8 8 4 0 3111.65829484
4 8 2 1 2350.19202951
32 8 8 0 2575.57619068
2 16 2 1 1576.18418609
16 8 32 0 1978.74196014
16 2 16 0 767.408195697
8 4 2 1 757.585917458
16 2 1 0 765.146748468
16 8 32 1 2033.2369284
16 2 2 0 761.074433091
32 2 1 0 732.671114574
4 4 4 0 771.090798364
16 2 4 0 760.493176398
8 2 16 0 770.648254732
2 4 16 1 566.769751054
1 4 32 0 529.965347358
16 8 8 0 2728.6096076
16 4 8 1 764.058987973
8 8 1 1 2978.51216058
32 2 1 1 746.814572269
2 8 8 1 1790.51338486
1 16 2 0 835.605128546
32 2 16 1 742.830932121
32 8 1 1 4917.4050124
1 16 4 0 1764.48712928
2 16 1 1 1614.01928763
4 4 8 1 752.789395626
2 8 32 0 1646.88814316
2 16 2 0 1712.42867004
1 4 1 1 534.713263941
1 8 8 0 1927.31472993
4 4 32 0 774.627610983
2 4 4 1 774.787055085
4 4 2 0 767.227651754
8 8 1 0 3067.52824516
16 4 32 1 734.610226568
4 8 16 0 2291.42286269
4 4 32 1 736.70852515
1 4 4 0 1858.91313865
1 8 32 1 825.559738698
16 4 4 0 753.502653537
2 16 4 0 1717.34767107
2 4 16 0 1579.3877001
1 8 2 1 736.225051796
8 4 4 1 773.413446798
4 4 1 1 757.402167465
1 16 32 1 1607.18671481
16 8 1 1 4726.276383
2 8 16 1 1556.26889483
2 16 4 1 1579.69733223
1 4 1 0 1717.95408892
32 2 2 0 744.875468443
4 8 8 0 2099.75042932
2 4 8 0 1411.51078559
16 4 2 1 766.096171889
32 2 2 1 759.005147091
1 4 4 1 608.739712094
2 4 32 0 625.268769906
8 4 32 1 771.358245387
8 8 16 0 2249.27737855
1 8 4 1 1784.64572699
4 8 32 0 1566.0867827
16 4 16 1 747.932796345
8 8 32 1 1787.2390031
1 4 2 0 1128.11334606
2 4 1 1 772.810655432
32 2 32 1 761.534171395
1 8 1 0 1942.42178188
2 4 1 0 1441.4840818
1 4 16 0 2319.49624911
16 8 2 0 4513.81928584
1 16 16 0 1967.95885664
8 4 32 0 773.12461299
4 8 1 0 2271.66894463
1 16 1 1 1594.0122725
1 16 32 0 1676.85435406
32 4 32 0 2504.44042289
32 4 2 0 755.07892009
32 16 2 0 4613.91024665
8 16 32 1 1813.17659029
8 1 16 0 998.325664211
8 32 8 0 2713.79936103
8 16 2 1 3286.25861835
2 16 32 1 1739.93444215
8 32 4 1 3125.21082037
2 16 8 1 1866.55650188
1 1 16 0 502.824746081
8 1 32 1 1176.99760115
8 1 8 1 1021.73582448
2 1 1 0 1120.24783755
4 32 8 1 2321.61193659
8 1 2 0 1651.63389246
8 1 16 1 1560.25290174
