1 1 1 1 38.3362477777
1 1 1 0 46.8183755689
1 1 2 1 64.7933058212
1 1 2 0 62.0692615062
1 1 4 1 84.4029623493
1 1 4 0 80.8417542883
1 1 8 1 47.747680198
1 1 8 0 82.1424970611
1 1 16 1 76.1139458482
1 1 16 0 86.5811616974
1 1 32 1 76.574468447
1 1 32 0 85.890503998
2 1 1 1 73.9349628119
2 1 1 0 61.6429000163
2 1 2 1 76.0851162845
2 1 2 0 72.0118226425
2 1 4 1 85.0252668628
2 1 4 0 91.0842421981
2 1 8 1 105.736533115
2 1 8 0 107.230931501
2 1 16 1 98.9951943925
2 1 16 0 100.068525198
2 1 32 1 88.8791481789
2 1 32 0 100.673999673
4 1 1 1 83.1747468666
4 1 1 0 82.581708772
4 1 2 1 92.311365429
4 1 2 0 90.9452633901
4 1 4 1 90.9274706018
4 1 4 0 103.719241473
4 1 8 1 96.0877239796
4 1 8 0 92.2387165833
4 1 16 1 80.3164681156
4 1 16 0 96.3414536837
4 1 32 1 72.5278356035
4 1 32 0 87.2771271554
8 1 1 1 88.249485673
8 1 1 0 84.0412863934
8 1 2 1 88.811475897
8 1 2 0 101.944685076
8 1 4 1 93.2484136859
8 1 4 0 95.5714076943
8 1 8 1 79.2020141006
8 1 8 0 88.1405335759
8 1 16 1 101.263144298
8 1 16 0 100.226171532
8 1 32 1 99.1902580772
8 1 32 0 92.5248910287
16 1 1 1 66.9267645944
16 1 1 0 98.8868088008
16 1 2 1 88.6228730097
16 1 2 0 70.7509162816
16 1 4 1 88.9889461287
16 1 4 0 88.4512661382
16 1 8 1 81.2146676601
16 1 8 0 91.9660127829
16 1 16 1 84.7553883668
16 1 16 0 79.4308988449
16 1 32 1 93.2608991095
16 1 32 0 90.7463135283
32 1 1 1 83.9717292752
32 1 1 0 90.0758656832
32 1 2 1 81.3122599464
32 1 2 0 78.5232300839
32 1 4 1 72.3303285831
32 1 4 0 74.2555532077
32 1 8 1 71.2060545794
32 1 8 0 79.0335723221
32 1 16 1 82.400167853
32 1 16 0 81.3276737742
32 1 32 1 71.7414861593
32 1 32 0 78.807809159
1 2 1 1 35.3187122817
1 2 1 0 53.0990704353
1 2 2 1 64.9967897831
1 2 2 0 56.0876340194
1 2 4 1 77.6791208687
1 2 4 0 72.2708623304
1 2 8 1 84.4512149095
1 2 8 0 83.4864732424
1 2 16 1 76.3053686439
1 2 16 0 74.7359453826
1 2 32 1 88.7831373107
1 2 32 0 73.8232476018
2 2 1 1 63.6141152766
2 2 1 0 60.7154209019
2 2 2 1 65.8901420178
2 2 2 0 65.6009944127
2 2 4 1 78.4408533748
2 2 4 0 73.8465097841
2 2 8 1 98.7580705553
2 2 8 0 79.5676200497
2 2 16 1 78.8838514377
2 2 16 0 93.928504968
2 2 32 1 78.2877581221
2 2 32 0 89.8473010158
4 2 1 1 71.7034509785
4 2 1 0 77.0431213236
4 2 2 1 70.4555928001
4 2 2 0 83.7016740108
4 2 4 1 83.5164179466
4 2 4 0 89.4421117757
4 2 8 1 79.2903551375
4 2 8 0 83.2842108272
4 2 16 1 85.7725645498
4 2 16 0 80.8886332867
4 2 32 1 80.4062478944
4 2 32 0 71.441662595
8 2 1 1 74.3155307581
8 2 1 0 84.3736409332
8 2 2 1 84.7278541423
8 2 2 0 90.7264875926
8 2 4 1 86.3174737944
8 2 4 0 87.8640752286
8 2 8 1 78.2733230941
8 2 8 0 87.9373579254
8 2 16 1 102.837134922
8 2 16 0 81.0700584881
8 2 32 1 85.498862685
8 2 32 0 78.0305504893
16 2 1 1 85.5288041581
16 2 1 0 85.2786943993
16 2 2 1 73.4077292
16 2 2 0 68.9675968361
16 2 4 1 63.8691765006
16 2 4 0 66.1958367592
16 2 8 1 71.4592172867
16 2 8 0 80.4196430858
16 2 16 1 74.1646329241
16 2 16 0 90.5384942307
16 2 32 1 70.9437908497
16 2 32 0 68.5957044096
32 2 1 1 70.9865625734
32 2 1 0 62.7766324513
32 2 2 1 48.6641740352
32 2 2 0 78.8855124798
32 2 4 1 66.2134154463
32 2 4 0 78.6587705641
32 2 8 1 58.3105031471
32 2 8 0 87.1334806976
32 2 16 1 80.5466595767
32 2 16 0 80.0449864499
32 2 32 1 70.2971449005
32 2 32 0 68.1502249153
1 4 1 1 44.0034911859
1 4 1 0 45.0589099608
1 4 2 1 57.4904226037
1 4 2 0 59.8052581026
1 4 4 1 72.1663598302
1 4 4 0 67.7391649188
1 4 8 1 69.1174689481
1 4 8 0 65.4959028894
1 4 16 1 74.347982442
1 4 16 0 83.1376462986
1 4 32 1 76.0670413229
1 4 32 0 70.7557077047
2 4 1 1 60.9814591739
2 4 1 0 59.1818824329
2 4 2 1 68.0853642872
2 4 2 0 78.1384954226
2 4 4 1 79.8995000841
2 4 4 0 75.6553988022
2 4 8 1 72.5811712412
2 4 8 0 83.3022138153
2 4 16 1 72.3177374763
2 4 16 0 64.5602154614
2 4 32 1 80.0139754726
2 4 32 0 77.8396319984
4 4 1 1 60.1410550369
4 4 1 0 69.7804436597
4 4 2 1 67.7445064632
4 4 2 0 76.2528840828
4 4 4 1 84.1263793342
4 4 4 0 77.1766337316
4 4 8 1 63.8410531442
4 4 8 0 74.2649477284
4 4 16 1 72.4894732383
4 4 16 0 68.3780508489
4 4 32 1 78.6783934166
4 4 32 0 66.4551411149
8 4 1 1 76.868290709
8 4 1 0 72.5292899015
8 4 2 1 83.191323612
8 4 2 0 74.3650703324
8 4 4 1 80.3399910513
8 4 4 0 84.808707175
8 4 8 1 83.1433133971
8 4 8 0 85.6700518356
8 4 16 1 87.9709206062
8 4 16 0 75.603553601
8 4 32 1 87.6868439542
8 4 32 0 93.0423245901
16 4 1 1 80.8302859396
16 4 1 0 87.3525760023
16 4 2 1 68.0228457119
16 4 2 0 39.0276326352
16 4 4 1 71.7728577602
16 4 4 0 67.0349767972
16 4 8 1 76.8817162438
16 4 8 0 77.80391133
16 4 16 1 72.949148431
16 4 16 0 80.6920873432
16 4 32 1 75.1225174645
16 4 32 0 76.7053336268
32 4 1 1 60.1842562086
32 4 1 0 63.6012751187
32 4 2 1 55.6557662525
32 4 2 0 60.3264981999
32 4 4 1 56.5293483769
32 4 4 0 76.4761675698
32 4 8 1 64.7885595734
32 4 8 0 62.8782262377
32 4 16 1 64.4881977294
32 4 16 0 47.415731365
32 4 32 1 67.4281806771
32 4 32 0 79.0680770494
1 8 1 1 44.0502812813
1 8 1 0 41.1553261322
1 8 2 1 55.2942892185
1 8 2 0 60.4046537249
1 8 4 1 61.6493740289
1 8 4 0 65.9495174007
1 8 8 1 77.4524053185
1 8 8 0 69.5593287865
1 8 16 1 79.9103283817
1 8 16 0 75.4832502501
1 8 32 1 70.3910850195
1 8 32 0 73.0860501669
2 8 1 1 58.7432658025
2 8 1 0 62.3790013156
2 8 2 1 63.6672357637
2 8 2 0 71.6344229005
2 8 4 1 66.344112407
2 8 4 0 66.2622350901
2 8 8 1 74.0978370214
2 8 8 0 67.5448581851
2 8 16 1 83.4126836803
2 8 16 0 85.4967581596
2 8 32 1 61.0562858854
2 8 32 0 85.162683848
4 8 1 1 68.9584882699
4 8 1 0 76.2357321621
4 8 2 1 75.6926743938
4 8 2 0 68.6470234
4 8 4 1 79.0784486509
4 8 4 0 71.0245429159
4 8 8 1 83.3686381663
4 8 8 0 92.2659363517
4 8 16 1 64.9858170642
4 8 16 0 74.6168724441
4 8 32 1 70.9688984052
4 8 32 0 84.2821079662
8 8 1 1 83.2905394257
8 8 1 0 79.9646724158
8 8 2 1 87.5515061262
8 8 2 0 39.3347918757
8 8 4 1 69.860931109
8 8 4 0 86.6522260776
8 8 8 1 77.3147522867
8 8 8 0 76.3515672875
8 8 16 1 82.1428186824
8 8 16 0 82.0967624438
8 8 32 1 69.5437600544
8 8 32 0 81.8857807375
16 8 1 1 88.4120896334
16 8 1 0 87.4888970496
16 8 2 1 59.6937578244
16 8 2 0 73.0745639484
16 8 4 1 68.920751228
16 8 4 0 62.932691661
16 8 8 1 66.3098650419
16 8 8 0 79.1476742011
16 8 16 1 62.7517751676
16 8 16 0 75.8772006119
16 8 32 1 74.971007096
16 8 32 0 68.5602721629
32 8 1 1 76.6045819794
32 8 1 0 65.3582513631
32 8 2 1 64.275421093
32 8 2 0 59.2515655808
32 8 4 1 65.8613069602
32 8 4 0 60.168907857
32 8 8 1 62.6520299107
32 8 8 0 56.2147386723
32 8 16 1 67.8237090455
32 8 16 0 66.2146400763
32 8 32 1 55.5501330303
32 8 32 0 60.0857570924
1 16 1 1 45.0500779595
1 16 1 0 46.2219666892
1 16 2 1 48.4150602303
1 16 2 0 55.1111157812
1 16 4 1 54.0041363543
1 16 4 0 70.9025802402
1 16 8 1 70.0734273498
1 16 8 0 75.3581586724
1 16 16 1 67.02947671
1 16 16 0 64.6849998421
1 16 32 1 38.2804786054
1 16 32 0 66.6659431706
2 16 1 1 60.1629756735
2 16 1 0 58.8474138271
2 16 2 1 63.800356076
2 16 2 0 62.3381198806
2 16 4 1 67.0685365932
2 16 4 0 74.1350235578
2 16 8 1 66.082508039
2 16 8 0 66.3374958751
2 16 16 1 59.5639459586
2 16 16 0 79.2301186613
2 16 32 1 65.6490709476
2 16 32 0 78.3108441978
4 16 1 1 58.5129703188
4 16 1 0 68.049870017
4 16 2 1 69.3641872177
4 16 2 0 70.7413926307
4 16 4 1 65.3080949051
4 16 4 0 69.2041302026
4 16 8 1 65.4195437299
4 16 8 0 80.9158505227
4 16 16 1 62.0410236277
4 16 16 0 77.8309340817
4 16 32 1 75.3271290394
4 16 32 0 68.2011098447
8 16 1 1 66.2150580491
8 16 1 0 66.2588490216
8 16 2 1 64.5100063553
8 16 2 0 74.4385343197
8 16 4 1 66.0773587632
8 16 4 0 85.9178069266
8 16 8 1 62.9454558918
8 16 8 0 75.4745496163
8 16 16 1 65.1815210122
8 16 16 0 71.3110645933
8 16 32 1 63.6716761378
8 16 32 0 65.2224059778
16 16 1 1 64.7657744636
16 16 1 0 72.0864001133
16 16 2 1 66.0963405434
16 16 2 0 70.2294142943
16 16 4 1 63.7706649615
16 16 4 0 53.7616233965
16 16 8 1 68.3791963911
16 16 8 0 74.1604120527
16 16 16 1 67.6169729642
16 16 16 0 71.8040995252
16 16 32 1 65.6648271212
16 16 32 0 74.7987072065
32 16 1 1 71.4129619623
32 16 1 0 53.3031745386
32 16 2 1 56.3148769374
32 16 2 0 58.6384236948
32 16 4 1 55.8737865205
32 16 4 0 59.8984366792
32 16 8 1 56.0340637277
32 16 8 0 58.3094983346
32 16 16 1 61.9916910967
32 16 16 0 59.6687494269
32 16 32 1 58.7151295082
32 16 32 0 62.3171217128
1 32 1 1 36.8625932692
1 32 1 0 44.8151481526
1 32 2 1 47.5388482191
1 32 2 0 50.5344118371
1 32 4 1 53.6235512142
1 32 4 0 30.7553959785
1 32 8 1 50.0234919883
1 32 8 0 65.1073717239
1 32 16 1 61.0530804889
1 32 16 0 63.9100977262
1 32 32 1 71.5495555237
1 32 32 0 55.1894736011
2 32 1 1 48.7429034244
2 32 1 0 53.8538192976
2 32 2 1 55.8359140325
2 32 2 0 63.9530130923
2 32 4 1 60.6292714691
2 32 4 0 65.4575744156
2 32 8 1 54.2167649876
2 32 8 0 68.8611241091
2 32 16 1 66.9744783994
2 32 16 0 75.4699014107
2 32 32 1 60.7147567119
2 32 32 0 73.6483268526
4 32 1 1 50.4823791114
4 32 1 0 70.0721307209
4 32 2 1 58.3335293227
4 32 2 0 69.9285352062
4 32 4 1 61.2278556745
4 32 4 0 64.2588601724
4 32 8 1 59.2881994651
4 32 8 0 69.4227593544
4 32 16 1 57.6275052013
4 32 16 0 66.0879037757
4 32 32 1 67.4791169484
4 32 32 0 58.8151970594
8 32 1 1 56.2836996335
8 32 1 0 70.0858390313
8 32 2 1 67.063283961
8 32 2 0 73.8764562065
8 32 4 1 61.1157283874
8 32 4 0 75.1414058059
8 32 8 1 59.0609747858
8 32 8 0 64.5081933652
8 32 16 1 53.7980963326
8 32 16 0 64.7559309438
8 32 32 1 56.8256188892
8 32 32 0 72.1621995189
16 32 1 1 61.6515915188
16 32 1 0 72.2322489892
16 32 2 1 58.3038947089
16 32 2 0 75.8841497883
16 32 4 1 64.5546968182
16 32 4 0 67.1111926905
16 32 8 1 55.7733174002
16 32 8 0 66.6133669581
16 32 16 1 64.4345302312
16 32 16 0 67.8070095113
16 32 32 1 62.3729146381
16 32 32 0 62.7266862463
32 32 1 1 48.0832274043
32 32 1 0 59.5170104494
32 32 2 1 44.6745810996
32 32 2 0 41.7325930096
32 32 4 1 48.8408258709
32 32 4 0 59.6400928048
32 32 8 1 54.5622600445
32 32 8 0 53.5143843897
32 32 16 1 45.9848306979
32 32 16 0 66.8207101868
32 32 32 1 57.0610786873
32 32 32 0 64.2135404682
1 1 1 1 40.8644652697
1 1 1 0 64.3392537016
1 1 2 1 83.2913970151
1 1 2 0 83.8318091567
1 1 4 1 115.225185683
1 1 4 0 110.696919567
1 1 8 1 117.143371357
1 1 8 0 135.622606628
1 1 16 1 120.591848783
1 1 16 0 132.477227044
1 1 32 1 126.652519485
1 1 32 0 116.658108914
2 1 1 1 91.7484406362
2 1 1 0 94.9912792896
2 1 2 1 111.47790983
2 1 2 0 124.881460954
2 1 4 1 111.144255179
2 1 4 0 143.204846038
2 1 8 1 128.148618156
2 1 8 0 132.417637882
2 1 16 1 146.952985577
2 1 16 0 142.37240127
2 1 32 1 147.110789435
2 1 32 0 143.803886681
4 1 1 1 106.132060036
4 1 1 0 117.700244708
4 1 2 1 131.142778589
4 1 2 0 117.392354392
4 1 4 1 151.8387501
4 1 4 0 142.423891609
4 1 8 1 169.693813672
4 1 8 0 173.670059008
4 1 16 1 174.700230845
4 1 16 0 157.320075638
4 1 32 1 159.113602755
4 1 32 0 149.813548559
8 1 1 1 138.577378528
8 1 1 0 124.943671019
8 1 2 1 118.153493454
8 1 2 0 157.788946704
8 1 4 1 138.949503578
8 1 4 0 168.54726554
8 1 8 1 152.869678364
8 1 8 0 164.268246961
8 1 16 1 157.98731286
8 1 16 0 174.920847719
8 1 32 1 145.863477048
8 1 32 0 162.142606001
16 1 1 1 164.563248021
16 1 1 0 140.833981567
16 1 2 1 157.703470254
16 1 2 0 173.760756679
16 1 4 1 156.762943994
16 1 4 0 82.7925222252
16 1 8 1 151.861074172
16 1 8 0 136.373659135
16 1 16 1 145.22325037
16 1 16 0 149.406965112
16 1 32 1 135.41027271
16 1 32 0 160.13214787
32 1 1 1 126.485229112
32 1 1 0 115.426085995
32 1 2 1 124.805025404
32 1 2 0 126.66419675
32 1 4 1 128.571101292
32 1 4 0 118.85192772
32 1 8 1 138.600350153
32 1 8 0 153.46061395
32 1 16 1 164.959181828
32 1 16 0 109.683940075
32 1 32 1 132.744136543
32 1 32 0 141.815558622
1 2 1 1 63.5518269874
1 2 1 0 62.171054322
1 2 2 1 81.8783861607
1 2 2 0 79.1527269487
1 2 4 1 120.222354987
1 2 4 0 107.496838467
1 2 8 1 112.655340096
1 2 8 0 129.486839985
1 2 16 1 123.47225748
1 2 16 0 113.407430469
1 2 32 1 125.036245364
1 2 32 0 118.194280787
2 2 1 1 90.814108527
2 2 1 0 83.9947974498
2 2 2 1 111.938228329
2 2 2 0 119.911125007
2 2 4 1 128.317899416
2 2 4 0 132.16130477
2 2 8 1 151.42823072
2 2 8 0 146.449029103
2 2 16 1 157.612177132
2 2 16 0 156.810870667
2 2 32 1 132.026218359
2 2 32 0 146.124279873
4 2 1 1 117.602333516
4 2 1 0 124.9859086
4 2 2 1 125.94653853
4 2 2 0 133.24377784
4 2 4 1 149.050540447
4 2 4 0 144.050485199
4 2 8 1 162.443511044
4 2 8 0 195.556959237
4 2 16 1 154.188332987
4 2 16 0 180.430642689
4 2 32 1 172.674120761
4 2 32 0 169.587553168
8 2 1 1 125.363567412
8 2 1 0 139.736948017
8 2 2 1 155.666672949
8 2 2 0 150.639263888
8 2 4 1 152.401773195
8 2 4 0 162.05512806
8 2 8 1 164.5479262
8 2 8 0 152.654948996
8 2 16 1 157.202703925
8 2 16 0 171.400622835
8 2 32 1 148.229837548
8 2 32 0 157.078426397
16 2 1 1 143.240526616
16 2 1 0 139.250442549
16 2 2 1 172.312700538
16 2 2 0 167.4066347
16 2 4 1 105.033050147
16 2 4 0 144.616817447
16 2 8 1 143.54935869
16 2 8 0 153.341261322
16 2 16 1 154.725754025
16 2 16 0 181.216158468
16 2 32 1 162.13524991
16 2 32 0 171.57654227
32 2 1 1 130.460786528
32 2 1 0 147.061050802
32 2 2 1 136.652511172
32 2 2 0 132.193334815
32 2 4 1 111.718276232
32 2 4 0 128.345792625
32 2 8 1 117.20859257
32 2 8 0 141.149282707
32 2 16 1 108.050076384
32 2 16 0 157.71944112
32 2 32 1 151.439195009
32 2 32 0 141.914056586
1 4 1 1 56.162832126
1 4 1 0 61.8254548397
1 4 2 1 80.464219151
1 4 2 0 81.8020820815
1 4 4 1 107.725592482
1 4 4 0 100.029909687
1 4 8 1 118.79862831
1 4 8 0 122.988227046
1 4 16 1 120.82758716
1 4 16 0 117.464265718
1 4 32 1 117.941987566
1 4 32 0 122.41081352
2 4 1 1 89.2349940322
2 4 1 0 75.9745824663
2 4 2 1 102.70050063
2 4 2 0 109.259696022
2 4 4 1 111.137636842
2 4 4 0 101.109601932
2 4 8 1 125.281295774
2 4 8 0 87.1165671891
2 4 16 1 93.7645522159
2 4 16 0 122.422650433
2 4 32 1 131.17036343
2 4 32 0 150.152385742
4 4 1 1 116.83084876
4 4 1 0 118.094655422
4 4 2 1 126.135207473
4 4 2 0 119.268407042
4 4 4 1 152.4215166
4 4 4 0 150.415649941
4 4 8 1 141.089988638
4 4 8 0 139.95168755
4 4 16 1 158.13812274
4 4 16 0 145.585132131
4 4 32 1 149.085517279
4 4 32 0 162.652436502
8 4 1 1 125.757415408
8 4 1 0 132.725357414
8 4 2 1 116.584336562
8 4 2 0 142.10090348
8 4 4 1 154.849398453
8 4 4 0 151.430526202
8 4 8 1 149.780614081
8 4 8 0 71.447972653
8 4 16 1 138.903584578
8 4 16 0 151.339110526
8 4 32 1 132.253797791
8 4 32 0 171.264092419
16 4 1 1 117.598101126
16 4 1 0 127.159769404
16 4 2 1 126.429276815
16 4 2 0 149.339745233
16 4 4 1 149.900548502
16 4 4 0 162.812756286
16 4 8 1 156.476768376
16 4 8 0 136.336372848
16 4 16 1 146.349181168
16 4 16 0 135.946565631
16 4 32 1 141.663930145
16 4 32 0 135.854995603
32 4 1 1 126.44426626
32 4 1 0 144.966572738
32 4 2 1 137.643453659
32 4 2 0 142.466817396
32 4 4 1 137.463003297
32 4 4 0 144.70895412
32 4 8 1 102.625309402
32 4 8 0 131.158250583
32 4 16 1 137.392123525
32 4 16 0 130.86432596
32 4 32 1 132.011936536
32 4 32 0 122.438469895
1 8 1 1 60.5094963636
1 8 1 0 57.9690616849
1 8 2 1 76.9990374604
1 8 2 0 71.1946828367
1 8 4 1 92.3894068152
1 8 4 0 107.711996855
1 8 8 1 115.913863339
1 8 8 0 123.982882645
1 8 16 1 114.115108112
1 8 16 0 119.523048986
1 8 32 1 122.074936104
1 8 32 0 110.308077528
2 8 1 1 86.4233846077
2 8 1 0 92.4910991187
2 8 2 1 99.5654012536
2 8 2 0 106.575340113
2 8 4 1 102.751447628
2 8 4 0 106.437398332
2 8 8 1 134.30218359
2 8 8 0 139.670799384
2 8 16 1 107.359755095
2 8 16 0 122.477957782
2 8 32 1 125.573249029
2 8 32 0 123.008289749
4 8 1 1 75.2390848208
4 8 1 0 113.918815778
4 8 2 1 119.435538399
4 8 2 0 115.755925256
4 8 4 1 142.31857295
4 8 4 0 127.057945379
4 8 8 1 145.149737987
4 8 8 0 141.284603763
4 8 16 1 139.304546174
4 8 16 0 156.086253238
4 8 32 1 146.088430196
4 8 32 0 155.989386989
8 8 1 1 120.145940896
8 8 1 0 129.223112364
8 8 2 1 141.843510199
8 8 2 0 150.887752436
8 8 4 1 158.448530127
8 8 4 0 158.981696177
8 8 8 1 141.468593685
8 8 8 0 137.753614033
8 8 16 1 147.49629538
8 8 16 0 154.342340823
8 8 32 1 153.803087283
8 8 32 0 166.148917157
16 8 1 1 135.043858844
16 8 1 0 137.908813261
16 8 2 1 137.305596888
16 8 2 0 136.798582694
16 8 4 1 139.833911651
16 8 4 0 139.601099476
16 8 8 1 134.651422657
16 8 8 0 148.912530628
16 8 16 1 146.256453775
16 8 16 0 143.721897665
16 8 32 1 137.854619546
16 8 32 0 142.188367408
32 8 1 1 108.156226372
32 8 1 0 66.5058341561
32 8 2 1 114.24457686
32 8 2 0 127.650014558
32 8 4 1 134.14647288
32 8 4 0 131.132843017
32 8 8 1 102.141077474
32 8 8 0 105.639968086
32 8 16 1 129.507088294
32 8 16 0 122.752545009
32 8 32 1 121.275549766
32 8 32 0 120.839795035
1 16 1 1 59.6198959347
1 16 1 0 60.5237382455
1 16 2 1 75.0519387073
1 16 2 0 78.3903291082
1 16 4 1 104.32247297
1 16 4 0 90.983621531
1 16 8 1 108.376033864
1 16 8 0 70.8536781097
1 16 16 1 102.430244482
1 16 16 0 129.575970332
1 16 32 1 110.831589566
1 16 32 0 120.180555498
2 16 1 1 74.3995711808
2 16 1 0 85.9410603217
2 16 2 1 98.0920494658
2 16 2 0 90.4605099949
2 16 4 1 101.679911231
2 16 4 0 109.26776582
2 16 8 1 133.364367236
2 16 8 0 134.495074002
2 16 16 1 123.212258831
2 16 16 0 125.93880361
2 16 32 1 118.757752301
2 16 32 0 121.016709858
4 16 1 1 105.839579686
4 16 1 0 112.951575076
4 16 2 1 117.046841225
4 16 2 0 120.677737325
4 16 4 1 140.454115526
4 16 4 0 119.239032781
4 16 8 1 135.813675013
4 16 8 0 153.010347308
4 16 16 1 132.802809348
4 16 16 0 156.842630901
4 16 32 1 126.839614476
4 16 32 0 150.285393669
8 16 1 1 105.071506023
8 16 1 0 118.125310931
8 16 2 1 123.74206294
8 16 2 0 142.492064576
8 16 4 1 143.279346619
8 16 4 0 135.24345574
8 16 8 1 120.121552644
8 16 8 0 152.8828913
8 16 16 1 142.680922829
8 16 16 0 139.745921516
8 16 32 1 136.017028458
8 16 32 0 164.560046596
16 16 1 1 109.751738964
16 16 1 0 132.577410072
16 16 2 1 132.464495245
16 16 2 0 153.313995579
16 16 4 1 121.698910364
16 16 4 0 130.190260936
16 16 8 1 135.220859855
16 16 8 0 170.173790327
16 16 16 1 120.449574248
16 16 16 0 121.568848072
16 16 32 1 137.95393165
16 16 32 0 129.290290135
32 16 1 1 109.144487221
32 16 1 0 122.780995596
32 16 2 1 101.189362024
32 16 2 0 138.742946228
32 16 4 1 106.579038256
32 16 4 0 136.097496796
32 16 8 1 110.980964488
32 16 8 0 133.906560511
32 16 16 1 131.625468441
32 16 16 0 134.012042516
32 16 32 1 123.11971998
32 16 32 0 131.201053307
1 32 1 1 41.480611807
1 32 1 0 55.1738190127
1 32 2 1 66.7020777634
1 32 2 0 74.9145798945
1 32 4 1 94.127445278
1 32 4 0 102.360083045
1 32 8 1 100.918056682
1 32 8 0 119.021235611
1 32 16 1 91.9027133154
1 32 16 0 97.4736378829
1 32 32 1 100.21544286
1 32 32 0 104.680640337
2 32 1 1 77.462840547
2 32 1 0 82.6735437824
2 32 2 1 88.8805312239
2 32 2 0 97.5362516678
2 32 4 1 116.145133404
2 32 4 0 100.595324861
2 32 8 1 107.396480993
2 32 8 0 110.76156147
2 32 16 1 105.85644568
2 32 16 0 122.503755891
2 32 32 1 94.8446502705
2 32 32 0 139.150990898
4 32 1 1 92.455692226
4 32 1 0 113.00381598
4 32 2 1 98.1388930395
4 32 2 0 124.115153704
4 32 4 1 112.264008402
4 32 4 0 133.62282253
4 32 8 1 115.213434088
4 32 8 0 143.101766637
4 32 16 1 107.404299894
4 32 16 0 129.37272702
4 32 32 1 125.512746009
4 32 32 0 135.866610001
8 32 1 1 97.4717357119
8 32 1 0 117.489119917
8 32 2 1 119.753672959
8 32 2 0 123.473718225
8 32 4 1 112.968752171
8 32 4 0 118.873364612
8 32 8 1 118.276286753
8 32 8 0 132.23771616
8 32 16 1 125.600743711
8 32 16 0 122.0967485
8 32 32 1 109.403588778
8 32 32 0 144.362614935
16 32 1 1 85.1880190606
16 32 1 0 138.878710282
16 32 2 1 110.6515692
16 32 2 0 128.646303811
16 32 4 1 94.4282385266
16 32 4 0 121.243882271
16 32 8 1 110.496827876
16 32 8 0 120.229610355
16 32 16 1 98.9824518855
16 32 16 0 78.6737611064
16 32 32 1 111.438523501
16 32 32 0 127.319777569
32 32 1 1 89.6398237685
32 32 1 0 102.960709275
32 32 2 1 88.9913398554
32 32 2 0 112.839984395
32 32 4 1 93.1854217254
32 32 4 0 101.74168663
32 32 8 1 88.6805631471
32 32 8 0 119.50079853
32 32 16 1 101.669927301
32 32 16 0 109.814033952
32 32 32 1 111.515990193
32 32 32 0 90.6804472106
1 1 1 1 45.8485412698
1 1 1 0 67.2614077708
1 1 2 1 92.3343901376
1 1 2 0 91.9511283163
1 1 4 1 139.845926154
1 1 4 0 146.298104708
1 1 8 1 167.965186732
1 1 8 0 159.325790022
1 1 16 1 165.733778568
1 1 16 0 180.25934624
1 1 32 1 174.218380051
1 1 32 0 171.114637384
2 1 1 1 111.688668653
2 1 1 0 113.49234464
2 1 2 1 145.731443153
2 1 2 0 162.313515648
2 1 4 1 183.952769005
2 1 4 0 177.812915418
2 1 8 1 209.153248237
2 1 8 0 211.192519683
2 1 16 1 211.868374158
2 1 16 0 234.927519524
2 1 32 1 200.508561469
2 1 32 0 226.852476159
4 1 1 1 172.989033224
4 1 1 0 181.692813182
4 1 2 1 208.303093875
4 1 2 0 221.436477726
4 1 4 1 255.788983478
4 1 4 0 261.374419771
4 1 8 1 265.364469637
4 1 8 0 282.507562384
4 1 16 1 237.525632147
4 1 16 0 301.278829527
4 1 32 1 146.478960871
4 1 32 0 268.27693014
8 1 1 1 258.144228213
8 1 1 0 222.164661008
8 1 2 1 249.087900022
8 1 2 0 277.501394821
8 1 4 1 315.537869355
8 1 4 0 176.024037539
8 1 8 1 254.271320162
8 1 8 0 293.332372778
8 1 16 1 302.170917843
8 1 16 0 329.022032446
8 1 32 1 293.989813499
8 1 32 0 292.825046351
16 1 1 1 252.699090256
16 1 1 0 256.654720884
16 1 2 1 226.469319455
16 1 2 0 249.190544704
16 1 4 1 316.989490082
16 1 4 0 269.901468564
16 1 8 1 268.311827459
16 1 8 0 293.912333991
16 1 16 1 319.002021837
16 1 16 0 312.139877898
16 1 32 1 303.623225809
16 1 32 0 300.860731666
32 1 1 1 259.94781494
32 1 1 0 284.872227501
32 1 2 1 255.357671825
32 1 2 0 239.2374598
32 1 4 1 226.876250271
32 1 4 0 290.691727618
32 1 8 1 262.512069658
32 1 8 0 314.273475844
32 1 16 1 239.238837644
32 1 16 0 219.299224936
32 1 32 1 262.584772277
32 1 32 0 277.85064736
1 2 1 1 70.5482991799
1 2 1 0 64.6179652259
1 2 2 1 96.3395721955
1 2 2 0 95.4292269597
1 2 4 1 139.692496444
1 2 4 0 144.315237028
1 2 8 1 174.686073808
1 2 8 0 166.650075661
1 2 16 1 168.715949717
1 2 16 0 180.383481082
1 2 32 1 173.568303024
1 2 32 0 182.453670177
2 2 1 1 113.334552937
2 2 1 0 114.448065418
2 2 2 1 152.514680727
2 2 2 0 156.412279696
2 2 4 1 187.032507094
2 2 4 0 206.738190722
2 2 8 1 231.212188035
2 2 8 0 233.338591773
2 2 16 1 218.041623011
2 2 16 0 244.078912116
2 2 32 1 205.451694473
2 2 32 0 230.419821443
4 2 1 1 164.513719117
4 2 1 0 167.811304402
4 2 2 1 207.469630491
4 2 2 0 214.630519858
4 2 4 1 268.684441941
4 2 4 0 260.950032741
4 2 8 1 285.005909913
4 2 8 0 296.31220686
4 2 16 1 255.436977811
4 2 16 0 275.692563907
4 2 32 1 279.831438036
4 2 32 0 247.711553635
8 2 1 1 230.824144052
8 2 1 0 237.170721074
8 2 2 1 252.837244979
8 2 2 0 235.07472234
8 2 4 1 263.855727868
8 2 4 0 268.185937861
8 2 8 1 270.633883597
8 2 8 0 256.980654987
8 2 16 1 331.658786403
8 2 16 0 276.203281141
8 2 32 1 283.870884558
8 2 32 0 335.746667968
16 2 1 1 255.112866556
16 2 1 0 270.837678803
16 2 2 1 250.416072388
16 2 2 0 269.9274637
16 2 4 1 266.044141115
16 2 4 0 291.624890314
16 2 8 1 283.279678312
16 2 8 0 299.77819314
16 2 16 1 166.4554301
16 2 16 0 270.110700301
16 2 32 1 273.144924862
16 2 32 0 277.972202141
32 2 1 1 203.496646621
32 2 1 0 282.871120907
32 2 2 1 286.963073991
32 2 2 0 279.036068986
32 2 4 1 212.192701767
32 2 4 0 253.945531664
32 2 8 1 232.479089988
32 2 8 0 211.956143726
32 2 16 1 297.177209114
32 2 16 0 303.212208034
32 2 32 1 220.386555375
32 2 32 0 258.227738242
1 4 1 1 69.0307891024
1 4 1 0 67.9834377408
1 4 2 1 90.0149340625
1 4 2 0 89.9176984203
1 4 4 1 140.138495251
1 4 4 0 135.382622631
1 4 8 1 170.953205376
1 4 8 0 153.837143343
1 4 16 1 160.657608869
1 4 16 0 170.329553874
1 4 32 1 165.270016254
1 4 32 0 163.932672739
2 4 1 1 111.353189994
2 4 1 0 112.362720649
2 4 2 1 146.020703592
2 4 2 0 162.751441794
2 4 4 1 176.287758544
2 4 4 0 195.479335697
2 4 8 1 220.582168216
2 4 8 0 220.088867253
2 4 16 1 218.45201389
2 4 16 0 199.762476609
2 4 32 1 194.015649316
2 4 32 0 208.032420557
4 4 1 1 166.363452763
4 4 1 0 166.562048962
4 4 2 1 200.15040072
4 4 2 0 181.662555865
4 4 4 1 251.206965588
4 4 4 0 235.0521225
4 4 8 1 239.664038778
4 4 8 0 256.792567719
4 4 16 1 260.484140921
4 4 16 0 279.586460192
4 4 32 1 260.417753043
4 4 32 0 234.030116845
8 4 1 1 193.841953624
8 4 1 0 208.916132506
8 4 2 1 217.006499048
8 4 2 0 241.091747217
8 4 4 1 267.925906176
8 4 4 0 263.187590721
8 4 8 1 267.39910372
8 4 8 0 281.735879055
8 4 16 1 286.082692574
8 4 16 0 288.516830524
8 4 32 1 285.844548605
8 4 32 0 280.969359655
16 4 1 1 199.477294137
16 4 1 0 244.11458692
16 4 2 1 218.203594551
16 4 2 0 268.202756321
16 4 4 1 233.487889581
16 4 4 0 267.071553175
16 4 8 1 263.281318707
16 4 8 0 271.197185459
16 4 16 1 232.569570225
16 4 16 0 262.868112999
16 4 32 1 247.816550654
16 4 32 0 225.416510299
32 4 1 1 189.958517209
32 4 1 0 209.229850022
32 4 2 1 289.963481806
32 4 2 0 233.988127935
32 4 4 1 227.434394937
32 4 4 0 231.699219167
32 4 8 1 213.651356293
32 4 8 0 224.922921073
32 4 16 1 212.786677874
32 4 16 0 241.87082831
32 4 32 1 222.126903863
32 4 32 0 238.933045637
1 8 1 1 69.5880454255
1 8 1 0 57.7237339717
1 8 2 1 87.2206979982
1 8 2 0 93.8207024489
1 8 4 1 133.023445509
1 8 4 0 138.740979255
1 8 8 1 152.380434574
1 8 8 0 168.19116276
1 8 16 1 164.543618152
1 8 16 0 167.019496233
1 8 32 1 164.583179773
1 8 32 0 169.853745376
2 8 1 1 114.138119933
2 8 1 0 110.328942152
2 8 2 1 145.42645275
2 8 2 0 145.813103956
2 8 4 1 172.5848556
2 8 4 0 202.60038636
2 8 8 1 203.475536136
2 8 8 0 186.320758776
2 8 16 1 208.803881204
2 8 16 0 227.00876748
2 8 32 1 202.833807855
2 8 32 0 213.386148395
4 8 1 1 158.932597921
4 8 1 0 165.772257467
4 8 2 1 185.406887529
4 8 2 0 193.057337862
4 8 4 1 225.383487725
4 8 4 0 227.089482969
4 8 8 1 242.881857763
4 8 8 0 244.257418922
4 8 16 1 247.000898049
4 8 16 0 245.095909841
4 8 32 1 235.299231235
4 8 32 0 240.434993786
8 8 1 1 185.110192859
8 8 1 0 208.449123435
8 8 2 1 229.793505344
8 8 2 0 236.589269334
8 8 4 1 217.994164665
8 8 4 0 252.033783171
8 8 8 1 227.899447037
8 8 8 0 258.522042302
8 8 16 1 221.956826623
8 8 16 0 263.275420547
8 8 32 1 247.237893104
8 8 32 0 242.532053058
16 8 1 1 228.678209615
16 8 1 0 238.49376901
16 8 2 1 239.241470599
16 8 2 0 213.625486763
16 8 4 1 251.663782594
16 8 4 0 272.04384984
16 8 8 1 277.277995686
16 8 8 0 269.796844082
16 8 16 1 230.538623296
16 8 16 0 260.507755096
16 8 32 1 229.407256909
16 8 32 0 260.508563876
32 8 1 1 197.574165383
32 8 1 0 237.373397419
32 8 2 1 217.110363286
32 8 2 0 256.533145887
32 8 4 1 253.534488681
32 8 4 0 258.871554289
32 8 8 1 206.150509966
32 8 8 0 190.878395179
32 8 16 1 282.915928023
32 8 16 0 247.95445776
32 8 32 1 187.266792592
32 8 32 0 220.390051621
1 16 1 1 65.2873872041
1 16 1 0 64.6846099642
1 16 2 1 84.892546984
1 16 2 0 91.5910257779
1 16 4 1 118.246577727
1 16 4 0 122.414296762
1 16 8 1 114.788054488
1 16 8 0 157.071349307
1 16 16 1 151.223427637
1 16 16 0 169.807575273
1 16 32 1 158.111365027
1 16 32 0 158.229516929
2 16 1 1 104.415007458
2 16 1 0 116.809120652
2 16 2 1 137.14613994
2 16 2 0 148.21232552
2 16 4 1 190.213319844
2 16 4 0 174.832128332
2 16 8 1 211.255229437
2 16 8 0 221.317027287
2 16 16 1 212.935627007
2 16 16 0 229.303816471
2 16 32 1 173.806708953
2 16 32 0 196.473091628
4 16 1 1 164.699922794
4 16 1 0 159.389466555
4 16 2 1 200.588282137
4 16 2 0 213.237717348
4 16 4 1 220.954281219
4 16 4 0 261.434600654
4 16 8 1 227.610713907
4 16 8 0 240.422400567
4 16 16 1 217.254223593
4 16 16 0 236.448066069
4 16 32 1 212.276991817
4 16 32 0 260.477089847
8 16 1 1 200.057528291
8 16 1 0 229.470043719
8 16 2 1 250.373571476
8 16 2 0 231.274513471
8 16 4 1 263.494507103
8 16 4 0 257.602821749
8 16 8 1 232.440025226
8 16 8 0 238.641974156
8 16 16 1 254.426921245
8 16 16 0 267.089167323
8 16 32 1 246.052277882
8 16 32 0 305.276412697
16 16 1 1 238.028971056
16 16 1 0 232.160515482
16 16 2 1 227.069424684
16 16 2 0 265.150256695
16 16 4 1 236.252393884
16 16 4 0 272.079875258
16 16 8 1 250.649621351
16 16 8 0 308.638184007
16 16 16 1 240.602771963
16 16 16 0 257.410569526
16 16 32 1 238.014238589
16 16 32 0 267.88226594
32 16 1 1 220.339667776
32 16 1 0 254.191457958
32 16 2 1 222.434486042
32 16 2 0 265.543326232
32 16 4 1 197.465505788
32 16 4 0 280.189016494
32 16 8 1 239.281299405
32 16 8 0 247.095891837
32 16 16 1 229.420729839
32 16 16 0 215.726031243
32 16 32 1 247.157436749
32 16 32 0 256.788606976
1 32 1 1 65.4002447916
1 32 1 0 65.5707058296
1 32 2 1 84.307513371
1 32 2 0 88.0196261769
1 32 4 1 123.770010205
1 32 4 0 132.395587756
1 32 8 1 139.430230061
1 32 8 0 159.360212612
1 32 16 1 111.465571895
1 32 16 0 140.069359158
1 32 32 1 138.819231146
1 32 32 0 155.877339753
2 32 1 1 108.355516053
2 32 1 0 115.028854602
2 32 2 1 135.346530018
2 32 2 0 153.302887053
2 32 4 1 161.083874979
2 32 4 0 209.356098272
2 32 8 1 200.467537129
2 32 8 0 212.591950519
2 32 16 1 165.060024289
2 32 16 0 187.440874047
2 32 32 1 179.061981636
2 32 32 0 191.628356741
4 32 1 1 141.427746152
4 32 1 0 174.221925006
4 32 2 1 170.075223687
4 32 2 0 163.78643259
4 32 4 1 192.583734568
4 32 4 0 215.382107881
4 32 8 1 225.917525862
4 32 8 0 250.166757499
4 32 16 1 193.372750463
4 32 16 0 222.582538787
4 32 32 1 211.083459218
4 32 32 0 264.839757466
8 32 1 1 189.235933453
8 32 1 0 207.799700813
8 32 2 1 187.256938186
8 32 2 0 204.298512382
8 32 4 1 233.699755777
8 32 4 0 243.512045811
8 32 8 1 245.393245041
8 32 8 0 249.984308396
8 32 16 1 214.293481928
8 32 16 0 236.576808932
8 32 32 1 208.031213679
8 32 32 0 245.302481444
16 32 1 1 170.695385645
16 32 1 0 236.050444494
16 32 2 1 203.785437845
16 32 2 0 240.813556832
16 32 4 1 219.431333442
16 32 4 0 221.354346083
16 32 8 1 200.288030539
16 32 8 0 243.378978193
16 32 16 1 192.54306102
16 32 16 0 242.098314053
16 32 32 1 240.021801879
16 32 32 0 294.074527488
32 32 1 1 174.288951811
32 32 1 0 225.82561899
32 32 2 1 200.491036408
32 32 2 0 229.558083401
32 32 4 1 179.233670138
32 32 4 0 202.836279036
32 32 8 1 178.097540186
32 32 8 0 221.977107513
32 32 16 1 180.423865412
32 32 16 0 211.062975139
32 32 32 1 224.947860362
32 32 32 0 211.481045922
1 1 1 1 66.7706244362
1 1 1 0 95.9760090316
1 1 2 1 118.148690541
1 1 2 0 106.350410737
1 1 4 1 130.369327005
1 1 4 0 122.509788365
1 1 8 1 170.077126672
1 1 8 0 155.994891361
1 1 16 1 141.164299117
1 1 16 0 129.97689008
1 1 32 1 169.561700819
1 1 32 0 157.935896199
2 1 1 1 118.232376203
2 1 1 0 136.352114872
2 1 2 1 148.120280538
2 1 2 0 156.149493521
2 1 4 1 128.106091422
2 1 4 0 161.863536277
2 1 8 1 168.28246841
2 1 8 0 170.69374922
2 1 16 1 185.861817664
2 1 16 0 183.393438687
2 1 32 1 161.40855854
2 1 32 0 161.983711007
4 1 1 1 130.989557531
4 1 1 0 143.476646781
4 1 2 1 171.202717114
4 1 2 0 165.747237711
4 1 4 1 149.014424285
4 1 4 0 169.497562358
4 1 8 1 117.595153087
4 1 8 0 146.816215748
4 1 16 1 176.781277686
4 1 16 0 168.120719857
4 1 32 1 167.30444773
4 1 32 0 170.247057529
8 1 1 1 160.969644581
8 1 1 0 177.792015374
8 1 2 1 180.01118371
8 1 2 0 176.458482338
8 1 4 1 176.769284692
8 1 4 0 202.310252843
8 1 8 1 188.993679323
8 1 8 0 180.88536246
8 1 16 1 212.30201844
8 1 16 0 182.10880278
8 1 32 1 116.806290063
8 1 32 0 127.513874457
16 1 1 1 164.914850028
16 1 1 0 179.922845943
16 1 2 1 175.809975432
16 1 2 0 179.82845858
16 1 4 1 168.103540894
16 1 4 0 155.330526311
16 1 8 1 150.893121702
16 1 8 0 171.612508863
16 1 16 1 122.489370429
16 1 16 0 166.462039775
16 1 32 1 141.637600309
16 1 32 0 161.747580817
32 1 1 1 137.178819053
32 1 1 0 134.917984562
32 1 2 1 143.345130731
32 1 2 0 136.098263748
32 1 4 1 145.733684745
32 1 4 0 133.321647638
32 1 8 1 123.64969579
32 1 8 0 120.992834898
32 1 16 1 147.077657363
32 1 16 0 129.115325539
32 1 32 1 143.117214463
32 1 32 0 132.95312513
1 2 1 1 97.2200177611
1 2 1 0 93.7840433657
1 2 2 1 114.481415878
1 2 2 0 118.876253196
1 2 4 1 132.794898253
1 2 4 0 153.272714106
1 2 8 1 128.135852964
1 2 8 0 138.494447334
1 2 16 1 141.224823119
1 2 16 0 162.523388413
1 2 32 1 156.827651435
1 2 32 0 152.816655585
2 2 1 1 119.171602556
2 2 1 0 115.407458556
2 2 2 1 142.024192546
2 2 2 0 149.329992021
2 2 4 1 148.27059185
2 2 4 0 173.802558584
2 2 8 1 148.895602901
2 2 8 0 140.933098501
2 2 16 1 165.425082508
2 2 16 0 182.976145659
2 2 32 1 145.419879741
2 2 32 0 159.088555314
4 2 1 1 146.511253952
4 2 1 0 151.44947314
4 2 2 1 167.294826869
4 2 2 0 163.308403237
4 2 4 1 192.222943383
4 2 4 0 172.70445861
4 2 8 1 159.585718775
4 2 8 0 167.975718482
4 2 16 1 159.629003253
4 2 16 0 163.147555713
4 2 32 1 161.805824853
4 2 32 0 178.104936062
8 2 1 1 140.365018539
8 2 1 0 160.42035391
8 2 2 1 164.159679511
8 2 2 0 146.283520852
8 2 4 1 156.888706785
8 2 4 0 177.773119606
8 2 8 1 157.603268941
8 2 8 0 170.87355898
8 2 16 1 189.411225617
8 2 16 0 140.172902873
8 2 32 1 171.4215444
8 2 32 0 149.42489333
16 2 1 1 157.68640695
16 2 1 0 150.396400947
16 2 2 1 169.237041482
16 2 2 0 151.079513937
16 2 4 1 169.123824917
16 2 4 0 169.109753371
16 2 8 1 159.244638373
16 2 8 0 122.077704116
16 2 16 1 146.54997809
16 2 16 0 157.059397498
16 2 32 1 131.315108963
16 2 32 0 161.619723422
32 2 1 1 143.815196485
32 2 1 0 118.979401437
32 2 2 1 169.545486922
32 2 2 0 139.979042369
32 2 4 1 137.403796718
32 2 4 0 123.597163602
32 2 8 1 125.400291281
32 2 8 0 143.778564261
32 2 16 1 120.162384777
32 2 16 0 54.1501026042
32 2 32 1 172.088059274
32 2 32 0 154.014513104
1 4 1 1 95.4933620683
1 4 1 0 67.729672374
1 4 2 1 95.7751234879
1 4 2 0 107.879265672
1 4 4 1 137.210549449
1 4 4 0 127.65064679
1 4 8 1 110.647698728
1 4 8 0 116.587190804
1 4 16 1 137.802103889
1 4 16 0 131.425262367
1 4 32 1 142.161908045
1 4 32 0 146.454745063
2 4 1 1 103.023426359
2 4 1 0 118.690778454
2 4 2 1 133.75607308
2 4 2 0 122.891185321
2 4 4 1 140.229073276
2 4 4 0 142.454374223
2 4 8 1 137.008385059
2 4 8 0 155.116410304
2 4 16 1 140.15832879
2 4 16 0 152.82581897
2 4 32 1 129.005684123
2 4 32 0 133.967576522
4 4 1 1 125.425238662
4 4 1 0 136.553092488
4 4 2 1 147.655005094
4 4 2 0 152.156974736
4 4 4 1 139.313985302
4 4 4 0 150.467940977
4 4 8 1 151.184519846
4 4 8 0 130.042016522
4 4 16 1 141.21699808
4 4 16 0 135.446998133
4 4 32 1 148.189712938
4 4 32 0 148.709074674
8 4 1 1 151.165964688
8 4 1 0 150.499368454
8 4 2 1 149.986107617
8 4 2 0 169.860959634
8 4 4 1 143.682508164
8 4 4 0 141.448063549
8 4 8 1 143.470101065
8 4 8 0 151.798944515
8 4 16 1 145.920787347
8 4 16 0 137.537752627
8 4 32 1 158.943580754
8 4 32 0 130.293892333
16 4 1 1 168.6941198
16 4 1 0 142.975917785
16 4 2 1 162.471183075
16 4 2 0 161.35164269
16 4 4 1 159.248833637
16 4 4 0 161.331649726
16 4 8 1 138.563475931
16 4 8 0 158.639351891
16 4 16 1 158.027576291
16 4 16 0 142.282120471
16 4 32 1 152.650091541
16 4 32 0 151.168612033
32 4 1 1 97.2005958789
32 4 1 0 128.543666645
32 4 2 1 133.937875493
32 4 2 0 115.359829719
32 4 4 1 122.987654065
32 4 4 0 141.200257501
32 4 8 1 163.329995633
32 4 8 0 115.92924815
32 4 16 1 124.399542196
32 4 16 0 156.866613454
32 4 32 1 152.176657221
32 4 32 0 118.774843991
1 8 1 1 84.5387301964
1 8 1 0 88.3550219069
1 8 2 1 108.402723328
1 8 2 0 101.565081307
1 8 4 1 125.657499009
1 8 4 0 132.553747632
1 8 8 1 108.824358366
1 8 8 0 119.057267042
1 8 16 1 118.914161983
1 8 16 0 121.835310556
1 8 32 1 109.047487532
1 8 32 0 136.65272194
2 8 1 1 100.139916725
2 8 1 0 107.358992748
2 8 2 1 112.073009223
2 8 2 0 127.633768167
2 8 4 1 135.643954807
2 8 4 0 152.477228389
2 8 8 1 84.9952280514
2 8 8 0 128.894660459
2 8 16 1 151.605809973
2 8 16 0 148.992894808
2 8 32 1 138.385413575
2 8 32 0 149.347163401
4 8 1 1 126.70349653
4 8 1 0 124.951589585
4 8 2 1 143.634316762
4 8 2 0 120.103832521
4 8 4 1 151.987230305
4 8 4 0 158.114762083
4 8 8 1 132.652548945
4 8 8 0 150.790894022
4 8 16 1 152.81092207
4 8 16 0 112.206889745
4 8 32 1 156.94050912
4 8 32 0 169.671345882
8 8 1 1 125.952366472
8 8 1 0 145.697849942
8 8 2 1 136.18996139
8 8 2 0 149.801727921
8 8 4 1 127.707272868
8 8 4 0 168.134964217
8 8 8 1 147.63874019
8 8 8 0 140.740181177
8 8 16 1 129.769400014
8 8 16 0 87.3229397892
8 8 32 1 124.371756272
8 8 32 0 143.286808717
16 8 1 1 121.865656221
16 8 1 0 165.359224311
16 8 2 1 159.174488131
16 8 2 0 173.790419155
16 8 4 1 146.636908067
16 8 4 0 166.348098038
16 8 8 1 135.798505906
16 8 8 0 143.30733743
16 8 16 1 133.610873773
16 8 16 0 121.899991161
16 8 32 1 143.060297371
16 8 32 0 131.439073365
32 8 1 1 129.659751464
32 8 1 0 149.875401815
32 8 2 1 117.990938941
32 8 2 0 144.043147049
32 8 4 1 121.330501906
32 8 4 0 134.148127294
32 8 8 1 118.509108789
32 8 8 0 146.919894556
32 8 16 1 125.012998151
32 8 16 0 139.077761988
32 8 32 1 124.842638636
32 8 32 0 127.297903141
1 16 1 1 87.1747243883
1 16 1 0 88.2047948817
1 16 2 1 101.758263187
1 16 2 0 106.726576222
1 16 4 1 125.056950572
1 16 4 0 117.670279445
1 16 8 1 95.3111434387
1 16 8 0 136.001513069
1 16 16 1 116.672487613
1 16 16 0 117.845411839
1 16 32 1 130.711475485
1 16 32 0 134.444142723
2 16 1 1 95.1748466493
2 16 1 0 110.092912531
2 16 2 1 127.492235055
2 16 2 0 123.41015208
2 16 4 1 140.048035007
2 16 4 0 136.902464041
2 16 8 1 110.863162025
2 16 8 0 135.942140125
2 16 16 1 130.961456517
2 16 16 0 131.725358767
2 16 32 1 134.404213287
2 16 32 0 113.494445764
4 16 1 1 135.245676681
4 16 1 0 135.291448004
4 16 2 1 139.153502941
4 16 2 0 95.3447759144
4 16 4 1 115.71048102
4 16 4 0 144.578463505
4 16 8 1 146.705561815
4 16 8 0 143.464468499
4 16 16 1 124.698721068
4 16 16 0 147.645235329
4 16 32 1 107.695523413
4 16 32 0 141.445221116
8 16 1 1 148.80336763
8 16 1 0 145.14330965
8 16 2 1 133.884161389
8 16 2 0 124.424240558
8 16 4 1 128.91379949
8 16 4 0 155.948685178
8 16 8 1 120.713071473
8 16 8 0 155.490614092
8 16 16 1 124.608092442
8 16 16 0 136.526508288
8 16 32 1 131.736047475
8 16 32 0 141.078012946
16 16 1 1 120.130115493
16 16 1 0 148.982502764
16 16 2 1 150.864209675
16 16 2 0 150.926182246
16 16 4 1 100.405755732
16 16 4 0 97.3485751075
16 16 8 1 126.431216692
16 16 8 0 138.957856167
16 16 16 1 139.188434848
16 16 16 0 131.194053182
16 16 32 1 123.714989693
16 16 32 0 129.774915814
32 16 1 1 117.040482244
32 16 1 0 127.397262078
32 16 2 1 109.309868897
32 16 2 0 128.367546153
32 16 4 1 120.099245701
32 16 4 0 156.192271334
32 16 8 1 110.619776776
32 16 8 0 119.629866385
32 16 16 1 116.216144626
32 16 16 0 121.331849424
32 16 32 1 103.604612818
32 16 32 0 120.393986985
1 32 1 1 84.4878705826
1 32 1 0 86.6456976619
1 32 2 1 100.722783406
1 32 2 0 102.279828751
1 32 4 1 108.969909056
1 32 4 0 109.94500541
1 32 8 1 101.629472503
1 32 8 0 118.418860074
1 32 16 1 113.577262035
1 32 16 0 111.40128784
1 32 32 1 92.0476420426
1 32 32 0 129.265816557
2 32 1 1 92.7552735266
2 32 1 0 101.99781158
2 32 2 1 106.770787328
2 32 2 0 114.037623721
2 32 4 1 123.727694752
2 32 4 0 137.569992168
2 32 8 1 87.328320428
2 32 8 0 130.339976873
2 32 16 1 127.636113664
2 32 16 0 138.836410879
2 32 32 1 102.955938263
2 32 32 0 135.267149667
4 32 1 1 94.0849966395
4 32 1 0 132.443200519
4 32 2 1 110.808045352
4 32 2 0 149.235338593
4 32 4 1 121.905545493
4 32 4 0 125.942913274
4 32 8 1 134.119057942
4 32 8 0 140.3110293
4 32 16 1 105.452530718
4 32 16 0 135.887625462
4 32 32 1 125.812943489
4 32 32 0 136.965755512
8 32 1 1 117.732555007
8 32 1 0 142.332122524
8 32 2 1 129.001820255
8 32 2 0 123.608088951
8 32 4 1 122.01982618
8 32 4 0 137.705194601
8 32 8 1 116.084255374
8 32 8 0 145.448608342
8 32 16 1 117.413901137
8 32 16 0 136.667698043
8 32 32 1 110.282544676
8 32 32 0 136.157101461
16 32 1 1 126.424952752
16 32 1 0 141.046536419
16 32 2 1 131.035963677
16 32 2 0 133.305938637
16 32 4 1 118.501831075
16 32 4 0 140.573816719
16 32 8 1 109.807082721
16 32 8 0 145.422289321
16 32 16 1 125.478923794
16 32 16 0 121.374873449
16 32 32 1 115.789213083
16 32 32 0 130.895373449
32 32 1 1 96.5793112467
32 32 1 0 108.431213083
32 32 2 1 98.0053693169
32 32 2 0 107.121531878
32 32 4 1 112.359787837
32 32 4 0 109.316847544
32 32 8 1 95.2039795359
32 32 8 0 99.9221274937
32 32 16 1 97.7640784346
32 32 16 0 119.301267171
32 32 32 1 112.707519947
32 32 32 0 146.029701
1 1 1 1 80.4148827058
1 1 1 0 128.022734861
1 1 2 1 158.874447522
1 1 2 0 167.686359912
1 1 4 1 221.220262791
1 1 4 0 204.81590875
1 1 8 1 208.338712862
1 1 8 0 236.665443554
1 1 16 1 204.507504109
1 1 16 0 249.782538823
1 1 32 1 212.635742118
1 1 32 0 217.076626877
2 1 1 1 161.460419991
2 1 1 0 177.874932401
2 1 2 1 228.319175774
2 1 2 0 219.863894807
2 1 4 1 274.679674889
2 1 4 0 247.534389616
2 1 8 1 282.387072349
2 1 8 0 266.682951331
2 1 16 1 302.36462673
2 1 16 0 304.021137755
2 1 32 1 293.189533249
2 1 32 0 305.0236212
4 1 1 1 210.997686196
4 1 1 0 238.071960515
4 1 2 1 154.40123266
4 1 2 0 269.833942776
4 1 4 1 330.643810327
4 1 4 0 350.423708553
4 1 8 1 289.185864623
4 1 8 0 349.955069338
4 1 16 1 324.752961629
4 1 16 0 298.764042135
4 1 32 1 348.765260083
4 1 32 0 339.833631396
8 1 1 1 267.828354519
8 1 1 0 290.39182509
8 1 2 1 330.417390126
8 1 2 0 323.625829372
8 1 4 1 348.592905854
8 1 4 0 332.447355322
8 1 8 1 263.618368402
8 1 8 0 352.504441011
8 1 16 1 340.324979025
8 1 16 0 256.622977736
8 1 32 1 335.794840893
8 1 32 0 335.835568189
16 1 1 1 305.816196343
16 1 1 0 294.108240453
16 1 2 1 228.127989145
16 1 2 0 294.061461333
16 1 4 1 319.640329141
16 1 4 0 349.527284556
16 1 8 1 300.107392987
16 1 8 0 347.47448295
16 1 16 1 311.018130494
16 1 16 0 283.336795547
16 1 32 1 285.123444015
16 1 32 0 347.140647196
32 1 1 1 228.139589281
32 1 1 0 251.14372439
32 1 2 1 307.338565832
32 1 2 0 317.884094472
32 1 4 1 259.24297352
32 1 4 0 310.432448801
32 1 8 1 256.329904366
32 1 8 0 260.866589171
32 1 16 1 191.389923129
32 1 16 0 302.040811977
32 1 32 1 251.220985342
32 1 32 0 298.84108802
1 2 1 1 100.673019696
1 2 1 0 109.957437279
1 2 2 1 159.178067076
1 2 2 0 151.657486329
1 2 4 1 207.55577429
1 2 4 0 226.895394585
1 2 8 1 218.764442961
1 2 8 0 235.745908968
1 2 16 1 204.412425531
1 2 16 0 232.189488384
1 2 32 1 234.371441829
1 2 32 0 237.464262414
2 2 1 1 156.088914912
2 2 1 0 181.802757136
2 2 2 1 203.601977623
2 2 2 0 198.843160523
2 2 4 1 259.392502439
2 2 4 0 282.497063888
2 2 8 1 223.527916403
2 2 8 0 285.9398802
2 2 16 1 228.152915385
2 2 16 0 264.703080404
2 2 32 1 260.563829564
2 2 32 0 300.914002679
4 2 1 1 239.381657778
4 2 1 0 239.290552255
4 2 2 1 243.978562946
4 2 2 0 258.121689034
4 2 4 1 277.589934882
4 2 4 0 306.738137711
4 2 8 1 270.267495254
4 2 8 0 275.743074641
4 2 16 1 305.042784937
4 2 16 0 306.148228264
4 2 32 1 273.280097811
4 2 32 0 289.319454049
8 2 1 1 269.788094352
8 2 1 0 283.68801509
8 2 2 1 322.627733364
8 2 2 0 286.130799534
8 2 4 1 263.628175973
8 2 4 0 289.982481294
8 2 8 1 296.180669841
8 2 8 0 277.133982729
8 2 16 1 321.059213306
8 2 16 0 313.333524547
8 2 32 1 280.61092567
8 2 32 0 322.776504998
16 2 1 1 257.29430976
16 2 1 0 242.795732842
16 2 2 1 256.900689437
16 2 2 0 313.753529294
16 2 4 1 337.397968097
16 2 4 0 256.30245033
16 2 8 1 264.320571094
16 2 8 0 280.720721131
16 2 16 1 196.696690203
16 2 16 0 285.951263072
16 2 32 1 300.740880724
16 2 32 0 271.016262038
32 2 1 1 217.498088254
32 2 1 0 258.111826325
32 2 2 1 251.810554032
32 2 2 0 247.091266444
32 2 4 1 238.176000427
32 2 4 0 271.497036868
32 2 8 1 238.843786736
32 2 8 0 261.121103663
32 2 16 1 258.019017201
32 2 16 0 235.989439047
32 2 32 1 246.029148432
32 2 32 0 276.834030682
1 4 1 1 108.623209108
1 4 1 0 115.17446231
1 4 2 1 143.273630969
1 4 2 0 136.990141023
1 4 4 1 197.493933535
1 4 4 0 196.864680665
1 4 8 1 197.573899006
1 4 8 0 204.986720934
1 4 16 1 198.714014651
1 4 16 0 185.197109467
1 4 32 1 182.880268763
1 4 32 0 193.430927982
2 4 1 1 158.832965092
2 4 1 0 166.63216917
2 4 2 1 168.209087164
2 4 2 0 211.234626741
2 4 4 1 228.207998237
2 4 4 0 234.136844069
2 4 8 1 239.370443358
2 4 8 0 259.709072255
2 4 16 1 244.502536556
2 4 16 0 231.387538885
2 4 32 1 225.550728705
2 4 32 0 246.956306736
4 4 1 1 224.594879915
4 4 1 0 216.655632014
4 4 2 1 218.992106602
4 4 2 0 249.423413695
4 4 4 1 285.203444829
4 4 4 0 254.685351868
4 4 8 1 240.881352927
4 4 8 0 232.56440863
4 4 16 1 273.435872018
4 4 16 0 283.045654728
4 4 32 1 287.316852396
4 4 32 0 237.634037092
8 4 1 1 212.872899591
8 4 1 0 223.250908512
8 4 2 1 261.935646378
8 4 2 0 266.468863336
8 4 4 1 254.094526745
8 4 4 0 273.246508061
8 4 8 1 258.852333279
8 4 8 0 247.956048641
8 4 16 1 244.071442003
8 4 16 0 302.529783607
8 4 32 1 259.218111507
8 4 32 0 254.392936164
16 4 1 1 262.902980904
16 4 1 0 286.39013514
16 4 2 1 280.944031991
16 4 2 0 173.981365938
16 4 4 1 258.065222911
16 4 4 0 283.231522711
16 4 8 1 288.127669199
16 4 8 0 279.204647075
16 4 16 1 251.936846178
16 4 16 0 257.822458969
16 4 32 1 277.25551263
16 4 32 0 287.244138656
32 4 1 1 268.427699115
32 4 1 0 246.455420306
32 4 2 1 264.332796135
32 4 2 0 244.814299114
32 4 4 1 248.106864772
32 4 4 0 222.133051839
32 4 8 1 268.091964295
32 4 8 0 262.619661194
32 4 16 1 231.791771064
32 4 16 0 236.73239539
32 4 32 1 261.326258248
32 4 32 0 230.958860185
1 8 1 1 114.549061169
1 8 1 0 110.192800392
1 8 2 1 147.316185985
1 8 2 0 143.738754903
1 8 4 1 182.411529877
1 8 4 0 172.267248677
1 8 8 1 214.142241751
1 8 8 0 215.192367168
1 8 16 1 179.311261976
1 8 16 0 204.056674311
1 8 32 1 209.405318078
1 8 32 0 192.16634263
2 8 1 1 150.468674468
2 8 1 0 154.360201308
2 8 2 1 164.999377756
2 8 2 0 187.144513323
2 8 4 1 203.824085914
2 8 4 0 184.122611485
2 8 8 1 245.760969452
2 8 8 0 248.128217343
2 8 16 1 225.468730113
2 8 16 0 256.287872169
2 8 32 1 200.435283717
2 8 32 0 260.64238065
4 8 1 1 188.171339043
4 8 1 0 197.678359914
4 8 2 1 198.610356037
4 8 2 0 216.725757168
4 8 4 1 264.710864155
4 8 4 0 222.704184819
4 8 8 1 257.407019174
4 8 8 0 258.736695208
4 8 16 1 230.994113585
4 8 16 0 301.412951384
4 8 32 1 245.536898408
4 8 32 0 255.805428421
8 8 1 1 240.491899272
8 8 1 0 263.87439935
8 8 2 1 237.58644719
8 8 2 0 264.57801857
8 8 4 1 282.131991569
8 8 4 0 285.924113301
8 8 8 1 266.294550653
8 8 8 0 267.79328788
8 8 16 1 235.757475313
8 8 16 0 290.022758192
8 8 32 1 254.87195097
8 8 32 0 244.970199773
16 8 1 1 267.212819715
16 8 1 0 272.626291372
16 8 2 1 250.837345026
16 8 2 0 269.191061153
16 8 4 1 269.56500975
16 8 4 0 307.909320964
16 8 8 1 259.05401696
16 8 8 0 280.608316562
16 8 16 1 248.546911358
16 8 16 0 271.64288619
16 8 32 1 244.343885752
16 8 32 0 247.432362131
32 8 1 1 241.918578818
32 8 1 0 245.751740768
32 8 2 1 223.155270548
32 8 2 0 234.608176501
32 8 4 1 225.341728267
32 8 4 0 160.271052112
32 8 8 1 233.156663899
32 8 8 0 286.301338525
32 8 16 1 212.240692485
32 8 16 0 212.336853233
32 8 32 1 235.661309117
32 8 32 0 252.405675627
1 16 1 1 115.008965029
1 16 1 0 113.813329626
1 16 2 1 138.256176247
1 16 2 0 145.434775841
1 16 4 1 173.824919111
1 16 4 0 180.61228891
1 16 8 1 199.692616057
1 16 8 0 191.700304493
1 16 16 1 179.514080844
1 16 16 0 205.959386281
1 16 32 1 200.635965256
1 16 32 0 202.492011021
2 16 1 1 158.48179393
2 16 1 0 178.611964239
2 16 2 1 195.144286757
2 16 2 0 205.777592246
2 16 4 1 211.67766392
2 16 4 0 242.498576933
2 16 8 1 211.037926776
2 16 8 0 177.758367723
2 16 16 1 216.072752375
2 16 16 0 208.297105754
2 16 32 1 223.466438585
2 16 32 0 234.739181539
4 16 1 1 204.107855626
4 16 1 0 209.46093321
4 16 2 1 211.863670392
4 16 2 0 245.584103887
4 16 4 1 217.540846736
4 16 4 0 234.07754308
4 16 8 1 230.537341311
4 16 8 0 214.763830963
4 16 16 1 241.754847145
4 16 16 0 244.221634532
4 16 32 1 255.230844694
4 16 32 0 238.533743043
8 16 1 1 244.42140523
8 16 1 0 252.225353241
8 16 2 1 221.387282621
8 16 2 0 231.870603121
8 16 4 1 241.883998806
8 16 4 0 274.331160745
8 16 8 1 228.903543587
8 16 8 0 245.806100644
8 16 16 1 228.220028653
8 16 16 0 242.299836447
8 16 32 1 224.058326873
8 16 32 0 228.002187973
16 16 1 1 250.733221571
16 16 1 0 278.457068706
16 16 2 1 233.699047195
16 16 2 0 251.000397955
16 16 4 1 250.91720908
16 16 4 0 237.478807712
16 16 8 1 271.410385601
16 16 8 0 325.200429284
16 16 16 1 216.673033145
16 16 16 0 264.18407391
16 16 32 1 236.836778471
16 16 32 0 252.832039186
32 16 1 1 195.389388041
32 16 1 0 226.203857538
32 16 2 1 238.331953324
32 16 2 0 248.242409552
32 16 4 1 233.373122677
32 16 4 0 209.862028012
32 16 8 1 204.381880842
32 16 8 0 220.114641223
32 16 16 1 195.923589714
32 16 16 0 213.784475438
32 16 32 1 186.53666099
32 16 32 0 195.173149572
1 32 1 1 104.276075411
1 32 1 0 112.889867319
1 32 2 1 126.793866781
1 32 2 0 135.503320574
1 32 4 1 176.09845086
1 32 4 0 180.780644674
1 32 8 1 160.268578355
1 32 8 0 181.63510414
1 32 16 1 170.435620195
1 32 16 0 182.50757218
1 32 32 1 165.906174661
1 32 32 0 184.742961919
2 32 1 1 137.932514606
2 32 1 0 151.664016588
2 32 2 1 168.737296211
2 32 2 0 180.375480461
2 32 4 1 185.34472199
2 32 4 0 208.449701569
2 32 8 1 176.885312524
2 32 8 0 209.69707452
2 32 16 1 189.39153171
2 32 16 0 227.016672223
2 32 32 1 186.220051464
2 32 32 0 210.611358735
4 32 1 1 184.561286094
4 32 1 0 202.234803486
4 32 2 1 187.000139661
4 32 2 0 215.294006188
4 32 4 1 210.246715258
4 32 4 0 278.210290021
4 32 8 1 248.045087761
4 32 8 0 256.338973477
4 32 16 1 213.40546016
4 32 16 0 255.002356439
4 32 32 1 197.461182851
4 32 32 0 227.93646602
8 32 1 1 196.561354679
8 32 1 0 215.002984957
8 32 2 1 206.976388576
8 32 2 0 261.098334008
8 32 4 1 218.590978603
8 32 4 0 264.154695526
8 32 8 1 216.492991159
8 32 8 0 255.639876161
8 32 16 1 226.631897017
8 32 16 0 236.430364017
8 32 32 1 191.45021865
8 32 32 0 221.834463457
16 32 1 1 214.382707759
16 32 1 0 250.804337002
16 32 2 1 220.438531368
16 32 2 0 261.540361088
16 32 4 1 229.601067155
16 32 4 0 250.715868574
16 32 8 1 234.430826337
16 32 8 0 271.820063872
16 32 16 1 211.313079454
16 32 16 0 282.097537564
16 32 32 1 222.943219134
16 32 32 0 230.481812199
32 32 1 1 134.224817452
32 32 1 0 195.925593698
32 32 2 1 218.098297517
32 32 2 0 241.659281537
32 32 4 1 196.967384702
32 32 4 0 224.629877059
32 32 8 1 209.592303796
32 32 8 0 197.969131335
32 32 16 1 187.657558276
32 32 16 0 224.51209677
32 32 32 1 183.009462052
32 32 32 0 218.359669396
1 1 1 1 87.8805491477
1 1 1 0 130.403377356
1 1 2 1 170.407877374
1 1 2 0 178.410101372
1 1 4 1 272.654689402
1 1 4 0 286.486690239
1 1 8 1 307.597207137
1 1 8 0 302.293044385
1 1 16 1 286.36737167
1 1 16 0 297.232088019
1 1 32 1 299.515349336
1 1 32 0 318.142557411
2 1 1 1 217.848480392
2 1 1 0 223.35102336
2 1 2 1 282.058808699
2 1 2 0 293.236732441
2 1 4 1 358.103694686
2 1 4 0 412.743055877
2 1 8 1 427.832610309
2 1 8 0 427.202306442
2 1 16 1 416.228048339
2 1 16 0 410.659645628
2 1 32 1 415.578600757
2 1 32 0 409.883295993
4 1 1 1 365.665345066
4 1 1 0 341.833522779
4 1 2 1 401.572175619
4 1 2 0 368.995194409
4 1 4 1 455.463976882
4 1 4 0 419.758909596
4 1 8 1 453.443111933
4 1 8 0 523.580807226
4 1 16 1 427.033766603
4 1 16 0 507.584198522
4 1 32 1 345.934932734
4 1 32 0 482.443535887
8 1 1 1 427.588943198
8 1 1 0 460.894711459
8 1 2 1 483.60336442
8 1 2 0 490.106557237
8 1 4 1 491.00246795
8 1 4 0 272.888212921
8 1 8 1 511.957821907
8 1 8 0 530.151378669
8 1 16 1 490.216208232
8 1 16 0 406.531889842
8 1 32 1 432.016210853
8 1 32 0 514.887855814
16 1 1 1 441.052250506
16 1 1 0 513.217153363
16 1 2 1 510.879894942
16 1 2 0 506.691373056
16 1 4 1 482.84610672
16 1 4 0 523.799200396
16 1 8 1 457.769960462
16 1 8 0 485.933527592
16 1 16 1 470.367638784
16 1 16 0 442.764820595
16 1 32 1 507.648603399
16 1 32 0 520.626977835
32 1 1 1 400.197368028
32 1 1 0 295.951209074
32 1 2 1 435.292660681
32 1 2 0 389.325656881
32 1 4 1 437.68853744
32 1 4 0 421.99538087
32 1 8 1 460.153819659
32 1 8 0 392.279704847
32 1 16 1 359.358730516
32 1 16 0 488.820704942
32 1 32 1 451.784496895
32 1 32 0 432.78360762
1 2 1 1 117.030969508
1 2 1 0 127.148306052
1 2 2 1 176.086692758
1 2 2 0 185.675226334
1 2 4 1 209.246611029
1 2 4 0 234.258875174
1 2 8 1 293.758066008
1 2 8 0 304.995082439
1 2 16 1 311.298112517
1 2 16 0 308.161688854
1 2 32 1 309.954751667
1 2 32 0 315.087738495
2 2 1 1 233.185137454
2 2 1 0 216.391826135
2 2 2 1 295.182861369
2 2 2 0 270.103541067
2 2 4 1 347.215359508
2 2 4 0 351.24450661
2 2 8 1 432.189820513
2 2 8 0 380.529325062
2 2 16 1 367.256846635
2 2 16 0 425.841014045
2 2 32 1 384.531560551
2 2 32 0 403.572813666
4 2 1 1 358.167291753
4 2 1 0 349.806421566
4 2 2 1 427.069329156
4 2 2 0 411.449434159
4 2 4 1 462.355289079
4 2 4 0 486.735323108
4 2 8 1 472.026391838
4 2 8 0 454.393038371
4 2 16 1 485.031438117
4 2 16 0 498.081101292
4 2 32 1 510.738761104
4 2 32 0 249.787456398
8 2 1 1 415.534326679
8 2 1 0 476.304156799
8 2 2 1 489.158546594
8 2 2 0 390.59829152
8 2 4 1 481.077970378
8 2 4 0 540.179152665
8 2 8 1 346.230976076
8 2 8 0 511.487990854
8 2 16 1 469.832814133
8 2 16 0 564.833723487
8 2 32 1 537.520739632
8 2 32 0 534.578015034
16 2 1 1 472.497693798
16 2 1 0 503.781951888
16 2 2 1 527.991571053
16 2 2 0 401.857695188
16 2 4 1 334.008984711
16 2 4 0 305.152251477
16 2 8 1 544.685510362
16 2 8 0 516.914476522
16 2 16 1 516.443487341
16 2 16 0 534.277858265
16 2 32 1 501.820154828
16 2 32 0 504.518662161
32 2 1 1 456.86264254
32 2 1 0 309.956434982
32 2 2 1 315.909259678
32 2 2 0 531.38339497
32 2 4 1 265.921540764
32 2 4 0 492.992926988
32 2 8 1 359.658731725
32 2 8 0 430.125173592
32 2 16 1 425.229771703
32 2 16 0 466.248539213
32 2 32 1 381.100829113
32 2 32 0 349.160090499
1 4 1 1 134.29887192
1 4 1 0 137.089715725
1 4 2 1 173.908616482
1 4 2 0 177.314948527
1 4 4 1 218.310087482
1 4 4 0 250.108032055
1 4 8 1 291.450013998
1 4 8 0 281.015544472
1 4 16 1 270.506190767
1 4 16 0 277.689409674
1 4 32 1 265.916879823
1 4 32 0 289.463275203
2 4 1 1 224.390970322
2 4 1 0 220.834875084
2 4 2 1 261.0895911
2 4 2 0 284.952446992
2 4 4 1 353.284428155
2 4 4 0 376.068208576
2 4 8 1 362.729756552
2 4 8 0 369.466353688
2 4 16 1 374.978731955
2 4 16 0 349.706849376
2 4 32 1 354.58090173
2 4 32 0 359.194384438
4 4 1 1 272.81246819
4 4 1 0 315.673956612
4 4 2 1 359.399278587
4 4 2 0 341.968702428
4 4 4 1 404.743992125
4 4 4 0 415.911029471
4 4 8 1 297.12140323
4 4 8 0 422.644742385
4 4 16 1 417.288768351
4 4 16 0 451.514128149
4 4 32 1 430.453042926
4 4 32 0 431.008139582
8 4 1 1 383.041770507
8 4 1 0 426.386460551
8 4 2 1 426.331036288
8 4 2 0 440.099991151
8 4 4 1 424.147304476
8 4 4 0 430.064143615
8 4 8 1 463.178177672
8 4 8 0 492.904848626
8 4 16 1 447.392515387
8 4 16 0 451.875113638
8 4 32 1 313.697421047
8 4 32 0 492.871172258
16 4 1 1 462.786380343
16 4 1 0 437.577273487
16 4 2 1 522.086182742
16 4 2 0 397.869794265
16 4 4 1 477.292702693
16 4 4 0 476.972565879
16 4 8 1 471.437425943
16 4 8 0 510.634065194
16 4 16 1 480.061365183
16 4 16 0 504.889375456
16 4 32 1 419.735032328
16 4 32 0 483.159626505
32 4 1 1 565.830069983
32 4 1 0 453.434559063
32 4 2 1 512.653773169
32 4 2 0 580.49063757
32 4 4 1 431.233021916
32 4 4 0 439.405456695
32 4 8 1 432.277423815
32 4 8 0 487.716082761
32 4 16 1 467.862870885
32 4 16 0 544.700327575
32 4 32 1 453.46026766
32 4 32 0 496.24536506
1 8 1 1 128.178712353
1 8 1 0 129.917403702
1 8 2 1 166.818317727
1 8 2 0 174.670493637
1 8 4 1 246.636172218
1 8 4 0 241.891140926
1 8 8 1 275.523421479
1 8 8 0 294.285158452
1 8 16 1 276.852516008
1 8 16 0 291.629288845
1 8 32 1 262.177439307
1 8 32 0 301.686482636
2 8 1 1 206.291119988
2 8 1 0 226.104127494
2 8 2 1 286.428680901
2 8 2 0 271.284019699
2 8 4 1 341.316794794
2 8 4 0 297.427078907
2 8 8 1 367.542150923
2 8 8 0 378.687148608
2 8 16 1 320.481005958
2 8 16 0 385.129637412
2 8 32 1 350.754789816
2 8 32 0 363.368057935
4 8 1 1 319.231953682
4 8 1 0 316.857867521
4 8 2 1 349.485672287
4 8 2 0 397.443941955
4 8 4 1 393.721048475
4 8 4 0 406.381506277
4 8 8 1 443.604452379
4 8 8 0 436.185494474
4 8 16 1 397.061070201
4 8 16 0 498.203787252
4 8 32 1 456.41427885
4 8 32 0 491.271980908
8 8 1 1 412.685843583
8 8 1 0 291.293622515
8 8 2 1 397.538480259
8 8 2 0 421.897297943
8 8 4 1 320.399433562
8 8 4 0 464.706588133
8 8 8 1 462.951117581
8 8 8 0 445.890610008
8 8 16 1 283.184326947
8 8 16 0 442.661541019
8 8 32 1 454.369069454
8 8 32 0 452.000830323
16 8 1 1 420.950459349
16 8 1 0 375.56166234
16 8 2 1 405.389215775
16 8 2 0 468.056544224
16 8 4 1 441.816978977
16 8 4 0 445.888808992
16 8 8 1 434.01093249
16 8 8 0 499.175158987
16 8 16 1 440.112273332
16 8 16 0 440.095720252
16 8 32 1 479.002688192
16 8 32 0 439.326788124
32 8 1 1 436.38961768
32 8 1 0 426.914818568
32 8 2 1 421.363247968
32 8 2 0 488.075254616
32 8 4 1 473.429261219
32 8 4 0 414.929986483
32 8 8 1 433.669059643
32 8 8 0 426.730682026
32 8 16 1 370.206020585
32 8 16 0 452.305503603
32 8 32 1 355.28955468
32 8 32 0 480.074605596
1 16 1 1 127.798391366
1 16 1 0 117.434094542
1 16 2 1 175.373149746
1 16 2 0 167.486318637
1 16 4 1 218.912883148
1 16 4 0 232.354677594
1 16 8 1 274.72227946
1 16 8 0 265.297982647
1 16 16 1 257.47144574
1 16 16 0 280.79939983
1 16 32 1 278.656721304
1 16 32 0 269.304212904
2 16 1 1 203.631609202
2 16 1 0 219.183013122
2 16 2 1 256.302259314
2 16 2 0 262.085071906
2 16 4 1 340.695852059
2 16 4 0 335.45572686
2 16 8 1 333.524905559
2 16 8 0 357.819710002
2 16 16 1 335.438398417
2 16 16 0 403.168787353
2 16 32 1 330.895894638
2 16 32 0 369.966156633
4 16 1 1 287.998340209
4 16 1 0 316.386157457
4 16 2 1 350.812062587
4 16 2 0 333.739253065
4 16 4 1 353.12034326
4 16 4 0 429.490256288
4 16 8 1 413.816230856
4 16 8 0 399.281562829
4 16 16 1 385.487443198
4 16 16 0 406.431608642
4 16 32 1 398.852210629
4 16 32 0 477.842968397
8 16 1 1 392.411681423
8 16 1 0 423.545486933
8 16 2 1 388.519106339
8 16 2 0 435.320531818
8 16 4 1 287.360308118
8 16 4 0 340.888213343
8 16 8 1 425.384229436
8 16 8 0 481.795903104
8 16 16 1 445.824005802
8 16 16 0 463.730321667
8 16 32 1 449.078153995
8 16 32 0 501.808959305
16 16 1 1 440.779819024
16 16 1 0 438.018804273
16 16 2 1 440.396386097
16 16 2 0 364.11159526
16 16 4 1 411.670443336
16 16 4 0 533.300545093
16 16 8 1 461.990625813
16 16 8 0 545.955389695
16 16 16 1 396.366565865
16 16 16 0 500.812162868
16 16 32 1 408.932862345
16 16 32 0 355.130036038
32 16 1 1 434.419827112
32 16 1 0 490.428490326
32 16 2 1 404.856707162
32 16 2 0 508.333927495
32 16 4 1 407.932273555
32 16 4 0 453.375261501
32 16 8 1 452.696309007
32 16 8 0 424.702585401
32 16 16 1 364.759626148
32 16 16 0 392.143582964
32 16 32 1 314.636725193
32 16 32 0 395.732249745
1 32 1 1 127.590161391
1 32 1 0 110.328545922
1 32 2 1 155.63671838
1 32 2 0 166.262727481
1 32 4 1 216.019462533
1 32 4 0 240.524048599
1 32 8 1 244.007405914
1 32 8 0 264.040659136
1 32 16 1 266.152879673
1 32 16 0 255.543528129
1 32 32 1 236.565639998
1 32 32 0 279.517388454
2 32 1 1 193.85977742
2 32 1 0 192.308348087
2 32 2 1 244.53991501
2 32 2 0 270.388341565
2 32 4 1 289.440486615
2 32 4 0 312.660217654
2 32 8 1 301.570775924
2 32 8 0 352.300572484
2 32 16 1 298.553666522
2 32 16 0 351.553968546
2 32 32 1 321.826732004
2 32 32 0 316.804420844
4 32 1 1 260.657734962
4 32 1 0 322.969135726
4 32 2 1 292.103072031
4 32 2 0 335.715263995
4 32 4 1 320.036344232
4 32 4 0 368.11383298
4 32 8 1 351.676219647
4 32 8 0 427.224212687
4 32 16 1 363.573598931
4 32 16 0 388.808557453
4 32 32 1 390.797772033
4 32 32 0 448.280488133
8 32 1 1 319.117316961
8 32 1 0 359.786623893
8 32 2 1 329.952226428
8 32 2 0 429.191755606
8 32 4 1 374.054030552
8 32 4 0 404.737119144
8 32 8 1 347.108223554
8 32 8 0 303.431241319
8 32 16 1 409.506594443
8 32 16 0 492.654282821
8 32 32 1 381.863511426
8 32 32 0 338.590086816
16 32 1 1 405.808168704
16 32 1 0 480.07482536
16 32 2 1 350.311453053
16 32 2 0 447.358807161
16 32 4 1 373.03542957
16 32 4 0 460.386076036
16 32 8 1 430.745494437
16 32 8 0 447.802788425
16 32 16 1 401.835483814
16 32 16 0 475.53757216
16 32 32 1 419.643454494
16 32 32 0 447.832953973
32 32 1 1 381.074050467
32 32 1 0 406.331140752
32 32 2 1 352.851876477
32 32 2 0 439.777967206
32 32 4 1 371.417584425
32 32 4 0 423.716120185
32 32 8 1 319.872278439
32 32 8 0 397.859115138
32 32 16 1 323.193630205
32 32 16 0 381.366187718
32 32 32 1 308.184158617
32 32 32 0 373.762227569
1 1 1 1 136.573493377
1 1 1 0 180.893966204
1 1 2 1 239.94046803
1 1 2 0 236.18343936
1 1 4 1 256.50797861
1 1 4 0 239.372276017
1 1 8 1 271.858294666
1 1 8 0 294.264590514
1 1 16 1 288.08159342
1 1 16 0 247.251152643
1 1 32 1 259.26778974
1 1 32 0 283.558138238
2 1 1 1 222.072581291
2 1 1 0 237.939159604
2 1 2 1 235.070217543
2 1 2 0 301.353036075
2 1 4 1 281.761425369
2 1 4 0 299.200363552
2 1 8 1 315.015734944
2 1 8 0 268.98566361
2 1 16 1 342.602622768
2 1 16 0 283.115450195
2 1 32 1 331.22652736
2 1 32 0 327.161743492
4 1 1 1 269.745097645
4 1 1 0 305.578412594
4 1 2 1 306.080893775
4 1 2 0 319.301703932
4 1 4 1 261.577646202
4 1 4 0 309.749125852
4 1 8 1 281.751648404
4 1 8 0 376.950181548
4 1 16 1 209.009724097
4 1 16 0 302.839380565
4 1 32 1 349.867652958
4 1 32 0 292.118052305
8 1 1 1 241.255923586
8 1 1 0 314.518539769
8 1 2 1 311.737292909
8 1 2 0 336.599222023
8 1 4 1 310.530646332
8 1 4 0 345.779506503
8 1 8 1 331.693833445
8 1 8 0 361.369267783
8 1 16 1 331.643433011
8 1 16 0 313.252861356
8 1 32 1 352.225337071
8 1 32 0 315.515756063
16 1 1 1 331.618545764
16 1 1 0 306.264433113
16 1 2 1 274.927090399
16 1 2 0 325.025745402
16 1 4 1 282.944323273
16 1 4 0 323.493517493
16 1 8 1 288.300474223
16 1 8 0 324.983694451
16 1 16 1 296.606895576
16 1 16 0 287.345548809
16 1 32 1 247.835087583
16 1 32 0 288.310633568
32 1 1 1 251.994240112
32 1 1 0 248.818890807
32 1 2 1 250.324608626
32 1 2 0 244.361706666
32 1 4 1 244.705672383
32 1 4 0 245.774760473
32 1 8 1 247.35381059
32 1 8 0 264.133313713
32 1 16 1 256.555212708
32 1 16 0 234.932492905
32 1 32 1 252.79287743
32 1 32 0 256.004241625
1 2 1 1 146.48296841
1 2 1 0 162.395623709
1 2 2 1 221.206233012
1 2 2 0 209.102935681
1 2 4 1 268.151741295
1 2 4 0 213.976195988
1 2 8 1 253.298651255
1 2 8 0 223.117761592
1 2 16 1 252.34524865
1 2 16 0 252.382182785
1 2 32 1 208.485209155
1 2 32 0 239.441462674
2 2 1 1 237.089805558
2 2 1 0 229.713495746
2 2 2 1 246.392446878
2 2 2 0 264.200232575
2 2 4 1 272.40557132
2 2 4 0 242.084570092
2 2 8 1 268.804690013
2 2 8 0 249.618848146
2 2 16 1 234.318085607
2 2 16 0 256.8881827
2 2 32 1 277.920138215
2 2 32 0 152.691148901
4 2 1 1 254.902636968
4 2 1 0 252.392711957
4 2 2 1 308.57612383
4 2 2 0 282.30716306
4 2 4 1 302.331729526
4 2 4 0 274.766419338
4 2 8 1 300.48349732
4 2 8 0 266.060844959
4 2 16 1 155.430987233
4 2 16 0 252.703227647
4 2 32 1 312.748982231
4 2 32 0 259.680651165
8 2 1 1 294.27491246
8 2 1 0 276.842333381
8 2 2 1 306.232838195
8 2 2 0 301.372023026
8 2 4 1 311.969298116
8 2 4 0 305.969611611
8 2 8 1 272.93569984
8 2 8 0 268.117060008
8 2 16 1 278.929711002
8 2 16 0 316.973756997
8 2 32 1 314.443295918
8 2 32 0 308.678618006
16 2 1 1 302.445065729
16 2 1 0 286.283697129
16 2 2 1 289.654172639
16 2 2 0 299.096130898
16 2 4 1 278.386584228
16 2 4 0 323.816015568
16 2 8 1 288.550350128
16 2 8 0 243.49531009
16 2 16 1 285.343788285
16 2 16 0 283.234555435
16 2 32 1 243.076179113
16 2 32 0 255.657274922
32 2 1 1 247.82597903
32 2 1 0 251.869911871
32 2 2 1 265.053808936
32 2 2 0 242.764611677
32 2 4 1 251.502919238
32 2 4 0 260.380648316
32 2 8 1 229.023453019
32 2 8 0 257.415028827
32 2 16 1 247.316354058
32 2 16 0 234.896288567
32 2 32 1 213.541719567
32 2 32 0 205.26947814
1 4 1 1 70.6551640173
1 4 1 0 24.227732992
1 4 2 1 197.767277976
1 4 4 1 39.6979291241
1 4 4 0 200.47698372
1 4 8 1 198.721576271
1 4 8 0 214.813329731
1 4 16 1 205.731495945
1 4 16 0 211.849575259
1 4 32 1 209.631344903
1 4 32 0 234.012397857
2 4 1 1 169.215027224
2 4 1 0 173.748814684
2 4 2 1 217.475563747
2 4 2 0 219.815146219
2 4 4 1 216.409698754
2 4 4 0 242.493686773
2 4 8 1 245.614070384
2 4 8 0 251.753570644
2 4 16 1 163.710832498
2 4 16 0 235.051822634
2 4 32 1 227.945304299
2 4 32 0 226.719534527
4 4 1 1 207.222445069
4 4 1 0 222.983079003
4 4 2 1 223.849102409
4 4 2 0 256.352595067
4 4 4 1 234.112712185
4 4 4 0 273.706820686
4 4 8 1 234.606183733
4 4 8 0 258.98354878
4 4 16 1 242.762004803
4 4 16 0 229.241753914
4 4 32 1 218.829244729
4 4 32 0 248.742912045
8 4 1 1 259.900564279
8 4 1 0 248.034313288
8 4 2 1 243.014912565
8 4 2 0 258.835571014
8 4 4 1 274.98746092
8 4 4 0 205.378235368
8 4 8 1 229.620683607
8 4 8 0 243.704996344
8 4 16 1 235.648665315
8 4 16 0 239.400719769
8 4 32 1 214.363767689
8 4 32 0 256.748236536
16 4 1 1 245.097715995
16 4 1 0 280.229221442
16 4 2 1 271.570155257
16 4 2 0 249.827535291
16 4 4 1 254.51885705
16 4 4 0 260.471122211
16 4 8 1 235.221834289
16 4 8 0 242.578470768
16 4 16 1 217.291826709
16 4 16 0 222.347415414
16 4 32 1 236.131270271
16 4 32 0 237.256121702
32 4 1 1 226.640413691
32 4 1 0 254.768441567
32 4 2 1 236.023992312
32 4 2 0 233.42162281
32 4 4 1 212.670151524
32 4 4 0 233.73280124
32 4 8 1 215.795763714
32 4 8 0 211.783237366
32 4 16 1 201.801331495
32 4 16 0 215.937597613
32 4 32 1 204.156831379
32 4 32 0 220.738834482
1 8 1 1 155.647467457
1 8 1 0 167.03028559
1 8 2 1 191.837703293
1 8 2 0 196.751239177
1 8 4 1 222.066037155
1 8 4 0 226.513892152
1 8 8 1 215.737896889
1 8 8 0 202.426201319
1 8 16 1 212.164344761
1 8 16 0 224.931793627
1 8 32 1 216.700069242
1 8 32 0 223.544052125
2 8 1 1 203.255347971
2 8 1 0 207.290727749
2 8 2 1 204.947954603
2 8 2 0 228.422360518
2 8 4 1 194.243543776
2 8 4 0 230.010831932
2 8 8 1 201.237255161
2 8 8 0 260.167848509
2 8 16 1 240.022349095
2 8 16 0 236.264140391
2 8 32 1 244.450473198
2 8 32 0 253.15438139
4 8 1 1 236.04979084
4 8 1 0 242.720357291
4 8 2 1 225.17968103
4 8 2 0 272.36898658
4 8 4 1 247.332303742
4 8 4 0 246.036270893
4 8 8 1 223.331748496
4 8 8 0 225.903343573
4 8 16 1 215.838324684
4 8 16 0 214.196485119
4 8 32 1 236.646959973
4 8 32 0 252.144516754
8 8 1 1 259.188909504
8 8 1 0 242.525040768
8 8 2 1 244.166294498
8 8 2 0 223.262064327
8 8 4 1 248.430839044
8 8 4 0 241.375159416
8 8 8 1 218.073895004
8 8 8 0 233.804365335
8 8 16 1 227.425481757
8 8 16 0 218.082896531
8 8 32 1 238.199944722
8 8 32 0 201.084732382
16 8 1 1 221.63250512
16 8 1 0 263.958273144
16 8 2 1 224.00911857
16 8 2 0 271.849003623
16 8 4 1 219.145802685
16 8 4 0 252.191208654
16 8 8 1 226.924867283
16 8 8 0 164.913775072
16 8 16 1 216.478268868
16 8 16 0 246.965952319
16 8 32 1 246.796469297
16 8 32 0 216.923474862
32 8 1 1 289.78087739
32 8 1 0 251.492051879
32 8 2 1 240.51322233
32 8 2 0 226.70844184
32 8 4 1 216.207350362
32 8 4 0 229.709110103
32 8 8 1 231.909800868
32 8 8 0 209.174215518
32 8 16 1 216.34454997
32 8 16 0 217.300313068
32 8 32 1 195.418239185
32 8 32 0 191.305002676
1 16 1 1 149.066067963
1 16 1 0 153.797157322
1 16 2 1 176.53203432
1 16 2 0 194.024401478
1 16 4 1 219.458052671
1 16 4 0 213.611511516
1 16 8 1 230.828606867
1 16 8 0 213.151833793
1 16 16 1 193.701845772
1 16 16 0 236.221093846
1 16 32 1 201.824126094
1 16 32 0 192.246200569
2 16 1 1 166.256190085
2 16 1 0 192.159327736
2 16 2 1 212.40403244
2 16 2 0 193.302515773
2 16 4 1 221.284488672
2 16 4 0 171.358962068
2 16 8 1 230.72828559
2 16 8 0 239.381574193
2 16 16 1 216.23043528
2 16 16 0 215.012225735
2 16 32 1 221.8582148
2 16 32 0 237.687007149
4 16 1 1 202.546138425
4 16 1 0 208.491877994
4 16 2 1 219.000941498
4 16 2 0 236.186764006
4 16 4 1 213.074667945
4 16 4 0 230.65361275
4 16 8 1 221.087183702
4 16 8 0 247.581999077
4 16 16 1 191.555664548
4 16 16 0 257.323828667
4 16 32 1 242.064897365
4 16 32 0 254.673096973
8 16 1 1 228.813160889
8 16 1 0 223.752120752
8 16 2 1 260.422893222
8 16 2 0 229.79555166
8 16 4 1 228.404675506
8 16 4 0 255.850747712
8 16 8 1 224.122319713
8 16 8 0 234.25318184
8 16 16 1 243.50549732
8 16 16 0 236.861128975
8 16 32 1 232.93943275
8 16 32 0 239.620465898
16 16 1 1 242.162023297
16 16 1 0 262.928943709
16 16 2 1 238.125506501
16 16 2 0 210.566796869
16 16 4 1 237.054019166
16 16 4 0 221.863600719
16 16 8 1 217.359571163
16 16 8 0 266.790855016
16 16 16 1 213.856984155
16 16 16 0 214.727968098
16 16 32 1 222.362920081
16 16 32 0 227.311951504
32 16 1 1 235.08193776
32 16 1 0 220.893376851
32 16 2 1 229.048305619
32 16 2 0 262.324603818
32 16 4 1 221.121225367
32 16 4 0 203.80433086
32 16 8 1 200.577648392
32 16 8 0 223.779643013
32 16 16 1 197.998840502
32 16 16 0 218.788527336
32 16 32 1 184.57496649
32 16 32 0 216.746432852
1 32 1 1 140.195418687
1 32 1 0 151.030035507
1 32 2 1 163.458668349
1 32 2 0 184.045660745
1 32 4 1 214.228790312
1 32 4 0 137.221127839
1 32 8 1 161.096744296
1 32 8 0 202.383911212
1 32 16 1 184.833182668
1 32 16 0 215.724894944
1 32 32 1 198.697629563
1 32 32 0 204.661083581
2 32 1 1 158.548859384
2 32 1 0 195.086473144
2 32 2 1 182.687972038
2 32 2 0 180.635578311
2 32 4 1 202.043925508
2 32 4 0 208.380557218
2 32 8 1 204.070991551
2 32 8 0 210.420310621
2 32 16 1 209.196821371
2 32 16 0 213.453631501
2 32 32 1 196.661049455
2 32 32 0 223.866520666
4 32 1 1 188.80708037
4 32 1 0 225.739270165
4 32 2 1 139.611570868
4 32 2 0 227.099025793
4 32 4 1 188.809445676
4 32 4 0 232.246552793
4 32 8 1 192.523909373
4 32 8 0 213.093378016
4 32 16 1 131.864025125
4 32 16 0 181.701681118
4 32 32 1 141.060713544
4 32 32 0 198.226948175
8 32 1 1 193.261847239
8 32 1 0 200.528010221
8 32 2 1 179.195886091
8 32 2 0 240.690042292
8 32 4 1 199.101430861
8 32 4 0 233.308200011
8 32 8 1 224.874398269
8 32 8 0 193.082747736
8 32 16 1 221.383404493
8 32 16 0 230.817790641
8 32 32 1 190.256020234
8 32 32 0 221.791806144
16 32 1 1 213.916136673
16 32 1 0 214.246485381
16 32 2 1 217.581242272
16 32 2 0 224.647929202
16 32 4 1 207.704554504
16 32 4 0 225.245299441
16 32 8 1 200.145393168
16 32 8 0 220.406226253
16 32 16 1 195.180208325
16 32 16 0 206.824864955
16 32 32 1 203.15971322
16 32 32 0 230.501505137
32 32 1 1 180.236096267
32 32 1 0 202.890357428
32 32 2 1 197.105011857
32 32 2 0 214.152497783
32 32 4 1 183.55461005
32 32 4 0 221.78926377
32 32 8 1 176.791591732
32 32 8 0 215.123549534
32 32 16 1 184.193664047
32 32 16 0 190.557816933
32 32 32 1 183.909256898
32 32 32 0 209.558025406
1 1 1 1 158.811481625
1 1 1 0 235.110101341
1 1 2 1 308.498568112
1 1 2 0 315.068730036
1 1 4 1 430.420834585
1 1 4 0 427.91288551
1 1 8 1 380.479371617
1 1 8 0 403.724592452
1 1 16 1 404.346437557
1 1 16 0 445.914306658
1 1 32 1 368.749131396
1 1 32 0 410.463508669
2 1 1 1 312.017169863
2 1 1 0 322.228610788
2 1 2 1 421.088752502
2 1 2 0 417.713672711
2 1 4 1 529.300595598
2 1 4 0 358.221392054
2 1 8 1 483.530715629
2 1 8 0 450.507893206
2 1 16 1 538.923944547
2 1 16 0 492.721526036
2 1 32 1 501.216165171
2 1 32 0 243.880093273
4 1 1 1 404.40057179
4 1 1 0 420.140902941
4 1 2 1 437.738829726
4 1 2 0 380.125582921
4 1 4 1 464.18872931
4 1 4 0 305.851772763
4 1 8 1 560.317416085
4 1 8 0 255.943993885
4 1 16 1 309.973484185
4 1 16 0 457.738575691
4 1 32 1 523.108700795
4 1 32 0 513.055404924
8 1 1 1 443.794380368
8 1 1 0 342.109912247
8 1 2 1 373.725091215
8 1 2 0 478.257478147
8 1 4 1 511.041878106
8 1 4 0 536.810582553
8 1 8 1 323.329693471
8 1 8 0 496.214412751
8 1 16 1 333.585995476
8 1 16 0 514.829052056
8 1 32 1 441.785852047
8 1 32 0 499.841211062
16 1 1 1 364.280827236
16 1 1 0 339.371048075
16 1 2 1 384.677177349
16 1 2 0 493.213467076
16 1 4 1 550.80644657
16 1 4 0 364.562245216
16 1 8 1 575.073921178
16 1 8 0 534.684143932
16 1 16 1 532.132919285
16 1 16 0 547.904479574
16 1 32 1 492.261845835
16 1 32 0 610.967554801
32 1 1 1 450.705300214
32 1 1 0 396.280165136
32 1 2 1 611.930802004
32 1 2 0 584.229058102
32 1 4 1 557.477061427
32 1 4 0 389.749871809
32 1 8 1 640.800728986
32 1 8 0 600.38091532
32 1 16 1 268.642684641
32 1 16 0 350.379603581
32 1 32 1 567.636473299
32 1 32 0 560.726962411
1 2 1 1 230.16705637
1 2 1 0 232.063260585
1 2 2 1 274.700136212
1 2 2 0 293.255419638
1 2 4 1 375.024979663
1 2 4 0 366.377986554
1 2 8 1 403.250603414
1 2 8 0 405.623431658
1 2 16 1 336.285998999
1 2 16 0 409.783935722
1 2 32 1 389.862260185
1 2 32 0 401.023522499
2 2 1 1 319.361084959
2 2 1 0 263.55425513
2 2 2 1 411.324678648
2 2 2 0 388.100821579
2 2 4 1 403.174012409
2 2 4 0 454.650963815
2 2 8 1 446.170844691
2 2 8 0 288.121729678
2 2 16 1 422.203901044
2 2 16 0 408.86600268
2 2 32 1 492.364092169
2 2 32 0 448.826571634
4 2 1 1 405.700170666
4 2 1 0 275.557597799
4 2 2 1 432.574933274
4 2 2 0 310.477952935
4 2 4 1 472.286568867
4 2 4 0 510.72359403
4 2 8 1 466.533284891
4 2 8 0 536.467777268
4 2 16 1 465.724613233
4 2 16 0 535.333708228
4 2 32 1 443.986864266
4 2 32 0 471.849852418
8 2 1 1 479.67715377
8 2 1 0 449.165931676
8 2 2 1 525.053826667
8 2 2 0 316.645070744
8 2 4 1 327.444100459
8 2 4 0 580.346764927
8 2 8 1 462.887783447
8 2 8 0 516.981150079
8 2 16 1 290.558876884
8 2 16 0 500.359544044
8 2 32 1 488.136259647
8 2 32 0 461.948065869
16 2 1 1 534.068756972
16 2 1 0 502.604938459
16 2 2 1 510.772088811
16 2 2 0 451.564323864
16 2 4 1 491.063400048
16 2 4 0 448.74573222
16 2 8 1 448.454501803
16 2 8 0 446.638266722
16 2 16 1 491.050347553
16 2 16 0 361.651262546
16 2 32 1 470.793848709
16 2 32 0 474.239335744
32 2 1 1 518.026659717
32 2 1 0 392.403998354
32 2 2 1 492.931817465
32 2 2 0 565.836999681
32 2 4 1 468.096379602
32 2 4 0 464.20989968
32 2 8 1 512.933359486
32 2 8 0 436.831907388
32 2 16 1 351.3661048
32 2 16 0 458.321995774
32 2 32 1 406.993764469
32 2 32 0 430.886185845
1 4 1 1 208.10524567
1 4 1 0 220.740815224
1 4 2 1 270.408147622
1 4 2 0 264.984555515
1 4 4 1 319.501336625
1 4 4 0 334.281304744
1 4 8 1 328.106333984
1 4 8 0 340.52310794
1 4 16 1 329.146825419
1 4 16 0 342.123564155
1 4 32 1 325.520726421
1 4 32 0 347.601845586
2 4 1 1 290.610706804
2 4 1 0 321.039952715
2 4 2 1 332.315679763
2 4 2 0 331.83106532
2 4 4 1 377.403340726
2 4 4 0 363.953363279
2 4 8 1 379.720161128
2 4 8 0 381.232403416
2 4 16 1 377.292104126
2 4 16 0 355.027272901
2 4 32 1 383.700261613
2 4 32 0 423.753776008
4 4 1 1 363.459655956
4 4 1 0 366.39981677
4 4 2 1 385.981622785
4 4 2 0 386.325395769
4 4 4 1 411.25621202
4 4 4 0 429.903513657
4 4 8 1 346.020495896
4 4 8 0 479.858898327
4 4 16 1 417.417076706
4 4 16 0 276.374666117
4 4 32 1 446.034352048
4 4 32 0 312.941134351
8 4 1 1 392.205693787
8 4 1 0 388.029771719
8 4 2 1 304.611319671
8 4 2 0 420.94006818
8 4 4 1 433.062901116
8 4 4 0 415.228267882
8 4 8 1 390.199637316
8 4 8 0 443.622107637
8 4 16 1 442.574354572
8 4 16 0 459.411308956
8 4 32 1 406.534926784
8 4 32 0 290.161866169
16 4 1 1 437.39833743
16 4 1 0 460.679517938
16 4 2 1 425.409786685
16 4 2 0 419.18481287
16 4 4 1 432.740082822
16 4 4 0 439.037087194
16 4 8 1 483.964874563
16 4 8 0 456.971893637
16 4 16 1 399.776268732
16 4 16 0 409.93254911
16 4 32 1 333.654949126
16 4 32 0 424.55979173
32 4 1 1 400.185756918
32 4 1 0 471.445608819
32 4 2 1 399.161027274
32 4 2 0 401.800877512
32 4 4 1 419.725302157
32 4 4 0 487.805609357
32 4 8 1 408.668347499
32 4 8 0 418.17284316
32 4 16 1 391.299123263
32 4 16 0 400.139305616
32 4 32 1 399.122583081
32 4 32 0 372.905640603
1 8 1 1 205.172915023
1 8 1 0 201.33365957
1 8 2 1 265.406498274
1 8 2 0 245.038907652
1 8 4 1 320.628243087
1 8 4 0 319.453134981
1 8 8 1 243.906232529
1 8 8 0 276.517536912
1 8 16 1 316.148777126
1 8 16 0 348.385314625
1 8 32 1 326.990581263
1 8 32 0 307.021194444
2 8 1 1 301.057415276
2 8 1 0 280.790978384
2 8 2 1 312.37123124
2 8 2 0 350.655732293
2 8 4 1 376.941238107
2 8 4 0 389.118773633
2 8 8 1 364.188723457
2 8 8 0 401.047167844
2 8 16 1 368.084522513
2 8 16 0 397.971787452
2 8 32 1 363.481462745
2 8 32 0 412.978278065
4 8 1 1 387.560546628
4 8 1 0 377.622109922
4 8 2 1 329.433070892
4 8 2 0 418.348791469
4 8 4 1 380.75203921
4 8 4 0 413.990907765
4 8 8 1 348.731439577
4 8 8 0 430.263225478
4 8 16 1 366.408458942
4 8 16 0 385.448732558
4 8 32 1 390.253737093
4 8 32 0 434.086099385
8 8 1 1 339.95208833
8 8 1 0 289.927289677
8 8 2 1 374.984201852
8 8 2 0 396.268063993
8 8 4 1 454.325012053
8 8 4 0 520.668101123
8 8 8 1 416.64758749
8 8 8 0 448.882529187
8 8 16 1 385.967575918
8 8 16 0 490.745033019
8 8 32 1 408.022101785
8 8 32 0 425.933152325
16 8 1 1 428.014007005
16 8 1 0 488.048792892
16 8 2 1 441.86570314
16 8 2 0 450.152538411
16 8 4 1 423.495637629
16 8 4 0 480.614223749
16 8 8 1 404.626039444
16 8 8 0 418.551600653
16 8 16 1 411.549575695
16 8 16 0 436.687349111
16 8 32 1 471.994902585
16 8 32 0 467.144917271
32 8 1 1 452.974674022
32 8 1 0 494.791849892
32 8 2 1 483.938456269
32 8 2 0 417.039720961
32 8 4 1 404.560337019
32 8 4 0 442.576657462
32 8 8 1 398.765978416
32 8 8 0 452.553305406
32 8 16 1 364.470710404
32 8 16 0 361.455331796
32 8 32 1 407.935222246
32 8 32 0 328.756870489
1 16 1 1 204.715622273
1 16 1 0 204.77786541
1 16 2 1 254.897091462
1 16 2 0 240.408599164
1 16 4 1 326.172978421
1 16 4 0 335.600464886
1 16 8 1 295.693808094
1 16 8 0 348.184141824
1 16 16 1 321.302939888
1 16 16 0 332.308879504
1 16 32 1 303.771456214
1 16 32 0 103.82325106
2 16 1 1 273.412607529
2 16 1 0 303.764603196
2 16 2 1 308.62427234
2 16 2 0 328.335132313
2 16 4 1 359.511669872
2 16 4 0 383.777895509
2 16 8 1 349.001757036
2 16 8 0 376.999664937
2 16 16 1 350.389607383
2 16 16 0 250.211615325
2 16 32 1 365.474422015
2 16 32 0 405.838435429
4 16 1 1 266.713687182
4 16 1 0 312.063006098
4 16 2 1 402.565254181
4 16 2 0 282.281167829
4 16 4 1 280.552363201
4 16 4 0 458.281702047
4 16 8 1 376.43884093
4 16 8 0 403.733111732
4 16 16 1 358.530477902
4 16 16 0 474.877418012
4 16 32 1 374.981812099
4 16 32 0 429.91769178
8 16 1 1 285.389779356
8 16 1 0 404.186042481
8 16 2 1 433.52239055
8 16 2 0 443.32780968
8 16 4 1 406.562766898
8 16 4 0 422.946983372
8 16 8 1 386.799696453
8 16 8 0 470.181276752
8 16 16 1 328.051730396
8 16 16 0 407.636270683
8 16 32 1 437.442793999
8 16 32 0 413.535774092
16 16 1 1 404.599245218
16 16 1 0 460.155713285
16 16 2 1 432.408342623
16 16 2 0 409.909428739
16 16 4 1 468.535550734
16 16 4 0 480.815624013
16 16 8 1 406.831513136
16 16 8 0 467.310779711
16 16 16 1 433.095388481
16 16 16 0 469.159519502
16 16 32 1 407.294921628
16 16 32 0 411.59372481
32 16 1 1 400.681080836
32 16 1 0 432.045514655
32 16 2 1 449.682396426
32 16 2 0 536.611838906
32 16 4 1 427.305713207
32 16 4 0 455.920791777
32 16 8 1 398.559732439
32 16 8 0 428.416172493
32 16 16 1 400.977269558
32 16 16 0 389.681363328
32 16 32 1 403.441725154
32 16 32 0 444.047130066
1 32 1 1 196.000727001
1 32 1 0 211.856420928
1 32 2 1 229.393664513
1 32 2 0 250.210886554
1 32 4 1 286.461863457
1 32 4 0 315.704880969
1 32 8 1 273.169119153
1 32 8 0 302.431816149
1 32 16 1 281.615576684
1 32 16 0 309.861442365
1 32 32 1 305.812946533
1 32 32 0 311.290433524
2 32 1 1 247.65210653
2 32 1 0 266.258058929
2 32 2 1 297.743699722
2 32 2 0 312.110329928
2 32 4 1 352.128703507
2 32 4 0 385.321330852
2 32 8 1 330.85569166
2 32 8 0 358.937134034
2 32 16 1 253.038416016
2 32 16 0 293.920591463
2 32 32 1 373.168918841
2 32 32 0 333.10710046
4 32 1 1 214.463684679
4 32 1 0 329.849340314
4 32 2 1 298.600350565
4 32 2 0 391.325432625
4 32 4 1 302.483090702
4 32 4 0 369.205666742
4 32 8 1 385.302320316
4 32 8 0 360.428247964
4 32 16 1 380.855701025
4 32 16 0 268.241418308
4 32 32 1 323.084629987
4 32 32 0 359.325279144
8 32 1 1 337.146726265
8 32 1 0 408.070769718
8 32 2 1 368.401249322
8 32 2 0 381.512556186
8 32 4 1 377.202744671
8 32 4 0 432.275593147
8 32 8 1 357.205107807
8 32 8 0 431.442492038
8 32 16 1 368.653963526
8 32 16 0 430.451869867
8 32 32 1 334.463681374
8 32 32 0 385.201975776
16 32 1 1 366.718236431
16 32 1 0 409.896617812
16 32 2 1 332.7203908
16 32 2 0 390.369396414
16 32 4 1 374.188285061
16 32 4 0 428.798353527
16 32 8 1 383.871049634
16 32 8 0 416.536333947
16 32 16 1 364.397429083
16 32 16 0 423.954370442
16 32 32 1 326.053921668
16 32 32 0 353.582474775
32 32 1 1 341.646245273
32 32 1 0 400.032389316
32 32 2 1 365.524961917
32 32 2 0 415.352639764
32 32 4 1 374.335195498
32 32 4 0 391.763764523
32 32 8 1 334.430869361
32 32 8 0 416.27085461
32 32 16 1 297.810668239
32 32 16 0 369.781592977
32 32 32 1 334.790068384
32 32 32 0 384.678245329
1 1 1 1 169.271074633
1 1 1 0 266.078169126
1 1 2 1 342.876822354
1 1 2 0 371.922143579
1 1 4 1 557.961296247
1 1 4 0 511.869121044
1 1 8 1 447.858599772
1 1 8 0 546.438797957
1 1 16 1 545.553758768
1 1 16 0 532.494277929
1 1 32 1 472.190853195
1 1 32 0 518.356886789
2 1 1 1 455.301283107
2 1 1 0 439.63982576
2 1 2 1 574.84014777
2 1 2 0 611.490305567
2 1 4 1 547.339285017
2 1 4 0 608.540798533
2 1 8 1 484.423016184
2 1 8 0 693.093880441
2 1 16 1 547.963169274
2 1 16 0 653.992717164
2 1 32 1 647.164150859
2 1 32 0 769.98427129
4 1 1 1 572.308336998
4 1 1 0 512.50499867
4 1 2 1 616.979369319
4 1 2 0 598.310554578
4 1 4 1 783.758443771
4 1 4 0 753.027552981
4 1 8 1 868.125087414
4 1 8 0 684.76640191
4 1 16 1 530.621715834
4 1 16 0 572.115055316
4 1 32 1 525.339062872
4 1 32 0 737.38733759
8 1 1 1 386.891312858
8 1 1 0 431.966839592
8 1 2 1 511.128659652
8 1 2 0 756.3787436
8 1 4 1 845.249555702
8 1 4 0 468.266851623
8 1 8 1 904.777314495
8 1 8 0 783.380568932
8 1 16 1 582.040620945
8 1 16 0 932.037521023
8 1 32 1 794.781559851
8 1 32 0 860.994835911
16 1 1 1 588.348767532
16 1 1 0 675.563247705
16 1 2 1 767.601176092
16 1 2 0 604.384089
16 1 4 1 654.947934421
16 1 4 0 484.175950625
16 1 8 1 519.146814793
16 1 8 0 549.905719572
16 1 16 1 530.185173482
16 1 16 0 603.414707901
16 1 32 1 720.281466601
16 1 32 0 768.395126131
32 1 1 1 706.6592396
32 1 1 0 606.92334526
32 1 2 1 625.573846322
32 1 2 0 531.2343799
32 1 4 1 701.368242461
32 1 4 0 638.56455383
32 1 8 1 857.53966246
32 1 8 0 585.128070473
32 1 16 1 549.048513003
32 1 16 0 748.745004366
32 1 32 1 681.923895881
32 1 32 0 556.023017994
1 2 1 1 266.031699746
1 2 1 0 256.172002886
1 2 2 1 375.037504694
1 2 2 0 345.23020742
1 2 4 1 467.501605692
1 2 4 0 525.49489034
1 2 8 1 454.87511274
1 2 8 0 488.204655371
1 2 16 1 477.77151239
1 2 16 0 507.671630236
1 2 32 1 492.534396157
1 2 32 0 520.571166352
2 2 1 1 395.933582025
2 2 1 0 440.325403081
2 2 2 1 494.033008499
2 2 2 0 486.850310509
2 2 4 1 582.463462371
2 2 4 0 686.315153864
2 2 8 1 711.125874808
2 2 8 0 482.309757422
2 2 16 1 540.694472047
2 2 16 0 501.470158997
2 2 32 1 669.273985588
2 2 32 0 587.830705452
4 2 1 1 602.638572722
4 2 1 0 560.78482442
4 2 2 1 583.799629195
4 2 2 0 684.924077949
4 2 4 1 658.764235046
4 2 4 0 710.2765474
4 2 8 1 473.268382967
4 2 8 0 613.385533771
4 2 16 1 474.654795074
4 2 16 0 547.520059738
4 2 32 1 436.358267167
4 2 32 0 593.735586482
8 2 1 1 503.495982079
8 2 1 0 656.122690069
8 2 2 1 565.462598243
8 2 2 0 856.769323392
8 2 4 1 686.69158715
8 2 4 0 837.683411298
8 2 8 1 541.57998624
8 2 8 0 699.523618919
8 2 16 1 754.773876906
8 2 16 0 517.893617914
8 2 32 1 564.352294163
8 2 32 0 805.872525
16 2 1 1 700.458880429
16 2 1 0 669.257143997
16 2 2 1 741.765494084
16 2 2 0 791.136036449
16 2 4 1 622.058378979
16 2 4 0 512.710276006
16 2 8 1 688.25855411
16 2 8 0 798.176990521
16 2 16 1 749.660653121
16 2 16 0 706.078209725
16 2 32 1 720.872415461
16 2 32 0 833.301981576
32 2 1 1 521.417482989
32 2 1 0 873.824932779
32 2 2 1 707.092780763
32 2 2 0 643.825682154
32 2 4 1 599.386438298
32 2 4 0 425.62921347
32 2 8 1 326.112641641
32 2 8 0 384.658363818
32 2 16 1 654.466175353
32 2 16 0 373.606460585
32 2 32 1 702.648920999
32 2 32 0 582.150549169
1 4 1 1 257.779433133
1 4 1 0 248.258447456
1 4 2 1 326.664761161
1 4 2 0 334.101767057
1 4 4 1 441.972821152
1 4 4 0 432.761274983
1 4 8 1 445.609676112
1 4 8 0 443.671643813
1 4 16 1 441.194218651
1 4 16 0 485.478545792
1 4 32 1 426.872312392
1 4 32 0 474.928586498
2 4 1 1 302.576449834
2 4 1 0 390.663108381
2 4 2 1 520.136211493
2 4 2 0 480.276230739
2 4 4 1 641.972080713
2 4 8 1 470.640640004
2 4 8 0 528.123170188
2 4 16 1 516.35488552
2 4 16 0 238.241387701
2 4 32 1 235.429736761
2 4 32 0 190.528111054
4 4 1 1 227.656876659
4 4 1 0 202.563908977
4 4 2 1 232.11675157
4 4 2 0 229.579963267
4 4 4 1 178.20846908
4 4 4 0 207.486312009
4 4 8 1 307.82175693
4 4 8 0 375.057562912
4 4 16 1 556.492043415
4 4 16 0 392.771716698
4 4 32 1 527.0633577
4 4 32 0 591.052532991
8 4 1 1 485.521418617
8 4 1 0 585.831603211
8 4 2 1 571.01129073
8 4 2 0 600.641315014
8 4 4 1 591.446038957
8 4 4 0 619.378137192
8 4 8 1 504.853245267
8 4 8 0 642.06828521
8 4 16 1 493.980651484
8 4 16 0 587.600571974
8 4 32 1 595.132153848
8 4 32 0 382.16199916
16 4 1 1 610.094029714
16 4 1 0 566.2719595
16 4 2 1 549.500972626
16 4 2 0 646.29622304
16 4 4 1 544.464660744
16 4 4 0 689.303462758
16 4 8 1 569.897976794
16 4 8 0 583.735066116
16 4 16 1 655.32167958
16 4 16 0 664.023048949
16 4 32 1 656.016767473
16 4 32 0 662.201928115
32 4 1 1 580.7380807
32 4 1 0 558.17069878
32 4 2 1 647.566403954
32 4 2 0 676.659653885
32 4 4 1 620.461950055
32 4 4 0 691.543143185
32 4 8 1 622.694116515
32 4 8 0 604.166116833
32 4 16 1 602.70985908
32 4 16 0 654.105283548
32 4 32 1 542.916256986
32 4 32 0 617.245069848
1 8 1 1 186.663608068
1 8 1 0 195.046939262
1 8 2 1 235.863533739
1 8 2 0 259.148060211
1 8 4 1 345.756478689
1 8 4 0 349.95067059
1 8 8 1 417.655472575
1 8 8 0 225.416752844
1 8 16 1 218.1406091
1 8 16 0 345.802457353
1 8 32 1 400.585115873
1 8 32 0 415.457103661
2 8 1 1 259.521518033
2 8 1 0 323.768594782
2 8 2 1 397.016787575
2 8 2 0 261.137628016
2 8 4 1 426.053631881
2 8 4 0 335.299441926
2 8 8 1 451.558181754
2 8 8 0 541.081931585
2 8 16 1 507.340190249
2 8 16 0 440.976051172
2 8 32 1 514.695116502
2 8 32 0 532.106770719
4 8 1 1 462.690607912
4 8 1 0 458.088006537
4 8 2 1 485.255400169
4 8 2 0 393.607238028
4 8 4 1 521.067273167
4 8 4 0 586.119972622
4 8 8 1 577.319606585
4 8 8 0 455.441662166
4 8 16 1 501.630086901
4 8 16 0 359.523773213
4 8 32 1 348.478755675
4 8 32 0 515.146468887
8 8 1 1 429.02540324
8 8 1 0 389.941272716
8 8 2 1 581.427705763
8 8 2 0 535.851886474
8 8 4 1 550.470683683
8 8 4 0 458.728342664
8 8 8 1 486.585039165
8 8 8 0 367.403994264
8 8 16 1 382.534483319
8 8 16 0 622.188946589
8 8 32 1 581.783613318
8 8 32 0 648.066263386
16 8 1 1 617.7632749
16 8 1 0 591.406074414
16 8 2 1 652.10140827
16 8 2 0 578.286143654
16 8 4 1 668.588415569
16 8 4 0 670.24809285
16 8 8 1 635.399074763
16 8 8 0 571.112801385
16 8 16 1 646.768191802
16 8 16 0 553.093077341
16 8 32 1 539.938437735
16 8 32 0 582.140233005
32 8 1 1 617.56649026
32 8 1 0 423.300792735
32 8 2 1 622.614708005
32 8 2 0 677.196406857
32 8 4 1 610.024256578
32 8 4 0 627.233794457
32 8 8 1 548.018383344
32 8 8 0 612.215046045
32 8 16 1 553.154922175
32 8 16 0 556.228320759
32 8 32 1 511.103084491
32 8 32 0 619.116130288
1 16 1 1 186.20052897
1 16 1 0 186.977442126
1 16 2 1 187.916358762
1 16 2 0 263.008545285
1 16 4 1 343.664474973
1 16 4 0 341.695457181
1 16 8 1 383.61494726
1 16 8 0 329.237220721
1 16 16 1 429.996735903
1 16 16 0 433.004418602
1 16 32 1 213.002344215
1 16 32 0 438.244603235
2 16 1 1 303.858420151
2 16 1 0 310.148897456
2 16 2 1 351.369431335
2 16 2 0 362.615360558
2 16 4 1 451.207467269
2 16 4 0 457.46969931
2 16 8 1 497.44261446
2 16 8 0 519.330242446
2 16 16 1 484.612766145
2 16 16 0 537.211283824
2 16 32 1 351.248340246
2 16 32 0 545.977397807
4 16 1 1 359.59097644
4 16 1 0 346.689427219
4 16 2 1 437.195551043
4 16 2 0 422.939249598
4 16 4 1 485.834612917
4 16 4 0 352.260322465
4 16 8 1 504.555447696
4 16 8 0 392.300161088
4 16 16 1 503.174612091
4 16 16 0 601.04046371
4 16 32 1 300.160337157
4 16 32 0 308.752963973
8 16 1 1 330.422445802
8 16 1 0 581.702242055
8 16 2 1 575.865903213
8 16 2 0 454.950840262
8 16 4 1 416.044858767
8 16 4 0 525.169538016
8 16 8 1 515.525931234
8 16 8 0 496.074586691
8 16 16 1 547.511946388
8 16 16 0 620.62267236
8 16 32 1 494.759921646
8 16 32 0 560.023972179
16 16 1 1 590.021043532
16 16 1 0 592.450302178
16 16 2 1 605.230815763
16 16 2 0 553.387716608
16 16 4 1 594.839793238
16 16 4 0 592.766576403
16 16 8 1 594.093783933
16 16 8 0 635.951684171
16 16 16 1 595.389600513
16 16 16 0 683.121857579
16 16 32 1 506.239369246
16 16 32 0 567.471976705
32 16 1 1 646.995797463
32 16 1 0 668.867781792
32 16 2 1 670.159700902
32 16 2 0 655.706762227
32 16 4 1 596.440915425
32 16 4 0 496.887669995
32 16 8 1 587.47559901
32 16 8 0 665.810502317
32 16 16 1 640.722224684
32 16 16 0 559.470189842
32 16 32 1 544.417354033
32 16 32 0 454.871018125
1 32 1 1 162.96411296
1 32 1 0 171.826904982
1 32 2 1 149.109245345
1 32 2 0 236.052177495
1 32 4 1 223.414177421
1 32 4 0 285.547682362
1 32 8 1 224.831300603
1 32 8 0 416.638957129
1 32 16 1 358.091481859
1 32 16 0 320.478290724
1 32 32 1 406.488096852
1 32 32 0 405.266163324
2 32 1 1 292.03602111
2 32 1 0 304.613287759
2 32 2 1 349.908435198
2 32 2 0 384.628783875
2 32 4 1 391.337297352
2 32 4 0 476.269761748
2 32 8 1 434.346206603
2 32 8 0 505.630973146
2 32 16 1 474.067015589
2 32 16 0 478.349806936
2 32 32 1 434.957575801
2 32 32 0 521.226869745
4 32 1 1 413.385898389
4 32 1 0 434.80724339
4 32 2 1 456.753418064
4 32 2 0 502.761772213
4 32 4 1 385.345422635
4 32 4 0 466.207747736
4 32 8 1 464.775491073
4 32 8 0 558.227354376
4 32 16 1 482.233663355
4 32 16 0 569.42422719
4 32 32 1 463.31108642
4 32 32 0 603.972016849
8 32 1 1 487.98901805
8 32 1 0 558.699326394
8 32 2 1 442.228329749
8 32 2 0 498.438944186
8 32 4 1 498.459999286
8 32 4 0 547.895613156
8 32 8 1 537.991431425
8 32 8 0 598.383196458
8 32 16 1 430.349915156
8 32 16 0 384.396522091
8 32 32 1 382.160035536
8 32 32 0 638.769796577
16 32 1 1 547.183113264
16 32 1 0 476.663088278
16 32 2 1 530.559989743
16 32 2 0 527.390656776
16 32 4 1 527.804219794
16 32 4 0 613.719869991
16 32 8 1 471.555904797
16 32 8 0 553.690289158
16 32 16 1 527.894127424
16 32 16 0 455.241421132
16 32 32 1 510.265083995
16 32 32 0 576.449154851
32 32 1 1 590.545532839
32 32 1 0 571.521961854
32 32 2 1 520.718922272
32 32 2 0 557.877321992
32 32 4 1 605.350041699
32 32 4 0 637.863143415
32 32 8 1 570.946356507
32 32 8 0 631.268843958
32 32 16 1 523.644238772
32 32 16 0 609.535253132
32 32 32 1 508.800000663
32 32 32 0 570.138401502
