2 32 4 0 1533.1776314
32 8 1 0 4968.12605835
32 16 1 1 4565.58453098
8 32 8 1 2601.37619969
1 16 16 1 2134.19311861
32 32 8 0 3067.46173173
32 8 4 0 4189.55223648
1 32 8 1 1065.09308739
4 32 16 1 1844.9038945
16 32 4 0 3851.38820646
16 32 1 0 4075.70258007
32 16 16 0 2603.51014634
1 16 8 1 2097.57748637
1 32 4 0 2132.97450381
8 32 32 0 1704.50208286
4 16 4 1 2154.52973231
32 16 16 1 2164.51894358
32 32 8 1 3206.70638131
8 8 2 0 3316.85821517
16 16 2 1 4054.28417505
32 16 2 1 4333.56840452
8 8 8 1 2618.18590245
1 32 32 0 785.903033474
8 16 4 0 2571.08126753
2 16 8 0 1684.34990926
4 32 32 0 1313.69188932
32 8 4 1 4110.06255955
2 32 32 1 1830.15673599
16 16 1 0 3899.07967044
1 32 16 1 1803.31238494
16 8 16 1 2459.41767352
2 32 16 0 1594.68037835
32 8 16 1 2019.50554025
32 16 32 1 2362.12416619
2 32 1 1 1875.07671931
32 8 2 0 4928.61990727
8 32 2 0 3319.09478126
32 16 1 0 5182.58541297
16 8 8 1 3312.54565961
32 16 8 0 3107.88856925
16 32 8 1 2513.30337804
32 32 16 0 2583.57398081
1 32 1 0 1585.16801944
8 16 1 1 3492.57305232
1 32 16 0 2169.88537986
1 16 4 1 815.040471178
32 8 8 1 3224.71170683
1 16 1 0 2134.68625516
1 16 2 1 1876.85078883
32 8 32 1 2484.72339555
4 16 8 1 2119.71064451
8 8 32 0 1934.51736599
1 32 32 1 637.523801949
16 32 16 0 2440.94018186
1 32 4 1 1158.68362341
2 16 1 0 1783.26015332
32 32 32 1 2678.08766555
4 16 8 0 2439.2363054
16 32 4 1 3172.45159753
1 16 8 0 852.115032661
8 8 4 1 3222.26418547
32 32 16 1 2496.63316484
2 16 16 0 1879.29512954
4 32 32 1 1539.62242567
16 16 32 0 2021.55926271
8 32 2 1 2935.28662372
8 32 1 0 3215.52528279
2 32 2 0 1807.88721237
8 16 2 0 2788.14775175
16 16 2 0 4215.54384414
32 16 32 0 2416.2281191
32 8 32 0 2758.3205289
2 32 4 1 1674.73711724
8 8 2 1 3669.52944721
32 16 4 1 3913.85129003
4 16 1 1 2359.39703466
16 8 1 0 4254.13228944
4 32 16 0 1917.28339451
16 8 2 1 3430.26906392
32 16 8 1 3275.14253981
4 16 32 1 1773.69290696
8 8 16 1 2025.65832231
8 8 4 0 2530.66332093
2 32 16 1 1635.73995241
16 32 8 0 3158.05157944
32 8 8 0 3189.39701665
2 16 2 1 1657.1976613
1 32 2 0 2090.38616514
16 16 4 0 3968.82673826
16 8 32 0 2084.18834622
8 32 16 0 2544.92554908
8 32 16 1 1853.27398804
16 32 1 1 3816.51401224
16 8 32 1 2105.5413331
2 32 2 1 1606.40752968
16 16 4 1 3736.53874644
2 16 32 0 2254.6815851
4 32 8 0 2093.5552477
16 8 8 0 2888.71673025
16 16 32 1 1708.22562154
8 32 32 1 1661.10373534
16 32 32 1 1621.03636281
1 16 2 0 1971.52218729
32 8 1 1 5041.52072656
16 16 1 1 3904.57816628
4 16 2 0 2407.50139271
32 32 2 0 4541.22934069
1 16 4 0 2115.73569987
1 32 8 0 1574.61135238
2 16 1 1 1838.64701509
4 16 4 0 1966.53124327
8 16 16 0 2398.32821752
2 16 2 0 1906.33223443
8 16 32 0 2448.44536565
1 32 1 1 1866.98638512
8 16 1 0 3350.81782095
32 32 1 0 4358.32965784
32 32 4 1 3535.55288593
16 16 16 0 2461.69157937
8 8 1 0 3188.30048797
8 16 16 1 2474.34613228
2 32 32 0 1758.42229686
2 32 1 0 1473.45305041
2 16 4 0 1718.08126566
8 32 1 1 2951.64328956
16 16 16 1 2390.48979216
8 16 8 0 2532.73538744
16 32 2 0 3649.7787466
16 16 8 0 3214.17507192
1 16 32 1 2192.50804566
16 8 1 1 4249.11541844
2 16 4 1 1589.77638091
4 32 2 1 2302.51270143
32 32 1 1 4403.85000023
8 32 4 0 3190.21816658
4 16 16 1 1881.27713315
4 32 2 0 2588.98944532
2 32 8 0 1829.38191488
4 32 4 1 2520.23390413
8 8 16 0 1652.13806567
8 8 32 1 1833.51466007
4 32 4 0 2540.09598723
32 32 32 0 2604.12679527
32 32 2 1 4054.6029964
1 32 2 1 877.295139128
16 32 32 0 1898.87479515
16 16 8 1 2733.65524462
8 16 4 1 2737.37525636
32 16 4 0 4207.08228566
4 16 16 0 1844.02687965
4 32 1 1 2504.35040925
16 8 2 0 4379.54211657
2 16 16 1 1647.88702434
16 32 2 1 3954.39954977
1 16 16 0 2214.69689
32 32 4 0 3937.6948324
4 16 1 0 2451.89399802
4 16 2 1 2293.32274114
8 16 8 1 3056.09301085
16 32 16 1 2194.52398788
2 32 8 1 1885.15103551
4 32 1 0 2192.11031842
1 16 1 1 580.290263228
1 16 32 0 1035.35272871
4 16 32 0 1637.9881663
