1 1 2 0 598.312932241
1 1 4 1 924.21556306
1 1 4 0 1201.68761451
1 1 8 1 1013.1058443
1 1 8 0 1199.30088586
1 1 16 1 1590.49973812
1 1 16 0 1412.23871062
1 1 32 1 975.914747399
1 1 32 0 1081.26436985
2 1 1 1 946.690577021
2 1 1 0 949.320929889
2 1 2 1 1065.78492801
2 1 2 0 888.878459783
2 1 4 1 940.236897013
2 1 4 0 993.835395009
2 1 8 1 1026.97825918
2 1 8 0 967.087632947
2 1 16 1 943.704319474
2 1 16 0 914.29639332
2 1 32 1 984.688680342
2 1 32 0 1015.21124915
4 1 1 1 1394.81520277
4 1 1 0 1425.85435381
4 1 2 1 1417.84063277
4 1 2 0 1455.48250166
4 1 4 1 1436.20543316
4 1 4 0 1392.97486244
4 1 8 1 1349.39490845
4 1 8 0 1404.96395594
4 1 16 1 1435.40788033
4 1 16 0 1267.22080629
4 1 32 1 1332.03866267
4 1 32 0 1483.27007567
8 1 1 1 1963.15540898
8 1 1 0 1949.97327275
8 1 2 1 1999.43612394
8 1 2 0 2077.73412047
8 1 4 1 1440.75487782
8 1 4 0 1583.10453228
8 1 8 1 2030.4511625
8 1 8 0 2002.19716307
8 1 16 1 1568.66590214
8 1 16 0 1644.98127706
8 1 32 1 1750.25307911
8 1 32 0 1822.5883982
16 1 1 1 1626.00943204
16 1 1 0 2046.50520584
16 1 2 1 1894.54397775
16 1 2 0 2597.35089207
16 1 4 1 2322.23405079
16 1 4 0 2497.58175042
16 1 8 1 2691.09411328
16 1 8 0 1901.62531864
16 1 16 1 2356.35875272
16 1 16 0 2126.70157679
16 1 32 1 2314.54396696
16 1 32 0 1971.926986
32 1 1 1 2484.06856984
32 1 1 0 2643.09392213
32 1 2 1 3278.75961684
32 1 2 0 2151.29954045
32 1 4 1 2065.42039202
32 1 4 0 2878.27166427
32 1 8 1 2343.51789737
32 1 8 0 3128.43516969
32 1 16 1 3144.93108193
32 1 16 0 2651.28255668
32 1 32 1 2648.23349951
32 1 32 0 2330.54530079
1 2 1 1 943.983502302
1 2 1 0 957.57327271
1 2 2 1 1101.96690485
1 2 2 0 601.390377969
1 2 4 1 1411.55023439
1 2 4 0 1034.46946653
1 2 8 1 1112.36663924
1 2 8 0 882.680423275
1 2 16 1 779.212621349
1 2 16 0 1330.91190706
1 2 32 1 1100.83744435
1 2 32 0 1272.02740579
2 2 1 1 781.928345097
2 2 1 0 827.508744267
2 2 2 1 1107.7960182
2 2 2 0 910.030457023
2 2 4 1 846.960302844
2 2 4 0 1046.5046923
2 2 8 1 838.890987209
2 2 8 0 1124.25555067
2 2 16 1 736.389863658
2 2 16 0 878.79176099
2 2 32 1 1001.36296729
2 2 32 0 835.125755951
4 2 1 1 1155.3428215
4 2 1 0 1403.97213989
4 2 2 1 1103.89913914
4 2 2 0 1356.7698748
4 2 4 1 1226.04916777
4 2 4 0 1062.80937505
4 2 8 1 1076.94637174
4 2 8 0 1269.32799868
4 2 16 1 1143.10591492
4 2 16 0 1366.2634467
4 2 32 1 1213.20187993
4 2 32 0 1284.05230931
8 2 1 1 1638.16075718
8 2 1 0 1631.11801833
8 2 2 1 1606.74792744
8 2 2 0 1584.50321078
8 2 4 1 1630.21200266
8 2 4 0 1607.66929699
8 2 8 1 1523.98595206
8 2 8 0 1721.46148638
8 2 16 1 1494.99097709
8 2 16 0 1446.10464015
8 2 32 1 1669.84979314
8 2 32 0 1711.47648612
16 2 1 1 2080.6657911
16 2 1 0 2261.18108905
16 2 2 1 2170.71547392
16 2 2 0 2146.66080585
16 2 4 1 2056.94448601
16 2 4 0 2218.1748161
16 2 8 1 2219.7619842
16 2 8 0 2182.68528694
16 2 16 1 1943.89009513
16 2 16 0 2042.31082656
16 2 32 1 2087.38074921
16 2 32 0 2147.95091187
32 2 1 1 2808.78550988
32 2 1 0 2347.23708716
32 2 2 1 2689.53713921
32 2 2 0 2527.70211233
32 2 4 1 2638.83387535
32 2 4 0 2900.59339153
32 2 8 1 2718.38854985
32 2 8 0 2619.59344952
32 2 16 1 2156.71882943
32 2 16 0 2476.11759516
32 2 32 1 2357.37847844
32 2 32 0 1957.07571665
1 4 1 1 937.571761184
1 4 1 0 931.34891019
1 4 2 1 1150.6661889
1 4 2 0 987.335178229
1 4 4 1 657.892443272
1 4 4 0 1314.68860713
1 4 8 1 1235.44371121
1 4 8 0 1019.03187435
1 4 16 1 647.918568091
1 4 16 0 1313.17570788
1 4 32 1 575.666723222
1 4 32 0 1307.68021346
2 4 1 1 722.364590692
2 4 1 0 812.29992192
2 4 2 1 704.970086369
2 4 2 0 749.264126252
2 4 4 1 823.502810096
2 4 4 0 774.145123294
2 4 8 1 705.171880231
2 4 8 0 747.782393898
2 4 16 1 675.64971047
2 4 16 0 853.884761529
2 4 32 1 704.060686205
2 4 32 0 738.043835415
4 4 1 1 1022.81301989
4 4 1 0 1076.64919638
4 4 2 1 1158.14324234
4 4 2 0 1147.38981951
4 4 4 1 1145.05989627
4 4 4 0 1199.16534505
4 4 8 1 1066.66685357
4 4 8 0 1038.68944407
4 4 16 1 1092.63579769
4 4 16 0 1182.37463936
4 4 32 1 1036.7306598
4 4 32 0 1123.2998449
8 4 1 1 1711.75610182
8 4 1 0 1556.99158782
8 4 2 1 1503.26650441
8 4 2 0 1554.06872032
8 4 4 1 1546.7389492
8 4 4 0 1712.04608154
8 4 8 1 1349.5846149
8 4 8 0 1783.11327865
8 4 16 1 1454.77963483
8 4 16 0 1410.23563914
8 4 32 1 1556.53432771
8 4 32 0 1622.6010371
16 4 1 1 1879.11005285
16 4 1 0 1963.98550581
16 4 2 1 2241.37066264
16 4 2 0 1908.42067381
16 4 4 1 2172.06452715
16 4 4 0 2145.41537498
16 4 8 1 2216.34585164
16 4 8 0 2157.91336137
16 4 16 1 2076.2121178
16 4 16 0 1904.55875362
16 4 32 1 2042.06674495
16 4 32 0 1763.07356231
32 4 1 1 2633.61678339
32 4 1 0 2726.18908506
32 4 2 1 2516.2665486
32 4 2 0 2396.6388786
32 4 4 1 2651.16818146
32 4 4 0 2774.00686686
32 4 8 1 2708.4758874
32 4 8 0 2386.43540389
32 4 16 1 2332.23377101
32 4 16 0 2539.16062039
32 4 32 1 1837.54217947
32 4 32 0 2219.1764038
1 8 1 1 870.917672619
1 8 1 0 683.991618038
1 8 2 1 682.090411693
1 8 2 0 657.991065702
1 8 4 1 912.646163347
1 8 4 0 1198.03906187
1 8 8 1 700.518133321
1 8 8 0 976.89613078
1 8 16 1 1055.55223767
1 8 16 0 1211.382774
1 8 32 1 460.002030862
1 8 32 0 1043.9402636
2 8 1 1 739.358923505
2 8 1 0 812.469731256
2 8 2 1 604.252813896
2 8 2 0 674.773252712
2 8 4 1 722.830613152
2 8 4 0 815.788903094
2 8 8 1 697.253515484
2 8 8 0 782.241115291
2 8 16 1 786.200407186
2 8 16 0 688.995367329
2 8 32 1 716.503834884
2 8 32 0 725.760922065
4 8 1 1 1133.42837785
4 8 1 0 1104.31252562
4 8 2 1 1221.45859868
4 8 2 0 1013.93819964
4 8 4 1 1025.81645572
4 8 4 0 1108.51239865
4 8 8 1 1045.83824339
4 8 8 0 1074.98757909
4 8 16 1 1004.87702119
4 8 16 0 1033.21211203
4 8 32 1 1169.08728058
4 8 32 0 1116.30247583
8 8 1 1 1399.97987872
8 8 1 0 1470.57238505
8 8 2 1 1443.14855256
8 8 2 0 1438.1326384
8 8 4 1 1447.69066777
8 8 4 0 1446.82190493
8 8 8 1 1496.80805103
8 8 8 0 1529.30565885
8 8 16 1 1390.72704911
8 8 16 0 1529.46107842
8 8 32 1 1444.92600949
8 8 32 0 1352.88226507
16 8 1 1 1966.26554153
16 8 1 0 1726.11613492
16 8 2 1 2126.42133045
16 8 2 0 1867.9950324
16 8 4 1 1987.10268959
16 8 4 0 2056.04177864
16 8 8 1 2225.60704796
16 8 8 0 2117.93710754
16 8 16 1 2054.56106589
16 8 16 0 1895.22779521
16 8 32 1 1915.10491109
16 8 32 0 1855.16290083
32 8 1 1 2361.28036821
32 8 1 0 2786.67124891
32 8 2 1 2675.00023341
32 8 2 0 2599.85881492
32 8 4 1 2608.04167824
32 8 4 0 2661.03626418
32 8 8 1 2507.85483352
32 8 8 0 2473.08872009
32 8 16 1 2319.42355131
32 8 16 0 2653.85076083
32 8 32 1 1818.51097261
32 8 32 0 2494.14939511
1 16 1 1 714.383800832
1 16 1 0 853.73825336
1 16 2 1 1360.64754761
1 16 2 0 767.821939056
1 16 4 1 1214.57435121
1 16 4 0 789.659515467
1 16 8 1 1023.98228797
1 16 8 0 956.86999125
1 16 16 1 1129.31364462
1 16 16 0 783.216590725
1 16 32 1 611.58079128
1 16 32 0 1506.29812774
2 16 1 1 736.254813609
2 16 1 0 711.536705412
2 16 2 1 743.727442764
2 16 2 0 727.715868882
2 16 4 1 755.521231737
2 16 4 0 687.362514635
2 16 8 1 715.001335953
2 16 8 0 832.958300415
2 16 16 1 780.456077014
2 16 16 0 746.915826983
2 16 32 1 648.185091272
2 16 32 0 627.378743924
4 16 1 1 991.077540271
4 16 1 0 1174.42478556
4 16 2 1 997.872378252
4 16 2 0 1009.70568065
4 16 4 1 1035.48842273
4 16 4 0 1025.94934811
4 16 8 1 1093.64813209
4 16 8 0 1159.6814827
4 16 16 1 1125.63603941
4 16 16 0 997.565516626
4 16 32 1 1075.61551726
4 16 32 0 1228.53708173
8 16 1 1 1437.72324878
8 16 1 0 1347.24232341
8 16 2 1 1514.52732095
8 16 2 0 1487.37070107
8 16 4 1 1631.75724863
8 16 4 0 1583.62531109
8 16 8 1 1623.76819389
8 16 8 0 1455.6622271
8 16 16 1 1660.89952784
8 16 16 0 1542.30050301
8 16 32 1 1622.08561502
8 16 32 0 1502.25442267
16 16 1 1 1866.08340314
16 16 1 0 2090.93294417
16 16 2 1 1957.15575921
16 16 2 0 2004.25495238
16 16 4 1 1833.83371273
16 16 4 0 1891.57879855
16 16 8 1 1982.13651018
16 16 8 0 2005.28985611
16 16 16 1 1807.56978844
16 16 16 0 1762.29969336
16 16 32 1 1958.80143755
16 16 32 0 2026.01218672
32 16 1 1 2385.6443072
32 16 1 0 2364.86810912
32 16 2 1 2448.04709975
32 16 2 0 2267.43916634
32 16 4 1 2550.50378229
32 16 4 0 2516.18760129
32 16 8 1 2341.13390946
32 16 8 0 2139.73202744
32 16 16 1 1828.29997031
32 16 16 0 1531.66893911
32 16 32 1 1054.19041397
32 16 32 0 1531.66552722
1 32 1 1 942.213262579
1 32 1 0 532.504453374
1 32 2 1 1173.69998996
1 32 2 0 1245.23968504
1 32 4 1 547.351719355
1 32 4 0 1296.17789126
1 32 8 1 980.660669457
1 32 8 0 1304.66899175
1 32 16 1 832.906474071
1 32 16 0 1061.23259898
1 32 32 1 1086.40915846
1 32 32 0 1243.99099515
2 32 1 1 710.676400386
2 32 1 0 656.732427073
2 32 2 1 757.496637107
2 32 2 0 678.130955132
2 32 4 1 684.582742204
2 32 4 0 720.604053101
2 32 8 1 706.237543254
2 32 8 0 667.476092346
2 32 16 1 730.33618944
2 32 16 0 681.581919908
2 32 32 1 704.819211295
2 32 32 0 828.701540581
4 32 1 1 1008.96192194
4 32 1 0 1103.00184022
4 32 2 1 1068.53571952
4 32 2 0 1208.34467466
4 32 4 1 865.456750611
4 32 4 0 1170.78948551
4 32 8 1 1103.03076725
4 32 8 0 1136.72741868
4 32 16 1 1176.46126561
4 32 16 0 1061.26077964
4 32 32 1 1141.4234729
4 32 32 0 1145.14584497
8 32 1 1 242.632716451
8 32 1 0 1470.73520225
8 32 2 1 1333.16883203
8 32 2 0 1498.21523167
8 32 4 1 1483.95104105
8 32 4 0 1485.28223899
8 32 8 1 1524.35503317
8 32 8 0 1557.04406966
8 32 16 1 1409.14158406
8 32 16 0 1592.068293
8 32 32 1 1387.89525213
8 32 32 0 1528.70641544
16 32 1 1 1919.74619756
16 32 1 0 1855.7045132
16 32 2 1 2108.21875342
16 32 2 0 2009.90741027
16 32 4 1 1901.89973943
16 32 4 0 1799.90998037
16 32 8 1 2112.79275247
16 32 8 0 1958.34728579
16 32 16 1 1847.18957866
16 32 16 0 1952.43097284
16 32 32 1 1805.59417889
16 32 32 0 1877.77671286
32 32 1 1 2502.73827015
32 32 1 0 2530.91019118
32 32 2 1 2125.59417618
32 32 2 0 2401.11376546
32 32 4 1 2502.26720117
32 32 4 0 2448.81321922
32 32 8 1 2310.88098065
32 32 8 0 2480.06832437
32 32 16 1 2279.55070527
32 32 16 0 2121.27665549
32 32 32 1 1953.86904354
32 32 32 0 2350.29120806
1 1 1 0 334.857083512
1 1 2 1 410.35221685
