2 2 1 0 517.456704811
32 1 4 0 1156.24753189
16 2 1 0 980.726988862
8 1 32 0 1327.73090394
8 1 1 1 803.934057939
32 1 8 0 973.826748285
2 2 32 0 915.366292056
4 2 4 1 1029.18615471
8 1 4 1 1064.3470747
4 1 16 0 1110.90715289
32 1 16 1 979.236954039
16 2 1 1 991.307530203
32 1 8 1 923.34370823
1 1 1 0 285.946448365
32 1 32 1 1147.01785195
1 2 4 1 660.746151164
32 1 1 0 1099.06171336
16 1 1 0 1203.65991899
16 2 4 1 1023.49322012
8 2 2 1 1037.93706401
8 2 8 1 1132.20865376
1 1 32 0 739.164234919
1 1 32 1 695.046968514
16 1 8 1 1263.57929633
16 2 2 1 926.589924015
4 1 1 1 639.791448208
16 1 16 0 1109.63865
1 2 2 1 426.079076267
1 2 8 0 729.854294661
16 2 4 0 1241.07181527
16 1 4 0 1003.22491699
2 2 16 1 963.540937928
8 1 8 0 1307.36676276
1 1 16 1 726.856032941
2 1 16 1 974.464279664
32 1 32 0 1228.58595567
1 2 1 0 285.118112215
4 1 2 1 729.260855533
1 1 1 1 167.847807636
8 1 16 0 1126.15193421
4 1 8 1 853.872020608
4 1 32 0 1027.81467038
8 2 4 0 871.47352776
4 1 32 1 923.397218025
1 2 8 1 669.198353099
4 2 8 1 830.479357966
8 1 2 1 1061.30187237
8 2 32 0 856.182057013
1 1 2 1 391.34066142
8 1 1 0 799.378848692
8 1 2 0 1037.22150039
8 2 1 0 915.342821168
1 1 4 0 652.323255562
2 1 32 0 685.74065806
16 2 2 0 1175.70468037
4 2 16 1 790.612851525
1 1 16 0 770.86810385
2 1 1 1 464.543061934
4 2 4 0 1005.73357861
32 1 2 1 872.402628315
8 2 8 0 1188.19188848
2 2 4 0 941.231624401
2 2 2 0 733.812959414
2 1 4 0 865.087355069
4 1 4 1 1106.66505702
16 1 32 1 1127.27714899
2 1 32 1 964.17495862
2 2 8 1 981.997048144
16 1 8 0 1141.05303198
2 1 1 0 515.748821128
1 1 2 0 424.446465409
2 2 1 1 520.975066125
2 1 4 1 917.919702003
2 2 8 0 820.471029695
8 2 32 1 621.195267254
4 1 2 0 814.395328091
8 1 8 1 936.109815142
1 1 4 1 643.560539621
32 1 2 0 1195.17835811
4 1 1 0 804.961328402
2 1 2 1 433.085702355
16 1 1 1 910.75813372
4 1 4 0 974.365558155
32 1 4 1 1298.93367464
4 2 1 1 860.087265647
8 2 2 0 1118.68178292
2 1 2 0 499.441406487
1 1 8 0 670.607911234
1 2 1 1 291.300178625
8 2 16 1 1053.60318387
2 2 4 1 939.21729167
16 1 32 0 1047.67018204
4 1 8 0 1065.60493425
2 1 8 1 772.760202952
2 1 16 0 993.20690317
1 1 8 1 727.190262097
1 2 16 0 679.215639995
16 1 4 1 1326.41695637
4 2 32 0 1026.6014299
4 2 32 1 716.851179205
1 2 16 1 752.897393231
8 1 16 1 1078.03981655
4 2 2 0 754.764021923
8 2 16 0 1002.19891782
8 1 32 1 1003.47833167
4 1 16 1 1033.6850501
1 2 32 1 699.152678319
2 2 32 1 836.230163415
4 2 2 1 898.950563615
1 2 2 0 394.118522735
1 2 4 0 598.997773643
8 2 1 1 1071.33693858
2 1 8 0 998.980706604
32 1 16 0 1091.47862714
16 1 2 0 1260.98503158
8 1 4 0 1148.95712632
16 1 2 1 963.093658319
1 2 32 0 725.305790419
2 2 16 0 731.991472333
4 2 16 0 960.547255755
8 2 4 1 1112.21107203
2 2 2 1 595.496923699
4 2 1 0 703.144336874
4 2 8 0 814.955869242
32 1 1 1 978.87283363
16 1 16 1 1136.81704486
32 8 8 0 1036.65607481
32 2 32 1 902.867656073
1 4 1 1 232.516768504
8 8 4 0 1022.97758582
8 4 32 0 936.676548715
32 8 4 0 1001.16016965
4 8 4 1 909.400300448
8 4 4 0 1179.03743954
16 4 4 1 915.981583481
32 8 16 1 908.545938476
1 8 32 0 672.716930288
8 8 2 0 958.420693838
16 4 32 0 899.072796955
2 16 1 1 482.750441106
4 8 4 0 790.976251499
32 4 1 0 953.095039056
8 4 8 1 952.040621953
16 8 4 1 743.509031035
8 4 16 0 1042.55211939
16 4 2 0 806.191565835
1 16 8 0 635.339254414
8 4 4 1 1063.72556339
2 8 1 1 459.559455635
16 4 16 0 1177.28703862
16 8 2 1 969.342923541
2 16 2 0 510.006371362
8 4 8 0 907.597066254
1 4 2 0 406.110193763
8 8 2 1 685.521502872
32 2 8 0 1161.64855922
1 8 2 0 388.232177692
32 2 4 0 1021.57142558
32 8 1 0 1041.93634998
2 8 16 0 854.934944772
8 8 8 0 1043.11225869
1 8 1 0 278.552442265
2 4 1 1 506.974232711
16 8 4 0 230.861848067
8 8 32 0 1054.79640487
16 8 16 0 297.065159643
2 4 4 1 884.054930043
1 16 1 0 280.595067833
4 8 16 0 880.74703977
2 16 1 0 395.342663906
32 2 16 0 1126.89843432
4 4 4 0 972.697227283
2 16 32 0 868.954619278
4 4 32 0 999.126928565
16 2 16 0 1123.50100481
1 8 4 1 538.082341592
16 4 2 1 838.307488766
4 4 8 1 1010.11070532
1 16 2 1 310.275656674
16 8 8 0 454.03954057
1 4 4 1 557.043468393
32 2 1 0 1151.19747391
8 8 1 0 822.785804251
4 8 1 0 677.803627533
32 4 4 1 883.257828439
32 4 8 0 1097.78846196
1 16 1 1 266.96835688
2 16 4 1 800.244303703
4 8 2 0 831.454623527
2 8 16 1 852.112991611
32 2 8 1 1054.98655482
32 4 32 0 1107.08160629
1 16 2 0 405.204425005
4 4 16 0 755.85263899
1 8 8 1 647.370568335
32 2 2 1 1136.06461965
16 2 32 0 1079.26851192
4 4 2 0 672.123457254
1 4 16 0 679.802524735
8 4 32 1 1001.3029968
16 4 4 0 926.860879536
2 4 8 0 921.843186771
4 4 32 1 948.916169714
1 8 32 1 629.320162503
2 16 2 1 618.729571298
4 8 2 1 979.016826915
4 8 8 0 727.198787628
32 4 16 1 904.660517502
16 8 1 1 1065.71011573
16 4 32 1 999.631806462
32 4 16 0 878.216260668
32 8 8 1 814.823145469
2 4 1 0 469.347568661
32 2 4 1 888.734719571
4 4 2 1 901.072063146
16 8 16 1 301.424391503
16 4 1 1 1075.96237256
4 4 1 0 769.473144433
2 4 32 0 850.932803564
2 8 2 1 673.17563677
4 4 1 1 696.713209307
8 4 2 1 939.716052957
16 2 8 1 1074.09476237
32 8 2 1 691.348332186
1 4 32 0 607.942212413
2 8 2 0 646.049967161
2 8 8 0 811.648553785
1 16 16 0 689.44354101
2 8 1 0 482.7172327
1 8 2 1 380.346846145
2 4 32 1 887.321731345
16 2 8 0 1124.69751865
32 4 8 1 993.369406753
1 8 8 0 595.599818398
4 8 32 1 845.123555866
2 4 2 1 663.832291339
4 8 8 1 821.904510829
8 4 1 1 818.37815674
1 8 4 0 593.317345443
1 8 1 1 287.890592181
1 4 8 1 662.424549166
32 8 1 1 307.70989342
32 4 1 1 769.031649636
32 8 4 1 1164.70318974
2 16 16 1 841.772181749
32 2 1 1 1135.57974709
16 8 8 1 453.611514522
16 4 8 0 1131.51530838
2 4 16 0 885.276533012
32 4 2 0 1136.53589457
2 8 4 1 605.659199123
8 8 16 1 757.030022684
2 8 4 0 872.603376217
32 8 32 0 860.998993815
8 8 8 1 772.396063245
8 4 16 1 960.526854583
2 16 4 0 675.486280695
8 4 1 0 945.329223036
1 4 2 1 403.540934714
1 4 1 0 274.561161961
32 2 32 0 873.935767724
4 8 32 0 996.676534528
1 16 4 1 473.316186194
16 8 32 0 247.246487466
16 2 32 1 947.147837578
8 4 2 0 843.279201456
1 4 8 0 661.377304836
8 8 4 1 949.705195903
1 16 32 0 657.747126013
32 2 2 0 1356.90235964
32 4 2 1 956.283823618
16 2 16 1 1022.15407417
4 8 16 1 998.957896744
2 4 4 0 808.398080776
16 4 16 1 1007.57688972
2 16 8 0 823.987154686
2 4 8 1 704.470790346
4 4 4 1 862.944241144
1 8 16 1 641.085226386
16 4 8 1 1063.84281929
16 4 1 0 1101.95534064
1 16 16 1 557.950799079
16 8 1 0 1048.14180164
32 8 2 0 1034.9663318
1 4 4 0 584.230990524
2 8 32 0 849.865014307
2 16 8 1 850.961848697
4 8 1 1 720.560376354
32 2 16 1 1152.1306253
1 16 4 0 585.971088346
32 8 16 0 970.793316571
8 8 1 1 828.644111634
32 4 4 0 1024.7896529
2 4 2 0 695.141896368
4 4 16 1 853.188458136
1 8 16 0 557.392002551
16 8 2 0 827.934077788
2 16 32 1 831.209454891
4 4 8 0 926.097941178
2 8 8 1 824.345012181
32 4 32 1 1123.40366365
1 4 16 1 566.592193038
2 16 16 0 854.379114085
32 8 32 1 930.939973268
2 8 32 1 834.358839357
1 16 8 1 671.742083293
8 8 16 0 932.605091078
8 8 32 1 876.856772346
2 4 16 1 667.930926729
1 4 32 1 658.39510174
1 16 32 1 584.650537203
4 16 1 1 733.906733989
1 32 2 1 373.566916573
2 32 4 1 785.451676442
32 32 2 1 948.084816145
4 16 4 1 597.027154682
32 16 2 0 982.530612742
1 32 16 0 632.965915806
8 32 32 0 917.698919973
16 32 2 0 1035.28924879
16 32 1 1 912.397618983
1 32 1 0 277.948791733
8 16 8 0 1163.32111334
16 16 2 0 1111.56526572
8 16 16 1 863.60634666
16 32 1 0 987.866186809
32 32 4 0 797.052679634
4 32 1 0 540.605146526
4 16 1 0 761.475337061
32 32 1 0 842.224835799
4 16 16 0 789.132984072
16 16 8 0 834.891431541
16 32 8 0 843.490980877
16 16 1 1 920.294377443
1 32 4 0 592.050608272
1 32 8 0 627.951084063
8 32 32 1 1003.23649442
4 32 1 1 705.897473648
4 32 2 0 711.533142554
16 16 2 1 1004.34893206
16 32 8 1 899.166776649
8 32 4 0 895.14390892
16 16 32 0 541.535583431
8 16 4 1 990.40860505
2 32 8 0 805.323333492
4 32 16 0 990.478882671
16 32 32 1 928.679660136
2 32 8 1 844.091391852
32 16 1 1 982.810867744
8 32 2 1 829.991279045
32 32 1 1 893.363606619
8 16 16 0 1024.86786822
16 32 16 1 828.357121943
1 32 8 1 622.552546374
8 16 1 0 1007.06537692
2 32 4 0 629.820776847
2 32 32 0 772.766769582
8 16 1 1 742.742864178
32 32 32 1 958.915320077
16 16 16 1 1001.7045411
8 16 8 1 1065.42416402
8 16 32 0 1031.25924252
32 32 4 1 938.373474304
8 32 1 1 735.933679464
4 16 4 0 818.467501382
2 32 1 0 485.221322952
4 32 32 1 974.805304245
32 16 32 0 1052.33516666
2 32 2 1 592.439216167
1 32 1 1 280.618560927
1 32 16 1 641.026418331
32 16 4 1 1131.5630033
16 32 4 0 946.028326725
32 16 16 0 1010.72436921
1 32 2 0 400.08193171
8 32 8 1 949.066434734
32 16 1 0 853.215119254
8 16 2 0 993.55952727
4 16 2 0 855.138999613
16 16 4 1 1004.50454789
4 16 2 1 748.235019598
4 16 32 1 730.843827131
4 32 4 0 1056.60373857
32 16 8 1 994.438338105
8 16 4 0 797.735536392
32 16 32 1 1055.11914323
32 32 8 0 975.344942669
16 16 1 0 806.265502772
32 16 2 1 946.958360536
4 16 8 1 893.636822199
8 32 8 0 896.796295517
16 32 16 0 1072.99098754
4 32 8 1 647.649781164
2 32 16 1 825.280299737
32 16 16 1 981.653300067
4 32 32 0 906.865622071
2 32 32 1 846.988309469
4 32 8 0 991.18015842
1 32 32 1 576.128294723
8 32 2 0 824.021775088
8 16 2 1 1122.72466324
32 16 8 0 794.107537447
1 32 4 1 505.609289998
32 32 16 1 797.336666463
8 32 1 0 940.470526386
32 32 2 0 870.947188979
4 16 8 0 935.962188795
16 32 2 1 804.245926646
1 32 32 0 657.786657135
2 32 2 0 638.508810354
16 16 16 0 995.670969225
32 32 8 1 942.607526927
32 32 16 0 928.756744686
4 32 2 1 801.434715376
16 32 32 0 1115.46488939
2 32 1 1 435.286346498
32 16 4 0 1044.702778
4 32 16 1 500.816181271
8 16 32 1 1048.00369475
16 32 4 1 828.990379752
4 16 32 0 898.240726325
32 32 32 0 875.605750455
4 16 16 1 883.021522534
16 16 32 1 871.278683398
8 32 16 0 832.488333588
8 32 4 1 841.597926185
8 32 16 1 709.895851611
16 16 4 0 1133.16938562
2 32 16 0 760.729277323
4 32 4 1 762.28770646
