1 1 1 0 787.692726331
2 1 2 0 1444.05192355
8 1 8 1 1671.05974169
4 1 32 1 1620.8275011
2 1 8 1 2486.1193272
8 1 16 0 1496.73019981
2 1 1 1 1179.28225292
2 1 8 0 1434.28980564
2 1 32 0 1957.04184389
4 1 16 1 1660.19477187
1 1 16 0 986.152177265
2 1 4 0 1327.97665304
8 1 1 1 1640.95159362
4 1 4 0 2118.84386484
4 1 8 1 2884.32317819
2 1 1 0 1755.05831571
2 1 2 1 1745.00273402
1 1 1 1 486.80798783
1 1 32 0 1291.19950005
1 1 4 0 419.72255507
8 1 2 1 2421.01657477
8 1 8 0 2117.45943387
4 1 8 0 1558.77557098
8 1 2 0 2391.53993636
4 1 32 0 1618.99003093
4 1 16 0 2855.07656892
4 1 4 1 1870.77632943
1 1 8 0 291.871219735
16 1 4 1 1753.58557395
16 1 4 0 1869.74847631
8 1 4 0 2196.98770706
8 1 32 0 1602.99923803
1 1 32 1 1058.14822449
16 1 1 1 2347.65988407
4 1 1 1 1871.93047562
1 1 2 1 653.951766706
1 1 16 1 998.608036555
16 1 2 0 2335.53225584
16 1 2 1 1774.23553541
1 1 8 1 431.221615915
1 1 2 0 828.506852957
8 1 32 1 3110.58684955
2 1 16 0 1537.5763687
8 1 1 0 2136.12874168
2 1 4 1 1705.98921852
8 1 4 1 1754.13502224
2 1 16 1 2145.52688004
4 1 2 1 2086.44998414
16 1 1 0 2140.76971955
4 1 1 0 2180.01268455
8 1 16 1 1663.40751906
4 1 2 0 2060.85908148
2 1 32 1 1464.53190871
1 1 4 1 763.348389269
32 1 16 1 1828.5656896
32 1 8 1 2061.77517795
1 2 16 0 1620.32180815
2 2 32 0 221.068976473
2 2 8 1 1702.42527135
2 2 16 0 1092.09404369
16 1 8 0 1970.13895387
16 1 16 1 1583.74000212
1 2 2 1 740.231663951
32 1 2 1 2807.39585051
1 2 8 0 897.857599533
4 2 16 0 1311.16784472
4 2 1 0 1403.59913932
2 2 1 0 2695.80304731
1 2 2 0 780.029026086
1 2 32 0 1765.90266794
2 2 32 1 1194.21873972
32 1 32 1 1446.00983134
4 2 4 0 1439.19992044
1 2 4 1 1469.31483097
4 2 4 1 1246.90200044
4 2 2 0 1403.17244806
32 1 4 0 1843.15955273
16 1 16 0 1829.6521034
32 1 1 1 2280.81848361
4 2 16 1 1429.54063762
4 2 8 0 2058.00587449
32 1 16 0 1790.73982063
1 2 16 1 1531.10417877
2 2 4 1 1509.63813485
16 1 8 1 2234.32530144
4 2 8 1 1561.88719963
32 1 8 0 1768.44713548
4 2 1 1 1685.22427461
16 1 32 0 1532.3776572
1 2 4 0 1205.57366239
32 1 32 0 1494.858518
32 1 2 0 2355.332375
1 2 1 0 836.051426112
16 1 32 1 1935.52696196
2 2 16 1 859.215409615
32 1 4 1 2584.23549484
2 2 2 0 1006.66401929
4 2 2 1 1515.57725583
1 2 32 1 1656.35842565
2 2 2 1 2842.75261385
1 2 1 1 1302.6751753
2 2 8 0 907.570406385
2 2 1 1 1438.82305067
2 2 4 0 1357.47407618
32 1 1 0 2729.69465951
1 2 8 1 703.664417786
16 8 1 0 2576.3933572
32 8 1 1 2132.89539043
8 4 2 1 2268.04417802
16 8 32 0 1402.77150233
32 4 32 1 1673.57364698
2 8 16 1 1010.80338322
32 2 8 0 2338.9751666
4 4 16 1 1550.31990158
4 8 32 1 281.856324537
2 8 8 1 1253.40361264
1 8 2 0 510.208660781
16 4 32 0 1798.58987228
4 4 1 0 1429.33124559
16 2 4 0 2368.23965831
16 2 1 0 2117.53351672
16 2 8 0 2171.02795977
4 4 8 1 1548.88833448
32 4 16 1 2085.49376525
4 4 8 0 1910.86749417
4 8 8 1 1468.68810835
4 2 32 0 1204.05310111
16 8 16 0 2364.47686701
16 8 8 0 1292.2337312
16 8 4 0 2887.49944006
4 4 4 1 1417.96968
8 2 8 0 1720.16742957
32 2 4 1 2700.19805308
1 4 16 0 473.672680174
1 4 16 1 853.940477127
4 8 4 0 1284.33789516
32 4 4 0 3384.0468695
8 4 4 1 2101.48695026
16 4 4 1 2456.7082338
2 4 32 0 788.450865596
8 8 32 1 1238.11777566
32 2 1 0 2222.21780553
4 2 32 1 1382.62821878
1 4 8 1 528.978445845
8 2 8 1 1528.83559682
8 8 8 1 2100.65482057
16 2 2 0 2574.75568532
2 4 8 0 861.445716285
16 2 1 1 1781.56591894
2 8 1 1 833.644551338
8 2 4 0 1710.03711088
4 8 16 0 1087.38228573
1 8 32 0 658.264983418
4 4 2 0 1567.68897285
32 2 4 0 2089.59285028
32 2 32 0 2200.63070866
1 8 4 1 482.16282824
1 4 2 1 760.030977443
8 8 32 0 1912.47730147
16 8 4 1 3061.72362829
2 8 16 0 868.794122354
32 2 1 1 2574.0503164
32 4 8 1 2678.24883051
8 2 2 0 1974.19183499
32 2 32 1 1861.65842731
32 2 16 0 1956.07870002
2 8 4 0 1019.93358463
32 2 2 0 2706.49906109
8 4 8 1 2222.89700133
4 8 2 0 1635.8108721
8 8 4 1 1970.88059966
1 8 16 0 584.849464197
1 8 32 1 621.395663109
1 8 2 1 717.412088043
4 4 32 0 1212.96585177
16 2 32 0 1094.39989358
2 4 8 1 765.987290594
4 4 16 0 1977.86428092
16 4 8 1 2011.72125112
8 4 16 1 1287.74376738
8 4 16 0 1367.52485132
16 4 16 1 2354.26855589
16 4 1 0 2982.78177273
2 8 1 0 1042.00824394
8 4 8 0 1839.84948069
16 2 16 0 2202.72657894
8 2 16 0 1368.45779312
2 4 2 0 650.3529545
8 4 32 0 1469.56838588
1 8 8 1 547.815681692
16 4 8 0 358.405585965
16 2 16 1 1763.15349255
16 8 1 1 2286.59131633
8 2 32 1 1021.63776751
4 8 16 1 1240.44753276
2 8 2 0 1275.47451663
2 4 2 1 798.192943872
2 4 4 1 772.541695451
8 2 32 0 1228.23167431
32 4 4 1 2859.9721565
8 2 1 0 2126.09519693
8 2 2 1 1800.06772941
8 4 32 1 1247.24320637
16 2 32 1 1147.27996394
8 8 8 0 1595.19538698
2 8 4 1 852.392078049
1 4 4 0 629.483040675
8 8 16 1 1584.31717031
4 8 8 0 1350.32489412
8 2 16 1 1943.73161846
1 8 16 1 654.444773911
16 4 2 1 3046.89283618
2 8 32 0 995.39025228
1 4 32 1 566.52988849
8 8 2 0 2163.3134192
1 4 4 1 187.482847518
2 4 32 1 914.4031412
8 8 4 0 1668.4007735
32 4 2 0 3061.97133851
2 8 2 1 1089.21213582
1 8 1 0 585.385226312
8 2 1 1 1922.37919681
32 4 1 0 2645.1747252
2 4 16 1 936.071513414
8 4 4 0 2327.74150472
1 4 1 0 957.62432834
32 4 1 1 3168.73236875
32 4 32 0 1768.19628529
16 8 32 1 2113.08527275
16 2 8 1 2063.96617199
8 4 1 0 2105.00730312
4 8 32 0 1354.41132341
16 8 8 1 2175.82870734
16 4 32 1 1545.06979494
32 4 16 0 2542.88980161
8 4 1 1 2372.87999427
2 8 8 0 1031.14623448
32 4 8 0 2405.95960499
1 8 1 1 491.029348226
1 4 32 0 528.494727244
4 4 2 1 1606.49023684
16 4 16 0 1961.46378243
4 8 1 0 1277.77083947
8 8 1 0 1996.01204856
4 4 32 1 1598.28540906
4 8 1 1 1357.78869559
16 4 2 0 2836.60843397
32 4 2 1 3331.79961837
8 8 16 0 1711.76436017
1 8 4 0 616.666863432
4 8 4 1 1685.84616886
2 4 1 1 1257.53963791
32 2 2 1 3174.83916309
2 4 16 0 1043.82719109
2 8 32 1 1069.81551244
1 8 8 0 550.934531804
8 2 4 1 1794.49491327
32 2 16 1 1604.09811829
16 8 16 1 1917.0124296
1 4 1 1 634.841134515
4 4 4 0 1572.59580424
16 8 2 1 2433.28055842
1 4 8 0 738.730723425
4 8 2 1 1646.02963489
16 4 4 0 2408.52656271
8 8 2 1 2152.68886104
16 4 1 1 2984.07552447
16 8 2 0 2773.33232547
16 2 4 1 2220.40337428
8 8 1 1 2101.80221336
2 4 1 0 789.624115865
16 2 2 1 1927.25708549
8 4 2 0 2303.68842842
1 4 2 0 719.859875772
2 4 4 0 925.11709962
4 4 1 1 1366.08381053
32 2 8 1 2149.35290263
32 16 32 1 1750.28397439
32 16 1 0 3162.77678972
1 16 4 0 703.711012713
32 16 16 1 2086.66165914
32 16 2 1 2724.61625006
2 16 8 1 767.470285606
32 16 4 1 2897.93925257
32 16 4 0 3244.68529557
1 16 32 1 477.284956403
8 16 1 1 1936.11840348
8 32 8 0 2025.11470013
1 32 8 0 609.294054898
8 16 32 1 1747.94322573
2 16 4 0 637.495764514
4 16 16 0 1372.99429504
4 32 2 1 1196.58411933
8 32 1 1 1785.74636554
1 32 4 1 487.645740344
32 32 4 0 3244.26522854
4 32 16 0 1399.5149013
16 16 8 1 2292.04146536
4 16 8 0 1267.41141572
32 8 32 1 1555.9369337
1 16 32 0 410.325898473
32 8 8 0 1643.9083322
32 32 16 0 2186.08872612
8 32 4 1 2009.82720967
1 16 2 1 717.046147921
32 8 2 1 2863.26409761
16 32 1 0 2843.21235394
2 16 16 1 771.362602708
8 16 2 0 1438.74703168
8 32 2 1 1665.4398158
16 32 32 0 1325.46575121
2 32 1 0 847.118644616
16 32 4 0 2388.29183995
32 32 32 1 1898.08942468
16 16 8 0 2168.59860414
4 16 4 1 1348.22563217
32 8 8 1 2353.32294208
2 32 2 0 1051.25462994
4 16 32 1 1335.28566219
16 32 8 1 2140.9092867
16 32 16 1 1438.82894893
1 32 1 0 440.767254206
16 32 8 0 2033.41171995
16 16 32 1 1450.85156406
4 16 32 0 1201.68646408
32 8 4 0 3352.16942454
32 32 8 0 2816.71679636
1 32 32 1 627.693227982
16 32 2 1 2464.60170282
4 32 16 1 1394.00198099
2 16 32 1 796.275560289
1 16 4 1 552.40343933
32 8 16 0 2113.07209881
4 16 2 0 1195.59001406
4 16 8 1 1285.72561293
8 32 16 0 1994.64239402
32 32 2 1 2723.50688351
8 32 32 1 1722.70130091
32 16 8 1 2548.86571909
16 16 1 0 2471.80241475
32 8 4 1 2208.03725987
2 32 4 0 828.987457142
4 32 1 1 1137.06116782
32 32 16 1 1707.91261435
16 32 32 1 1985.2104042
8 32 16 1 1920.57915571
1 16 1 1 785.265240916
2 32 32 0 1238.95958087
32 32 4 1 3138.68189145
8 16 32 0 1477.18916985
8 16 2 1 1825.06724418
8 32 1 0 1575.0823457
1 16 8 0 537.675864085
32 16 32 0 1592.9224355
32 8 32 0 1345.97186696
2 32 1 1 753.169961234
4 16 4 0 1256.83055109
1 32 32 0 542.910841627
1 32 16 1 669.443675976
2 32 4 1 896.730751889
32 8 2 0 3069.4563701
1 16 8 1 448.27479784
2 16 1 0 913.887899707
4 16 1 1 1213.35469449
32 32 1 0 3383.29551877
32 32 1 1 3200.0095752
1 32 16 0 566.229753387
32 16 8 0 2602.45557835
1 16 1 0 672.922856354
16 16 32 0 1113.75482619
8 32 2 0 1777.76337032
1 16 2 0 716.818924955
8 16 8 1 1696.16367944
8 16 16 1 1504.54296292
2 16 32 0 796.445080709
2 16 2 0 821.075045558
8 32 4 0 1926.5019096
1 16 16 0 481.696721107
2 16 2 1 996.49364079
1 32 2 1 608.197113739
1 16 16 1 485.786653092
8 16 16 0 1662.83891687
32 16 1 1 3126.00620981
1 32 2 0 567.93503442
2 32 8 0 858.292666725
32 32 8 1 2838.66778944
32 16 2 0 3000.26273969
32 32 2 0 3336.65973078
8 16 8 0 1842.28407527
16 32 1 1 2333.71930226
2 16 8 0 760.188318921
2 16 4 1 949.365427119
8 16 1 0 2107.27867516
1 32 4 0 423.174475533
16 16 4 0 2478.17517054
4 32 4 0 1415.56493117
2 32 16 0 1028.51441061
2 16 16 0 929.060147808
8 32 32 0 1968.61513202
4 32 32 1 1191.85348125
16 32 16 0 2485.32412612
4 32 32 0 1010.61005876
2 16 1 1 739.830990883
32 32 32 0 1726.9830789
4 32 8 1 1280.70290562
4 32 2 0 1407.57257669
16 16 2 1 2210.41728789
32 16 16 0 2013.70137737
4 16 1 0 1030.01117994
8 16 4 1 1834.28460284
16 16 4 1 2130.29322691
1 32 1 1 486.298832998
4 32 4 1 1312.03460434
16 16 16 0 1710.59406687
16 16 2 0 2316.0382819
32 8 16 1 2156.38856947
8 16 4 0 1756.02263019
4 16 16 1 1231.87739455
16 32 4 1 2514.80893261
16 16 16 1 2100.86633611
2 32 16 1 902.95559243
2 32 8 1 944.579945807
16 16 1 1 2027.54133418
4 32 8 0 1318.60339615
4 16 2 1 1293.79409965
4 32 1 0 1210.37443573
16 32 2 0 2742.96802798
2 32 2 1 784.090082779
2 32 32 1 974.218344181
1 32 8 1 477.92695113
32 8 1 0 3587.1602361
8 32 8 1 2071.1009124
