1 1 1 0 268.60330001
1 1 32 0 757.533010432
1 1 32 1 763.566422257
4 1 1 1 596.939577543
1 1 16 1 747.789389763
2 1 16 1 853.323234258
4 1 2 1 669.261683175
1 1 1 1 162.371339954
4 1 8 1 938.278387863
1 1 2 1 410.808706005
1 1 4 0 583.417465908
2 1 32 0 997.855256175
1 1 16 0 748.955709195
2 1 1 1 520.795430494
2 1 4 0 635.913635057
4 1 4 1 1039.45296667
2 1 32 1 955.871952551
2 1 1 0 537.768552943
1 1 2 0 415.826341286
2 1 4 1 719.992854941
4 1 2 0 874.543235247
1 1 4 1 663.187362515
4 1 1 0 819.486822468
2 1 2 1 762.23492934
4 1 4 0 874.607399892
2 1 2 0 517.963438526
1 1 8 0 749.132306386
2 1 8 1 899.832906378
2 1 16 0 821.385317878
1 1 8 1 748.473576094
2 1 8 0 931.108470317
2 2 1 0 502.320450844
32 1 4 0 1322.57750952
16 2 1 0 1221.67735928
32 2 32 1 1109.67031717
8 1 32 0 882.79335532
1 4 1 1 261.83016298
8 1 1 1 979.99608697
32 1 8 0 1243.23197099
2 2 32 0 899.720790979
8 4 4 0 984.474705302
4 2 4 1 1064.33687958
8 1 4 1 1063.41149082
4 1 16 0 1074.52881559
32 1 16 1 926.687390379
16 2 1 1 1060.76686368
32 1 8 1 1254.17161346
8 4 8 1 782.237355455
32 1 32 1 1007.23350559
1 2 4 1 644.162797697
8 4 4 1 949.24682096
32 1 1 0 1102.92803291
16 1 1 0 1101.19395265
16 2 4 1 765.847561355
8 4 8 0 1154.06513349
1 4 2 0 391.508976149
32 2 8 0 1245.89409822
8 2 2 1 1141.95709534
32 2 4 0 1338.18911015
8 2 8 1 1169.03651506
16 1 8 1 1167.38189488
16 2 2 1 970.293546239
16 1 16 0 1003.07674358
1 2 2 1 426.435427396
2 4 1 1 481.851796235
1 2 8 0 753.167500208
16 2 4 0 1053.59167185
16 1 4 0 1081.97285953
2 2 16 1 935.463830561
2 4 4 1 854.334043723
8 1 8 0 939.765950326
32 1 32 0 1198.83362259
32 2 16 0 1325.76305247
4 4 4 0 650.839250574
1 2 1 0 264.662075388
4 4 32 0 612.840514862
16 2 16 0 1048.65425093
4 4 8 1 859.121660318
8 1 16 0 1002.98332176
1 4 4 1 529.869980396
32 2 1 0 1095.15134746
4 1 32 0 540.251197261
8 2 4 0 1052.08550502
4 1 32 1 832.937278647
1 2 8 1 586.994603744
4 2 8 1 961.853936258
8 1 2 1 1125.74047576
8 2 32 0 936.239307207
32 2 8 1 1239.34423606
8 1 1 0 844.270972391
8 1 2 0 1030.94564397
4 4 16 0 934.455875503
32 2 2 1 1341.21421426
16 2 32 0 1135.72871715
8 2 1 0 776.669228721
4 4 2 0 832.268005715
1 4 16 0 700.866029846
16 2 2 0 914.20525366
4 2 16 1 1057.57460429
2 4 8 0 948.614173383
4 4 32 1 765.681026139
4 2 4 0 810.269610619
32 1 2 1 1322.37549497
8 2 8 0 1288.09338706
2 2 4 0 825.407254968
2 2 2 0 673.477855409
2 4 1 0 449.651029511
32 2 4 1 1089.70665453
4 4 2 1 929.258453755
16 1 32 1 1127.33274349
4 4 1 0 803.465130616
2 4 32 0 880.832464165
2 2 8 1 453.072883704
16 1 8 0 1340.90202778
4 4 1 1 625.699318851
8 4 2 1 939.921703146
16 2 8 1 896.252889539
1 4 32 0 541.690680612
2 2 1 1 407.074660083
2 2 8 0 778.425427934
8 2 32 1 1140.3050656
2 4 32 1 682.094113641
8 1 8 1 1284.03751231
16 2 8 0 982.531677173
32 1 2 0 989.854860115
2 4 2 1 648.61930314
8 4 1 1 953.427282115
16 1 1 1 896.816404137
1 4 8 1 651.232398522
32 1 4 1 1310.43320709
4 2 1 1 720.366773136
8 2 2 0 964.305903148
32 2 1 1 1389.76396551
2 4 16 0 832.66724607
1 2 1 1 273.444008276
8 2 16 1 1024.85478456
2 2 4 1 625.0628858
16 1 32 0 1135.2539633
4 1 8 0 748.823641781
8 4 16 1 861.445764147
8 4 1 0 1027.56819948
1 2 16 0 549.060157578
16 1 4 1 958.714559698
4 2 32 0 752.825049502
4 2 32 1 963.69064008
1 2 16 1 550.758483247
8 1 16 1 723.362506339
1 4 1 0 278.759355942
32 2 32 0 1209.9581909
4 2 2 0 953.96273219
8 2 16 0 1205.89559774
8 1 32 1 1117.5699316
16 2 32 1 1011.12613383
4 1 16 1 907.280169165
1 2 32 1 374.003063687
2 2 32 1 790.499278359
8 4 2 0 1050.54127575
1 4 8 0 674.737703815
4 2 2 1 674.543096566
1 2 2 0 313.677467548
32 2 2 0 1307.2911284
16 2 16 1 1088.37070601
1 2 4 0 527.379295987
2 4 4 0 689.843385079
2 4 8 1 526.01947392
8 2 1 1 834.242160948
4 4 4 1 780.845733439
32 1 16 0 1061.58349949
16 1 2 0 1470.9664983
8 1 4 0 1274.95588778
16 1 2 1 1176.64379789
1 4 4 0 527.892978544
1 2 32 0 671.607088269
32 2 16 1 1275.91540247
2 4 2 0 672.918122741
4 4 16 1 656.957770279
2 2 16 0 980.125152145
4 2 16 0 816.612779136
8 2 4 1 1147.27722551
4 4 8 0 992.701738301
1 4 16 1 617.080842311
2 2 2 1 664.084145552
2 4 16 1 874.707415218
1 4 32 1 696.666749475
4 2 1 0 668.216557455
4 2 8 0 836.420841067
32 1 1 1 1214.15688189
16 1 16 1 1127.12595817
32 8 8 0 897.715237639
4 16 4 1 909.676583628
8 8 4 0 735.60707259
8 4 32 0 744.447643179
32 8 4 0 1146.69597464
4 8 4 1 724.730427944
16 4 4 1 1009.53918109
32 8 16 1 1116.45490208
1 8 32 0 617.465461866
8 8 2 0 835.86524618
8 16 8 0 1210.75815595
16 16 2 0 1195.37905974
16 4 32 0 1063.02580322
8 16 16 1 907.36978781
2 16 1 1 435.985330564
4 8 4 0 964.986578139
32 4 1 0 1105.0893625
16 8 4 1 819.709584962
8 4 16 0 1069.05459904
16 4 2 0 904.933512922
1 16 8 0 635.897053461
4 16 1 0 748.070335159
2 8 1 1 408.337318689
16 4 16 0 796.235711287
16 8 2 1 1175.00762038
4 16 16 0 901.702832121
16 16 8 0 865.739464724
2 16 2 0 633.424507045
8 8 2 1 945.611916799
1 8 2 0 403.113777202
16 16 1 1 1112.87427425
32 8 1 0 917.819226106
2 8 16 0 813.524334276
8 8 8 0 1138.32342191
1 8 1 0 272.806391269
16 8 4 0 1019.18613312
8 8 32 0 953.787923159
16 8 16 0 1125.23931923
16 16 2 1 1110.0821917
1 16 1 0 275.721378097
4 8 16 0 845.111253606
2 16 1 0 497.94529063
16 16 32 0 824.422903904
8 16 4 1 974.284734027
2 16 32 0 926.041562373
1 8 4 1 596.35068763
16 4 2 1 1179.04174791
1 16 2 1 326.996737675
16 8 8 0 1176.73151991
8 16 16 0 845.321718412
8 16 1 0 821.011584336
8 8 1 0 781.038509554
4 8 1 0 727.357137235
32 4 4 1 958.156664025
32 4 8 0 881.514835346
1 16 1 1 280.91062388
2 16 4 1 827.478000014
4 8 2 0 576.779880456
2 8 16 1 748.015156319
32 4 32 0 1092.16655766
8 16 1 1 779.885054806
16 16 16 1 1046.66197113
8 16 8 1 764.555277562
8 16 32 0 843.17022664
1 16 2 0 398.188991926
1 8 8 1 601.012369132
8 4 32 1 819.918504767
16 4 4 0 1120.59998881
1 8 32 1 597.85219786
2 16 2 1 644.735634833
4 8 2 1 649.518240314
4 8 8 0 900.210376244
4 16 4 0 823.778866438
32 4 16 1 989.880701787
16 8 1 1 948.541854781
16 4 32 1 1079.69602294
32 4 16 0 1062.05647085
32 8 8 1 1070.83991355
16 8 16 1 917.669657697
16 4 1 1 836.510728163
2 8 2 1 677.182426953
32 8 2 1 1054.32311855
2 8 2 0 562.40012472
2 8 8 0 699.301248521
1 16 16 0 684.856518475
2 8 1 0 478.638643308
1 8 2 1 411.426111556
8 16 2 0 1043.69153536
4 16 2 0 656.441483858
32 4 8 1 1062.92822136
16 16 4 1 922.566356579
1 8 8 0 672.737861429
4 16 2 1 710.22676233
4 8 32 1 877.872806984
4 8 8 1 809.932624593
1 8 4 0 599.489961926
4 16 32 1 793.612929793
1 8 1 1 269.318579377
32 8 1 1 728.475457118
32 4 1 1 1044.34604282
32 8 4 1 1086.8482953
2 16 16 1 834.940768485
16 8 8 1 1074.11580345
16 4 8 0 866.131520085
8 16 4 0 588.976232053
32 4 2 0 887.343482162
2 8 4 1 689.602255257
16 16 1 0 1054.1466853
8 8 16 1 903.184346207
4 16 8 1 579.759650463
2 8 4 0 871.414687391
32 8 32 0 917.687852289
8 8 8 1 1034.84185518
2 16 4 0 847.648051247
8 16 2 1 938.062547065
4 8 32 0 990.302330556
1 16 4 1 557.939434797
16 8 32 0 1050.91522393
8 8 4 1 975.598648139
1 16 32 0 647.093942073
32 4 2 1 1211.55817341
16 16 8 1 942.549649627
4 8 16 1 782.24415708
16 4 16 1 1114.7034983
2 16 8 0 814.156144854
4 16 8 0 1100.3439833
1 8 16 1 593.908728981
16 4 8 1 928.202350011
16 4 1 0 1196.3990636
1 16 16 1 663.654370552
16 8 1 0 1096.42633099
32 8 2 0 1082.11378391
16 16 16 0 1218.27560128
2 8 32 0 820.317412363
2 16 8 1 793.571208567
4 8 1 1 821.152721867
1 16 4 0 613.740719449
32 8 16 0 1035.19254096
8 8 1 1 843.762373348
32 4 4 0 1116.1765294
1 8 16 0 667.773711304
16 8 2 0 880.443761007
2 16 32 1 588.913365657
2 8 8 1 861.409475637
32 4 32 1 1224.76138049
2 16 16 0 869.161842708
8 16 32 1 815.03607459
4 16 32 0 710.10863039
32 8 32 1 1148.67866902
2 8 32 1 900.202865763
1 16 8 1 465.727509929
4 16 16 1 1034.1519044
16 16 32 1 914.641696946
16 8 32 1 1050.0668048
8 8 16 0 1035.42830596
8 8 32 1 846.71626959
1 16 32 1 625.479242463
16 16 4 0 975.510245996
4 16 1 1 745.247835238
1 32 2 1 327.602906162
2 32 4 1 831.742898037
32 32 2 1 991.267851114
32 16 2 0 1061.18306169
1 32 16 0 481.753053167
8 32 32 0 834.960712652
16 32 2 0 708.584249035
16 32 1 1 959.219415123
1 32 1 0 255.421582423
16 32 1 0 1134.01711293
32 32 4 0 968.751225918
4 32 1 0 790.889526972
32 32 1 0 1161.39623376
16 32 8 0 885.129747487
1 32 4 0 521.666390836
1 32 8 0 618.259651435
8 32 32 1 856.647130794
4 32 1 1 655.764127809
4 32 2 0 832.46346834
16 32 8 1 968.988724841
8 32 4 0 757.819666244
2 32 8 0 798.470479437
4 32 16 0 825.091177629
16 32 32 1 912.932569039
2 32 8 1 841.056113619
32 16 1 1 1105.35349317
8 32 2 1 953.111606456
32 32 1 1 834.910002321
16 32 16 1 1040.6290823
1 32 8 1 560.211982902
2 32 4 0 845.547564097
2 32 32 0 848.057514962
32 32 32 1 799.375649533
32 32 4 1 685.779883742
8 32 1 1 900.347639681
2 32 1 0 467.959773331
4 32 32 1 857.60406622
32 16 32 0 875.165356517
2 32 2 1 638.701437292
1 32 1 1 256.326461816
1 32 16 1 353.738101883
32 16 4 1 986.44109219
16 32 4 0 1093.73503523
32 16 16 0 995.253435855
1 32 2 0 382.121117184
8 32 8 1 914.825568857
32 16 1 0 769.492006889
4 32 4 0 745.638097071
32 16 8 1 919.576124513
32 16 32 1 948.479332346
32 32 8 0 937.848771392
32 16 2 1 993.507578085
8 32 8 0 980.584182728
16 32 16 0 1041.11670236
4 32 8 1 775.452037017
2 32 16 1 796.079797082
32 16 16 1 936.001166608
4 32 32 0 829.772968388
2 32 32 1 759.304000833
4 32 8 0 781.240838695
1 32 32 1 554.63399431
8 32 2 0 804.600323849
32 16 8 0 1151.95197278
1 32 4 1 512.026695036
32 32 16 1 916.763852557
8 32 1 0 876.846988641
32 32 2 0 1107.40998433
16 32 2 1 938.994528672
1 32 32 0 400.39017443
2 32 2 0 513.024850568
32 32 8 1 946.408027024
32 32 16 0 946.579687193
4 32 2 1 728.627860774
16 32 32 0 1027.75841639
2 32 1 1 460.039953201
32 16 4 0 1220.8895119
4 32 16 1 632.09601213
16 32 4 1 862.997371083
32 32 32 0 953.816931547
8 32 16 0 651.569869155
8 32 4 1 683.483870516
8 32 16 1 813.901624916
2 32 16 0 826.338057557
4 32 4 1 851.829844163
