1 1 1 1 35.9882070492
1 1 1 0 46.9929673341
1 1 2 1 68.6363645346
1 1 2 0 66.5062449231
1 1 4 1 75.4008702479
1 1 4 0 70.3818893831
1 1 8 1 79.4373591914
1 1 8 0 92.428281699
1 1 16 1 80.0325095643
1 1 16 0 72.3778052915
1 1 32 1 75.0184094429
1 1 32 0 71.0408250892
2 1 1 1 61.4689960096
2 1 1 0 64.5792697785
2 1 2 1 79.0498856343
2 1 2 0 67.36060287
2 1 4 1 60.6404452538
2 1 4 0 86.9806621968
2 1 8 1 80.1910219961
2 1 8 0 84.0575569961
2 1 16 1 98.3610741269
2 1 16 0 85.1728626262
2 1 32 1 88.228353455
2 1 32 0 82.4157897259
4 1 1 1 74.4951203199
4 1 1 0 87.7659330173
4 1 2 1 74.7145780896
4 1 2 0 85.6281339368
4 1 4 1 79.1618062734
4 1 4 0 86.7277380147
4 1 8 1 80.7410612058
4 1 8 0 98.9670719624
4 1 16 1 92.8051937045
4 1 16 0 89.4293545765
4 1 32 1 91.6886891472
4 1 32 0 94.902982692
8 1 1 1 82.406472861
8 1 1 0 86.965843142
8 1 2 1 90.1181876726
8 1 2 0 95.9653760668
8 1 4 1 88.9696994576
8 1 4 0 96.9625803119
8 1 8 1 89.0619931267
8 1 8 0 88.7023026999
8 1 16 1 80.57325722
8 1 16 0 91.6814367261
8 1 32 1 87.5095304763
8 1 32 0 88.1446367372
16 1 1 1 63.0859431373
16 1 1 0 74.6874686983
16 1 2 1 83.1099874515
16 1 2 0 80.0164779283
16 1 4 1 86.0572298193
16 1 4 0 68.8149872813
16 1 8 1 71.4073714039
16 1 8 0 92.2418799042
16 1 16 1 94.8615126867
16 1 16 0 93.8442717305
16 1 32 1 77.0669285305
16 1 32 0 81.685083936
32 1 1 1 72.5055269634
32 1 1 0 63.0723747578
32 1 2 1 84.063316521
32 1 2 0 59.9511869855
32 1 4 1 56.7930588074
32 1 4 0 63.5442956417
32 1 8 1 68.7794995669
32 1 8 0 79.5673363844
32 1 16 1 67.2851965145
32 1 16 0 58.7377067723
32 1 32 1 64.2025790976
32 1 32 0 85.8248679494
1 2 1 1 47.7304751601
1 2 1 0 39.9241189594
1 2 2 1 47.5200043345
1 2 2 0 59.3563599009
1 2 4 1 65.0171544956
1 2 4 0 69.6930192188
1 2 8 1 82.1611681296
1 2 8 0 75.3402001465
1 2 16 1 73.6410831861
1 2 16 0 75.6730493599
1 2 32 1 67.6484132048
1 2 32 0 79.5653145729
2 2 1 1 68.1203028163
2 2 1 0 68.3937574814
2 2 2 1 81.5944772375
2 2 2 0 72.2141434552
2 2 4 1 77.1808812417
2 2 4 0 86.5840060368
2 2 8 1 84.7702377103
2 2 8 0 96.8548145273
2 2 16 1 76.9582010063
2 2 16 0 105.270410489
2 2 32 1 80.2182624796
2 2 32 0 93.9292030612
4 2 1 1 65.5092004096
4 2 1 0 76.0872907139
4 2 2 1 88.167477736
4 2 2 0 75.1196715835
4 2 4 1 74.2589069943
4 2 4 0 92.5225896254
4 2 8 1 65.2186630826
4 2 8 0 82.5153895718
4 2 16 1 92.5230058282
4 2 16 0 81.4172714929
4 2 32 1 93.0902481864
4 2 32 0 96.6141517268
8 2 1 1 80.3462985733
8 2 1 0 82.6158355656
8 2 2 1 78.5247642859
8 2 2 0 91.3168145741
8 2 4 1 87.2032728872
8 2 4 0 94.2380175405
8 2 8 1 81.9605488627
8 2 8 0 95.1462570595
8 2 16 1 86.9523193036
8 2 16 0 87.8158515361
8 2 32 1 83.0011777176
8 2 32 0 85.661334793
16 2 1 1 68.4581618294
16 2 1 0 84.8906901961
16 2 2 1 82.9534391378
16 2 2 0 83.6239569817
16 2 4 1 77.6219844935
16 2 4 0 68.930511143
16 2 8 1 84.8598687845
16 2 8 0 63.8591643117
16 2 16 1 69.3509110326
16 2 16 0 73.2198480333
16 2 32 1 62.7137556168
16 2 32 0 98.3848389485
32 2 1 1 72.3984863372
32 2 1 0 69.5253687886
32 2 2 1 84.1127663753
32 2 2 0 76.6545269809
32 2 4 1 48.4198583745
32 2 4 0 64.2107693129
32 2 8 1 77.296521326
32 2 8 0 85.1956353864
32 2 16 1 61.9252685888
32 2 16 0 71.2193349671
32 2 32 1 76.803139576
32 2 32 0 73.7427487801
1 4 1 1 45.224459416
1 4 1 0 49.2745768979
1 4 2 1 57.0231671977
1 4 2 0 56.2054403962
1 4 4 1 69.8960534557
1 4 4 0 55.4070182733
1 4 8 1 70.8903231666
1 4 8 0 78.8603196154
1 4 16 1 77.9385065712
1 4 16 0 72.7379575969
1 4 32 1 77.1595632302
1 4 32 0 80.8542479633
2 4 1 1 55.1476341812
2 4 1 0 53.6324370727
2 4 2 1 73.096073009
2 4 2 0 63.0060129562
2 4 4 1 78.4835556413
2 4 4 0 75.8723874342
2 4 8 1 78.6419284436
2 4 8 0 81.6536982933
2 4 16 1 83.8498201652
2 4 16 0 86.2325642955
2 4 32 1 80.3257796807
2 4 32 0 74.0883277442
4 4 1 1 62.4219867996
4 4 1 0 70.3621884906
4 4 2 1 75.7863527965
4 4 2 0 72.5495458085
4 4 4 1 70.1904241125
4 4 4 0 79.7547477897
4 4 8 1 72.3125327708
4 4 8 0 81.5364067631
4 4 16 1 63.8314381919
4 4 16 0 79.5888101374
4 4 32 1 80.0433434071
4 4 32 0 82.9109781071
8 4 1 1 77.2354135279
8 4 1 0 77.2815498846
8 4 2 1 85.9064362188
8 4 2 0 75.6393163505
8 4 4 1 79.8884982776
8 4 4 0 84.9168042659
8 4 8 1 77.4495803202
8 4 8 0 81.0341728586
8 4 16 1 76.2524628124
8 4 16 0 86.7691390917
8 4 32 1 80.2350440242
8 4 32 0 87.3450114293
16 4 1 1 73.7099581914
16 4 1 0 86.9551015834
16 4 2 1 74.1435071671
16 4 2 0 78.6112525755
16 4 4 1 83.9367218571
16 4 4 0 79.3873580285
16 4 8 1 78.6941176409
16 4 8 0 73.6380537811
16 4 16 1 83.1655081823
16 4 16 0 80.8412870187
16 4 32 1 80.1901269679
16 4 32 0 79.2149332612
32 4 1 1 78.1735219927
32 4 1 0 68.8696553298
32 4 2 1 61.5697227726
32 4 2 0 66.0946663441
32 4 4 1 81.4860331637
32 4 4 0 73.7544512188
32 4 8 1 65.1119667575
32 4 8 0 88.5574742633
32 4 16 1 72.527775427
32 4 16 0 71.1478958562
32 4 32 1 81.8268928972
32 4 32 0 64.5769718532
1 8 1 1 47.7856037112
1 8 1 0 48.8076470474
1 8 2 1 53.8720098039
1 8 2 0 54.3125123909
1 8 4 1 65.380774783
1 8 4 0 68.8560072951
1 8 8 1 61.1725040594
1 8 8 0 72.5686231875
1 8 16 1 70.3107576002
1 8 16 0 72.0907647302
1 8 32 1 74.7154082793
1 8 32 0 78.5265630819
2 8 1 1 58.2167253069
2 8 1 0 58.824672992
2 8 2 1 62.273101149
2 8 2 0 69.7053520795
2 8 4 1 68.4885335796
2 8 4 0 77.297911134
2 8 8 1 72.1443970185
2 8 8 0 79.4442237091
2 8 16 1 82.6634077363
2 8 16 0 85.4105339113
2 8 32 1 75.5650592472
2 8 32 0 69.1955113553
4 8 1 1 63.2180432604
4 8 1 0 71.2281606794
4 8 2 1 73.6690730262
4 8 2 0 79.8079938306
4 8 4 1 81.4916039432
4 8 4 0 84.7523752974
4 8 8 1 72.7326266713
4 8 8 0 88.4997200239
4 8 16 1 71.7456815219
4 8 16 0 80.8524967467
4 8 32 1 70.4222225489
4 8 32 0 82.7886837728
8 8 1 1 70.6326491462
8 8 1 0 74.304023302
8 8 2 1 84.5450032396
8 8 2 0 84.7132180403
8 8 4 1 80.7683595565
8 8 4 0 93.3351095701
8 8 8 1 70.5753802167
8 8 8 0 82.5284903554
8 8 16 1 69.9850295694
8 8 16 0 80.7425465669
8 8 32 1 74.175677626
8 8 32 0 78.6479367619
16 8 1 1 71.5261667648
16 8 1 0 79.7096338264
16 8 2 1 76.564692933
16 8 2 0 79.8541675469
16 8 4 1 90.1243585969
16 8 4 0 90.5762307698
16 8 8 1 72.4376128116
16 8 8 0 75.094143616
16 8 16 1 67.3548502759
16 8 16 0 64.9322107634
16 8 32 1 66.6123178871
16 8 32 0 79.9562915138
32 8 1 1 79.2405388062
32 8 1 0 70.4877821064
32 8 2 1 54.5904622511
32 8 2 0 65.3799027251
32 8 4 1 63.4702200061
32 8 4 0 73.8257986581
32 8 8 1 68.8369208768
32 8 8 0 67.1552702301
32 8 16 1 66.8987303983
32 8 16 0 59.8767083557
32 8 32 1 66.9160782685
32 8 32 0 87.6346412108
1 16 1 1 44.2240388947
1 16 1 0 49.2342033712
1 16 2 1 42.2775310777
1 16 2 0 47.8189722075
1 16 4 1 65.0440732104
1 16 4 0 67.0334817465
1 16 8 1 61.3252044165
1 16 8 0 79.5708310412
1 16 16 1 64.3437906819
1 16 16 0 72.4520922209
1 16 32 1 63.5624467861
1 16 32 0 79.4542910061
2 16 1 1 47.0420771664
2 16 1 0 60.6022548051
2 16 2 1 66.6710066168
2 16 2 0 69.7056253692
2 16 4 1 68.7508743874
2 16 4 0 79.6410426556
2 16 8 1 65.1715345247
2 16 8 0 73.125780801
2 16 16 1 72.5575298838
2 16 16 0 79.9009302981
2 16 32 1 71.8253195311
2 16 32 0 67.9653383448
4 16 1 1 72.028333166
4 16 1 0 73.0373908802
4 16 2 1 64.7006437872
4 16 2 0 83.1249310871
4 16 4 1 81.1612995474
4 16 4 0 79.1198787326
4 16 8 1 51.0063977223
4 16 8 0 80.622477284
4 16 16 1 68.4422559099
4 16 16 0 75.9852542267
4 16 32 1 68.5046086538
4 16 32 0 74.2208451222
8 16 1 1 76.6989342484
8 16 1 0 83.3352770328
8 16 2 1 71.9232876201
8 16 2 0 65.4482381897
8 16 4 1 70.3790608031
8 16 4 0 73.0473902062
8 16 8 1 68.2919554403
8 16 8 0 84.8655671359
8 16 16 1 77.5858147963
8 16 16 0 73.2020205467
8 16 32 1 67.2014506202
8 16 32 0 80.0373032085
16 16 1 1 73.851370916
16 16 1 0 81.0139080789
16 16 2 1 76.766992825
16 16 2 0 71.682141261
16 16 4 1 75.6792350069
16 16 4 0 83.1337193208
16 16 8 1 64.1640808721
16 16 8 0 71.1700093128
16 16 16 1 69.8028856388
16 16 16 0 74.045009534
16 16 32 1 65.0022835743
16 16 32 0 80.4164618632
32 16 1 1 61.973331071
32 16 1 0 67.6462537514
32 16 2 1 68.0795800308
32 16 2 0 59.3515405515
32 16 4 1 59.0163058005
32 16 4 0 63.0015741246
32 16 8 1 55.3748353421
32 16 8 0 63.1623071453
32 16 16 1 55.3734614608
32 16 16 0 57.9318717763
32 16 32 1 71.3391157118
32 16 32 0 64.2802303199
1 32 1 1 37.907517903
1 32 1 0 47.3499635137
1 32 2 1 49.30847261
1 32 2 0 44.9174813391
1 32 4 1 52.8203504
1 32 4 0 61.8330407034
1 32 8 1 53.8970518629
1 32 8 0 76.4845876117
1 32 16 1 65.4927991395
1 32 16 0 68.0029442444
1 32 32 1 57.157296046
1 32 32 0 66.5871162781
2 32 1 1 42.3405602462
2 32 1 0 52.135175318
2 32 2 1 56.2970027219
2 32 2 0 62.306561317
2 32 4 1 61.0166330173
2 32 4 0 65.5148630043
2 32 8 1 62.0169910258
2 32 8 0 72.9390593311
2 32 16 1 64.3275534955
2 32 16 0 53.5764842079
2 32 32 1 67.8756181942
2 32 32 0 74.4947182476
4 32 1 1 59.4226305126
4 32 1 0 67.3460200095
4 32 2 1 65.8290598205
4 32 2 0 78.7142779209
4 32 4 1 64.6300686263
4 32 4 0 82.6699094608
4 32 8 1 56.5312006415
4 32 8 0 66.2991568952
4 32 16 1 62.5225319281
4 32 16 0 74.5015329016
4 32 32 1 71.686021048
4 32 32 0 74.0438230887
8 32 1 1 64.7613800938
8 32 1 0 69.6413779386
8 32 2 1 72.8078563718
8 32 2 0 79.546055181
8 32 4 1 73.4922037126
8 32 4 0 67.7147777605
8 32 8 1 56.3193790147
8 32 8 0 82.2029417449
8 32 16 1 79.4482130141
8 32 16 0 74.2994549986
8 32 32 1 65.602422145
8 32 32 0 74.8173049731
16 32 1 1 64.5258039127
16 32 1 0 80.1997403715
16 32 2 1 60.3584092002
16 32 2 0 74.2064218665
16 32 4 1 65.0363625936
16 32 4 0 72.35602305
16 32 8 1 62.4554063945
16 32 8 0 76.6588740768
16 32 16 1 57.8820068529
16 32 16 0 66.8252990807
16 32 32 1 62.3311300306
16 32 32 0 73.3742144392
32 32 1 1 55.0926403369
32 32 1 0 58.7246817116
32 32 2 1 58.5133848415
32 32 2 0 67.922161638
32 32 4 1 52.7045072017
32 32 4 0 62.1937485207
32 32 8 1 51.148748094
32 32 8 0 57.4376879168
32 32 16 1 52.4285903643
32 32 16 0 56.0397873866
32 32 32 1 48.8053988823
32 32 32 0 62.3054806792
1 1 1 1 40.3628200356
1 1 1 0 57.6806837367
1 1 2 1 76.4523855972
1 1 2 0 76.6985306788
1 1 4 1 112.905069871
1 1 4 0 104.874830794
1 1 8 1 112.932323962
1 1 8 0 127.330565753
1 1 16 1 117.972033112
1 1 16 0 125.349522155
1 1 32 1 129.539492364
1 1 32 0 121.655697028
2 1 1 1 90.4505640766
2 1 1 0 93.1691569869
2 1 2 1 108.332083716
2 1 2 0 105.778873515
2 1 4 1 128.266439117
2 1 4 0 141.457384915
2 1 8 1 138.319263979
2 1 8 0 139.51947024
2 1 16 1 157.279029849
2 1 16 0 131.915799556
2 1 32 1 137.254624034
2 1 32 0 138.736367305
4 1 1 1 117.29534151
4 1 1 0 122.907962425
4 1 2 1 148.815007378
4 1 2 0 128.745609866
4 1 4 1 143.195911566
4 1 4 0 123.475644135
4 1 8 1 140.598461572
4 1 8 0 155.199299601
4 1 16 1 156.13132669
4 1 16 0 145.270777602
4 1 32 1 179.868836312
4 1 32 0 189.387627754
8 1 1 1 104.803721523
8 1 1 0 149.742499196
8 1 2 1 145.180456224
8 1 2 0 143.363378624
8 1 4 1 143.33379658
8 1 4 0 151.185870188
8 1 8 1 130.694370437
8 1 8 0 151.399444721
8 1 16 1 167.658526383
8 1 16 0 160.151524278
8 1 32 1 166.830200725
8 1 32 0 197.846851343
16 1 1 1 66.7899569245
16 1 1 0 145.830603798
16 1 2 1 182.003790677
16 1 2 0 142.211934901
16 1 4 1 155.12785765
16 1 4 0 155.200493728
16 1 8 1 152.346810946
16 1 8 0 155.093554473
16 1 16 1 148.485609234
16 1 16 0 167.182008034
16 1 32 1 169.72101064
16 1 32 0 177.153940475
32 1 1 1 115.435384613
32 1 1 0 118.681301373
32 1 2 1 154.499967742
32 1 2 0 110.104319514
32 1 4 1 154.889151426
32 1 4 0 165.158013576
32 1 8 1 148.725582625
32 1 8 0 172.866937588
32 1 16 1 146.000544246
32 1 16 0 164.0160444
32 1 32 1 154.939955623
32 1 32 0 176.056674978
1 2 1 1 62.4820413906
1 2 1 0 41.1855563793
1 2 2 1 79.4422385228
1 2 2 0 84.9419298951
1 2 4 1 114.370205537
1 2 4 0 117.162795955
1 2 8 1 113.513033716
1 2 8 0 126.271345684
1 2 16 1 125.38606136
1 2 16 0 130.071969638
1 2 32 1 128.783539437
1 2 32 0 113.173118064
2 2 1 1 96.7384866018
2 2 1 0 86.4159369246
2 2 2 1 102.431339798
2 2 2 0 103.626272552
2 2 4 1 119.736844704
2 2 4 0 142.96764014
2 2 8 1 152.67108027
2 2 8 0 127.210353084
2 2 16 1 151.354680969
2 2 16 0 135.046049589
2 2 32 1 145.990790183
2 2 32 0 159.771005343
4 2 1 1 124.737071373
4 2 1 0 87.8251066558
4 2 2 1 129.696495932
4 2 2 0 135.673006049
4 2 4 1 144.340325468
4 2 4 0 152.500375107
4 2 8 1 161.122894678
4 2 8 0 167.323354958
4 2 16 1 165.925734692
4 2 16 0 183.492002014
4 2 32 1 194.095976043
4 2 32 0 159.791109924
8 2 1 1 143.652395565
8 2 1 0 140.688519608
8 2 2 1 160.485902299
8 2 2 0 163.028118949
8 2 4 1 149.714072674
8 2 4 0 166.067317587
8 2 8 1 155.399653052
8 2 8 0 174.128803732
8 2 16 1 160.239822672
8 2 16 0 180.211289221
8 2 32 1 154.005208614
8 2 32 0 170.453029053
16 2 1 1 154.629987247
16 2 1 0 175.632816347
16 2 2 1 171.769881897
16 2 2 0 146.739568468
16 2 4 1 157.160753881
16 2 4 0 153.008003681
16 2 8 1 165.559561812
16 2 8 0 180.488903129
16 2 16 1 140.085076444
16 2 16 0 180.680201988
16 2 32 1 189.568951285
16 2 32 0 143.467247482
32 2 1 1 126.028800646
32 2 1 0 146.940767416
32 2 2 1 137.173051063
32 2 2 0 143.560115502
32 2 4 1 160.15112081
32 2 4 0 168.821133196
32 2 8 1 139.582159895
32 2 8 0 150.775823629
32 2 16 1 210.746397066
