16 2 4 1 2198.32552125
16 2 1 0 2023.64143507
8 1 8 0 1928.76709958
16 1 32 1 1839.14429156
2 1 1 1 825.047850501
16 2 16 0 1949.06123097
32 1 4 0 2552.391168
8 2 2 1 1604.45883759
32 32 4 0 3079.07806674
4 2 32 0 1041.31173426
8 1 32 1 1982.98341963
4 2 4 1 842.301569655
16 2 4 0 2049.187477
1 1 16 1 1135.51607238
4 2 32 1 1088.43295969
16 1 8 1 2270.16833476
8 2 1 0 587.693812178
32 2 2 1 2600.64265251
16 2 32 0 2032.07327888
8 1 2 1 1769.20367237
1 2 2 0 1038.72510264
16 1 32 0 2169.75781665
2 2 1 0 773.11630185
32 32 16 1 2232.26940156
2 2 4 0 764.360611126
8 2 16 1 1529.7820275
16 1 4 1 2600.34014402
32 1 1 1 2867.70332762
16 32 16 1 2220.00138562
16 2 32 1 1814.14162122
32 2 32 1 2170.24623894
16 32 32 0 1852.01385162
32 32 32 0 1855.53926187
2 2 16 0 788.916439757
4 1 8 0 1369.60526241
16 32 32 1 1835.47643543
2 1 8 1 904.645409423
4 1 2 1 1166.63300562
4 1 16 1 1325.02275154
32 1 2 0 2535.57697706
32 32 2 1 3386.31782538
32 2 16 0 2496.30488089
4 2 2 1 1286.45376964
32 32 16 0 2150.09670374
8 2 8 0 1557.34674735
2 1 16 1 907.105268054
32 32 1 1 2889.68847517
4 1 1 1 1414.28802626
2 1 8 0 841.333763835
16 1 16 1 2643.43244964
8 1 32 0 1673.28702101
16 2 8 1 1851.79246933
1 2 16 0 1126.40921799
2 1 16 0 883.680756132
8 2 32 1 1437.5593069
32 32 4 1 2902.43942223
2 1 32 1 1013.77627596
16 2 16 1 2037.66885211
1 2 32 0 794.809967373
4 2 8 0 1235.30982875
1 2 2 1 1199.25573362
4 2 8 1 1169.25979142
32 2 2 0 2432.00320437
32 2 4 1 2163.75670238
1 2 4 0 1150.46758719
16 1 2 0 2528.64436304
1 2 32 1 1194.67469112
4 1 2 0 1176.35872414
2 2 8 0 1076.64482291
2 2 32 1 1198.83361711
1 2 4 1 566.694011279
4 2 16 1 1188.46864992
2 2 8 1 870.841013003
8 1 2 0 1771.50724622
8 1 1 1 1788.26036722
16 1 4 0 2502.36237118
8 2 16 0 1619.67768218
16 32 8 0 2272.72614637
4 1 16 0 1117.38855584
2 1 4 0 927.340043518
1 1 2 0 266.734333566
8 2 1 1 1402.4226244
1 1 4 1 587.242884123
32 32 32 1 1686.88557386
2 2 32 0 651.716830152
2 1 4 1 919.841744379
8 1 4 1 1816.64299298
1 2 8 0 766.071673207
8 1 8 1 1720.59652785
32 32 1 0 3095.73642404
32 1 32 1 2654.24235397
1 2 1 1 378.427856516
32 1 1 0 2781.51595968
16 1 1 0 2229.1131762
16 32 8 1 2355.9462425
16 32 16 0 2460.7461912
8 2 2 0 1459.011197
16 2 1 1 2109.7374416
2 2 2 1 1058.4765996
32 1 16 1 2070.5155588
8 2 8 1 1592.09862991
2 2 4 1 976.3464451
4 2 2 0 1135.40307082
32 32 2 0 3043.35528426
4 1 4 1 1340.11287022
1 2 16 1 900.038701093
32 1 16 0 2004.6960111
16 1 2 1 2327.57147279
1 1 16 0 1013.45257145
4 2 4 0 1202.7491326
2 1 1 0 768.68968304
4 2 16 0 1156.99921688
2 2 2 0 868.610531697
32 2 4 0 2659.09601978
32 2 8 1 2595.53072246
4 1 4 0 1229.46909686
8 2 4 0 1448.43242784
1 1 4 0 652.379979128
1 2 8 1 1185.39372827
32 1 32 0 2505.5464483
1 1 8 1 1051.99220087
2 2 16 1 832.649575498
32 2 8 0 2456.21287638
8 2 32 0 1417.25191198
32 1 2 1 2134.40461511
16 1 16 0 2919.46372686
16 2 2 0 1679.89974599
4 1 8 1 1251.32627688
2 1 2 0 809.876623996
32 1 4 1 2654.35476889
4 1 1 0 1474.23535454
1 1 32 1 1252.03034636
16 2 8 0 2240.41380571
1 1 8 0 1032.35627356
32 2 1 0 2571.26780382
4 1 32 1 1344.67860483
32 2 16 1 2174.08088637
1 1 32 0 951.349196093
2 1 2 1 777.898504239
8 2 4 1 888.392574809
8 1 16 1 1841.9470156
16 1 1 1 1995.78847521
4 2 1 0 1183.39872398
4 2 1 1 1222.17294867
32 32 8 1 2501.94813621
16 2 2 1 2093.96206193
1 1 1 0 239.052929052
8 1 4 0 1734.22101102
16 1 8 0 2430.74639109
4 1 32 0 1240.41171041
8 1 16 0 1563.13997324
32 2 1 1 2023.30753149
2 1 32 0 982.313152639
1 2 1 0 885.29869905
8 1 1 0 1786.59656926
16 32 4 0 2836.08691848
2 2 1 1 753.476160007
32 1 8 1 2196.10248147
32 32 8 0 2921.11782508
1 4 2 0 1107.44812403
4 8 1 1 1158.11319115
4 8 8 0 1100.44382616
1 8 16 1 975.130051533
16 4 8 0 2044.63910606
32 4 2 1 2676.48687309
8 4 16 1 374.42941261
4 4 32 1 1010.33114448
2 8 16 1 890.388960255
2 4 16 0 719.760430276
16 8 4 0 2018.64102416
1 4 2 1 1139.70959433
1 8 8 1 895.426874651
1 4 8 1 1125.65447457
1 16 16 0 398.208454675
32 4 32 0 1909.85023171
4 4 1 1 975.229358437
32 8 16 1 2481.86457957
4 4 32 0 1012.19193787
4 4 4 0 1079.18476544
32 8 2 0 2618.11396284
2 4 1 1 839.392587992
1 4 8 0 876.603788141
32 2 32 0 2206.51867241
4 4 8 0 1112.47154615
2 8 32 0 846.710315263
2 8 2 0 661.285280128
4 8 32 0 1071.94184877
1 4 1 0 586.569267629
1 4 1 1 989.977095047
4 4 2 1 950.231135248
1 16 1 0 456.699139132
2 8 32 1 692.545600655
1 4 32 0 1142.00153451
1 16 2 1 813.947405788
8 4 32 1 1120.15150494
8 8 4 0 1398.43272382
4 8 1 0 1135.75395247
8 4 8 1 1220.49675771
16 8 4 1 2037.58260836
32 4 4 0 2546.14850853
1 8 2 0 1135.07208
1 16 1 1 584.765479733
32 8 2 1 2671.29839893
2 4 4 1 684.848206546
2 4 32 1 680.084756951
8 8 32 1 1526.55229147
4 4 1 0 1109.56998102
4 8 2 0 1270.77841883
2 8 1 0 780.192587741
32 4 1 0 2370.77263232
32 4 4 1 2355.50425889
8 8 1 1 1631.73922009
16 8 2 1 1651.8904954
32 4 1 1 2542.50571046
1 16 8 0 1173.59078707
1 8 4 0 842.475546452
16 4 16 0 1114.0951103
32 8 16 0 2191.35423036
8 8 16 0 1589.13704281
8 8 1 0 1517.95979509
16 4 4 0 961.839266263
32 8 4 1 2539.41981041
1 16 4 1 480.733828788
32 8 1 1 2485.41092933
2 8 4 0 681.066577045
4 8 32 1 1118.38381479
1 8 16 0 702.349186506
8 8 16 1 1518.26586371
2 4 1 0 732.601159214
1 8 4 1 645.825432993
4 4 2 0 1105.63530617
1 16 4 0 678.4413632
1 8 32 1 1164.89037876
16 8 32 0 2054.15274664
16 4 16 1 1768.81969167
1 8 1 1 588.185337904
8 8 2 0 1374.7187325
8 4 16 0 1407.98727074
1 4 16 0 1108.67207344
1 8 2 1 977.439442859
2 8 2 1 718.493028488
32 4 16 1 2083.08110134
16 8 1 1 1834.38801133
16 4 8 1 1991.05322763
1 8 32 0 1084.77817274
1 8 1 0 914.093310598
32 8 4 0 2799.70018266
8 8 8 1 1472.61160355
8 4 2 0 1135.91730386
1 16 2 0 618.109993897
4 4 8 1 1005.84569296
16 8 2 0 1958.61047289
2 4 2 0 826.366540143
16 4 2 1 1887.45901518
16 4 4 1 1848.44299894
32 8 8 1 2490.6007464
32 4 16 0 1913.1801675
4 8 4 1 1071.42821111
4 8 16 1 1116.75812047
8 8 8 0 1582.70238144
8 4 4 1 1427.55316836
16 8 32 1 2091.71502995
32 8 1 0 2839.22693827
8 8 2 1 1529.14282841
2 4 4 0 722.691571353
2 4 8 0 663.908491172
8 4 2 1 1339.05735783
16 4 32 0 1935.91705408
2 8 4 1 747.136070829
2 4 16 1 712.574394301
8 4 1 0 1268.32638969
2 4 2 1 751.880132941
16 8 16 0 2067.20741185
32 8 8 0 2537.64305388
16 8 8 1 2052.66699233
4 4 16 1 938.614063945
4 8 8 1 1080.35131921
16 4 2 0 2069.6077708
1 16 16 1 408.323429041
1 4 4 0 1170.02374275
32 8 32 1 2163.79462689
2 16 1 1 802.886587339
8 4 32 0 227.720849296
8 4 1 1 1577.14027226
2 8 16 0 714.707732359
4 4 4 1 1077.99015437
4 4 16 0 1188.54930774
1 4 16 1 720.085381607
1 16 8 1 1037.41223923
32 4 32 1 2166.53014439
4 8 16 0 1038.0988841
1 4 32 1 602.683398685
2 8 1 1 727.095854142
2 8 8 0 824.785781145
32 8 32 0 2381.08328071
2 4 32 0 695.988606501
4 8 4 0 1020.98979709
32 4 8 0 2653.68210111
1 16 32 1 1037.19862762
16 4 32 1 1675.39407223
2 4 8 1 795.38203446
8 8 32 0 1417.71534761
16 8 8 0 1971.67434244
16 8 16 1 1863.87420741
16 4 1 1 1825.42156338
1 4 4 1 592.442294772
8 4 4 0 1574.55861266
4 8 2 1 1093.0248032
8 8 4 1 1477.62449087
16 8 1 0 1572.12216181
32 4 2 0 2660.96738523
1 16 32 0 914.411853152
16 4 1 0 1822.13352028
32 4 8 1 2477.96686971
2 8 8 1 720.083502522
4 32 8 0 1113.21777967
4 16 1 1 1036.31380235
1 32 2 1 1138.03475778
4 16 8 1 930.015910607
16 32 32 1 1923.00286365
4 16 32 1 1051.26843749
1 32 8 1 518.85087644
1 32 4 0 532.97983528
8 16 16 0 1588.93693453
1 32 32 1 1146.07026642
32 16 32 1 2322.26371927
8 16 32 1 1540.78370581
1 32 8 0 1164.47837956
16 32 2 0 1944.71720827
2 32 16 1 715.896618072
16 16 32 0 2050.00662036
1 32 1 0 469.409018644
16 16 1 1 1987.36667117
4 16 16 0 1016.76616504
8 32 8 1 1411.75742903
4 16 1 0 1120.08460396
2 16 8 1 857.103480878
8 32 1 0 1366.15799006
4 32 4 0 1117.53699703
2 16 2 0 709.020916911
32 16 1 1 2354.46606417
8 32 2 0 1432.13230891
16 16 16 1 1955.90719285
2 32 2 0 619.610830583
8 16 8 0 1630.41872933
4 16 8 0 1023.9687575
4 16 2 1 1221.18715606
8 32 8 0 1558.43185825
16 16 4 1 1882.12373215
1 32 1 1 978.016494027
16 16 8 0 2003.28832951
32 16 16 0 2416.57517433
8 16 1 1 1610.09030234
2 16 2 1 834.404906798
32 16 4 0 2545.27394794
32 16 32 0 2048.26805757
32 16 8 1 2384.62727051
8 16 4 0 1472.14512239
32 16 1 0 2665.27461097
1 32 16 0 513.634709273
2 32 4 0 706.014540538
2 32 1 0 646.532586943
4 16 4 1 1052.64355419
8 32 16 1 1386.5691494
8 16 32 0 1245.71070491
4 16 32 0 1058.48548793
4 32 2 0 896.670137526
2 32 32 0 748.796612446
16 16 32 1 1847.97860635
8 16 2 0 1550.78651711
8 32 32 0 1407.09803448
2 32 8 1 733.87082929
16 32 32 0 1840.86882845
32 16 2 0 2424.31951881
16 32 2 1 1862.33850413
4 32 1 1 983.791328997
2 32 4 1 779.03292541
4 16 2 0 1264.05546007
4 16 4 0 1050.67146579
16 16 1 0 1873.35057217
4 32 2 1 1100.74771212
2 16 4 1 760.980133232
8 32 2 1 1330.97053727
32 16 2 1 2594.68114208
32 16 8 0 2606.79888838
1 32 32 0 602.11076836
8 16 1 0 1502.75908171
1 32 16 1 1160.01701402
2 16 32 1 835.564183443
4 32 1 0 1073.91266451
1 32 2 0 1376.86614875
32 16 4 1 2669.11202071
2 32 1 1 785.452715326
32 16 16 1 2188.41799531
2 16 16 1 772.143764401
4 32 32 0 1068.52346993
4 16 16 1 1200.56657341
16 32 1 1 2020.42301353
16 32 1 0 1950.5895384
16 32 8 1 1398.7760033
4 32 16 0 1119.41793794
16 32 16 0 2050.43085911
2 32 16 0 868.699420181
4 32 16 1 1262.12337135
16 16 2 1 1825.50494391
4 32 32 1 1127.99613054
8 32 4 0 1472.72517709
8 16 4 1 1641.71273361
16 32 16 1 2024.32994341
2 32 2 1 710.414005115
2 16 8 0 700.252191879
4 32 8 1 982.278052907
8 32 1 1 1425.52361264
2 16 1 0 775.957172261
16 32 8 0 2090.23724648
16 16 4 0 1956.84124288
16 16 16 0 1897.55703381
8 16 2 1 1465.17790424
2 32 8 0 814.541130907
2 16 4 0 768.538714367
2 16 16 0 714.417445389
2 16 32 0 754.83256598
1 32 4 1 1130.49260568
16 16 8 1 1834.67600989
2 32 32 1 784.832235043
4 32 4 1 1072.9212673
8 16 8 1 1464.38131959
8 32 4 1 1560.21053813
16 16 2 0 1970.39987651
8 32 32 1 1410.51377344
8 16 16 1 1437.76877429
16 32 4 1 1801.26817392
16 32 4 0 1953.03287854
8 32 16 0 1382.72319881
4 1 8 1 1374.00188059
1 1 16 1 1598.39531837
2 1 16 0 955.554830542
4 2 32 0 1496.28492934
2 1 4 1 870.512249805
32 1 1 0 2502.15694542
2 1 8 1 850.563504656
32 1 16 1 1993.67795194
16 2 16 0 2433.41350672
16 1 16 0 1920.97702833
2 2 2 0 1037.74147258
32 1 8 0 2708.36270845
16 2 1 0 2589.99070687
4 2 8 0 1226.34896052
4 2 4 1 1393.74352856
32 2 8 1 2573.43000137
16 2 16 1 2342.10055395
16 2 4 1 2433.54484582
16 1 4 1 1850.6143883
32 32 16 0 2506.04892355
32 2 1 1 3406.63784188
1 2 2 1 1573.12093429
8 2 2 1 2085.99221551
32 2 16 1 2061.1400642
8 1 32 1 1563.00980311
4 1 2 1 1228.06489275
16 1 4 0 2268.33665752
32 32 16 1 2282.12968528
8 1 2 1 1969.68688062
1 2 4 0 1131.96908485
32 2 2 1 3148.3647296
4 1 16 1 1342.25048047
1 2 16 1 765.098830394
2 2 32 0 883.789190919
2 2 32 1 1039.07026975
32 32 8 1 2371.11284878
32 32 2 1 2481.26551433
16 1 1 0 2370.96743773
2 2 4 0 965.361435908
8 1 1 0 1772.85301322
16 2 8 1 2350.85748826
8 2 1 1 1549.40616189
16 2 8 0 2263.22818621
8 2 1 0 1730.08346323
4 1 1 0 1350.40548627
8 2 16 0 1934.92084096
1 2 16 0 1490.12547076
2 2 2 1 1046.91700032
32 1 32 1 1258.44438221
1 1 1 1 777.746367664
16 1 16 1 2335.23165113
1 1 2 1 963.961396074
4 2 16 0 1007.20952945
8 1 1 1 1621.73428039
2 2 8 1 1046.56548047
32 32 4 0 2587.02341205
32 1 32 0 1617.33701455
32 1 16 0 1890.84024538
16 1 8 1 2255.05071812
32 32 2 0 2520.96064997
4 1 2 0 1186.32859456
8 2 16 1 1895.6746172
32 1 1 1 2433.44534306
1 1 32 1 1151.35733484
1 2 8 0 1550.86477783
8 2 4 0 1781.55908945
4 1 4 1 1211.02143687
4 2 1 1 1330.45747751
4 2 16 1 1061.94915409
1 2 8 1 1646.69323586
2 1 32 1 806.304043511
2 1 8 0 871.149201977
1 2 32 0 1368.71397541
8 1 16 0 1629.73034824
32 2 8 0 2883.98131706
8 2 8 0 1719.57309745
16 1 32 0 934.493530768
32 2 4 0 3010.00646802
1 1 2 0 717.478912392
32 32 4 1 2518.53768618
2 1 2 1 732.908122399
16 2 32 0 1933.43936049
1 2 32 1 1064.24487381
32 2 2 0 3613.04171739
32 1 4 0 2968.31462531
1 2 4 1 1082.5435036
32 32 1 1 2108.74980432
16 2 2 1 2492.16859733
32 32 8 0 2378.14257723
2 1 1 1 921.930654066
1 1 32 0 1470.60032885
4 1 1 1 1259.03949106
32 32 32 1 2145.19731942
8 2 8 1 1969.05032853
32 1 4 1 2211.07903108
8 1 8 1 1748.4672221
4 2 2 0 1554.01920119
4 1 32 1 1260.25994985
16 1 32 1 1377.74812894
8 1 16 1 1642.0474535
1 1 1 0 913.765016525
4 2 32 1 1274.97454871
8 2 4 1 1825.5319341
4 2 1 0 1575.5505733
4 2 4 0 1431.88463001
4 1 32 0 1206.91544484
2 2 16 0 219.475603431
32 1 8 1 2695.37103243
2 2 8 0 220.045914197
16 2 4 0 2622.71931031
8 1 8 0 2005.8858255
32 2 4 1 3002.86192381
2 1 16 1 765.94185049
16 1 2 1 2058.25888395
1 1 8 1 1596.82868972
4 1 16 0 1181.75938731
16 1 1 1 2345.31600351
1 2 1 0 933.530887074
8 1 4 0 1777.57258412
1 2 1 1 822.975988225
8 1 4 1 1902.46376723
1 1 4 0 718.246865992
4 1 8 0 1382.64704251
2 1 32 0 883.819611712
8 1 32 0 1329.32751952
32 32 1 0 2517.81876331
8 2 32 1 1745.01908712
32 1 2 1 3021.79922389
32 2 1 0 2699.80472803
32 32 32 0 2019.73326949
16 2 1 1 2178.74950455
4 2 8 1 1379.06201616
1 1 8 0 1523.21511486
4 2 2 1 1292.41856802
2 1 4 0 928.945315094
2 2 1 0 956.84479613
16 1 2 0 2278.57417096
1 1 16 0 847.999421366
2 2 1 1 956.320655883
16 1 8 0 1737.19375686
2 1 2 0 857.886756642
16 2 32 1 1607.05065831
1 2 2 0 1523.12899058
2 2 4 1 1040.40547437
8 2 32 0 1674.63429123
2 2 16 1 1310.64598963
2 1 1 0 965.55051533
8 1 2 0 1891.71746283
8 2 2 0 1778.64162017
16 2 2 0 2105.18033639
1 1 4 1 1313.11151927
4 1 4 0 1295.83255883
32 1 2 0 2200.37418535
4 4 32 1 1075.95207718
1 8 16 0 738.579273661
16 4 16 1 2081.33311192
1 4 1 1 917.4592926
32 8 8 0 3226.4556261
32 8 1 1 3491.3479425
2 8 32 1 220.304057486
8 4 16 0 1907.65436931
8 8 16 1 1731.05431279
4 4 2 0 1293.88943899
16 4 16 0 2392.60884669
1 8 32 1 1359.55090736
32 4 1 1 3378.84088763
2 4 2 1 1119.37401581
8 8 4 1 2117.91227013
4 8 8 0 1457.09888927
32 4 32 1 1894.66204361
16 8 4 0 2835.79215239
1 16 4 0 1475.4116693
1 8 4 0 861.147051543
2 4 32 1 866.974380008
1 4 1 0 1067.78529906
8 8 32 0 1670.92684829
2 8 2 0 1182.74327347
4 8 1 1 219.62662089
1 16 2 0 912.871623833
1 16 1 1 971.815110045
4 8 2 1 219.656651695
4 8 32 1 1296.1950245
1 8 8 0 1978.1468763
8 4 32 0 1921.87647179
4 8 1 0 219.882079935
4 8 32 0 1348.81828422
4 8 16 1 1405.59835866
2 4 16 0 1105.59495692
1 16 4 1 1147.51604289
1 4 2 0 1086.64698168
2 8 8 1 219.514269895
1 8 8 1 947.472323923
4 8 4 0 218.958401613
8 8 1 0 2140.72789939
2 8 1 1 1093.16226052
8 4 1 1 1861.80287619
32 8 4 1 3322.38311934
4 4 1 1 1305.77000075
1 4 32 0 1448.69544544
16 4 8 1 2571.5075872
2 4 1 1 1223.84627867
8 8 2 1 1870.69591601
8 4 8 1 1706.20076026
2 4 16 1 876.0974555
8 8 4 0 2045.93396618
16 8 2 0 2657.34349137
16 4 4 0 2544.81820838
2 4 32 0 1019.53318072
1 8 1 0 680.897907173
32 8 32 1 1551.95556529
1 16 16 0 1698.58607153
16 8 1 1 2718.81656605
8 4 16 1 1733.66427299
32 4 32 0 1929.92906806
16 4 8 0 2026.03241417
8 8 2 0 1879.95718931
1 4 8 1 618.760683794
1 16 16 1 1390.86490332
16 4 1 0 2880.64738042
4 8 2 0 220.403418028
2 8 4 1 1194.12304823
4 4 32 0 1087.07120039
8 8 1 1 2197.73767088
16 8 2 1 2621.16154319
2 8 16 1 220.017294531
32 8 16 1 2726.94867792
4 4 4 0 1429.10840237
2 4 4 1 1085.0003179
2 4 1 0 1122.15938101
32 4 4 0 3545.82851187
16 8 8 1 2349.46890678
32 4 8 0 2842.06388423
16 8 32 0 1702.01497079
8 4 1 0 2084.31751928
16 8 1 0 2808.02045631
1 8 1 1 1282.02737318
16 4 32 1 1527.7587196
16 8 16 0 2652.18090093
2 8 1 0 1125.17364052
1 4 8 0 1095.23598994
2 4 4 0 1098.17576789
32 2 32 1 1791.9941348
1 4 2 1 1203.40320731
1 4 4 0 1494.95001342
4 8 16 0 1495.21104138
16 8 8 0 2556.54353285
1 8 32 0 1668.9911673
4 4 1 0 1327.88646097
32 4 2 0 3458.72093132
8 4 2 0 1870.13705126
8 4 32 1 1856.7448494
4 8 8 1 1525.38043412
32 4 2 1 3688.05279483
32 4 4 1 3384.98382964
32 2 32 0 1563.72959758
1 16 2 1 794.075182776
1 4 16 1 1187.13172485
8 8 32 1 1623.89698465
2 8 16 0 1096.62044668
32 4 1 0 3074.89753612
4 4 8 0 1529.56713221
2 4 2 0 909.1799085
1 16 1 0 1065.97250391
2 8 8 0 995.259383125
4 4 8 1 1384.82514103
32 8 4 0 3156.56457917
32 8 2 1 3089.03979286
1 4 32 1 547.747522957
8 8 8 1 2196.32516963
8 4 4 1 2129.99134414
16 4 2 1 2935.60079306
32 8 1 0 3296.47903232
1 8 2 0 1344.69793693
4 4 16 1 1311.75640811
32 2 16 0 2200.06980025
2 4 8 0 402.642031708
4 4 16 0 1618.00890101
16 8 4 1 2758.6343673
2 4 8 1 1199.37445046
4 8 4 1 219.714632263
32 8 32 0 1610.38376018
16 8 32 1 1693.43739674
4 4 2 1 1459.31839566
8 8 16 0 1826.73479175
16 4 32 0 1486.8176283
2 8 2 1 1225.49957223
4 4 4 1 1495.70708836
1 4 4 1 1882.29304632
16 4 2 0 2482.25001815
32 4 16 1 2033.85754808
1 16 8 0 931.286683203
8 4 8 0 1857.95579043
32 8 2 0 3608.32236804
32 4 8 1 3417.37784671
1 4 16 0 1324.2527973
1 8 16 1 1269.69961315
1 8 2 1 1348.40806456
16 4 4 1 2837.68846934
16 8 16 1 2291.06279001
32 8 8 1 2848.7804243
1 16 8 1 941.990586077
8 8 8 0 1553.98334571
8 4 4 0 2236.25797555
16 4 1 1 2604.59178983
2 8 32 0 941.161158187
1 8 4 1 1560.54188289
2 8 4 0 418.108033484
8 4 2 1 2072.68052722
32 8 16 0 2737.39836078
32 4 16 0 2391.90745516
32 16 2 0 2963.65085025
8 32 8 0 2051.64574491
2 32 4 1 962.731768126
