32 1 4 1 743.062897416
1 2 16 0 887.173121395
8 1 16 0 768.450294716
1 1 16 0 452.177496932
8 1 32 1 762.859936613
8 1 8 1 765.293381244
2 1 1 0 767.20139605
32 1 8 0 716.534717713
1 2 1 0 771.200885017
8 1 2 0 774.11205201
1 2 32 1 1149.81432134
8 1 16 1 762.657796236
4 1 32 1 776.661895122
4 1 2 0 770.929157691
16 1 16 1 747.783293189
4 1 2 1 762.508446139
2 1 32 1 616.039674943
32 32 8 0 747.824788359
2 1 32 0 775.673746888
1 2 2 0 456.80727692
2 1 4 1 1003.77848647
8 1 4 0 770.804601133
32 32 8 1 730.540775216
2 1 16 1 771.614932025
2 1 8 1 626.160169196
8 1 4 1 754.429269003
16 1 32 0 739.309603352
32 1 1 0 740.554082452
1 1 1 1 1245.3866633
4 1 32 0 700.254489335
16 1 2 1 716.467568656
32 1 2 1 717.117182333
4 1 4 0 769.445238717
1 1 32 1 1020.37977034
32 1 1 1 722.982579226
32 32 16 0 742.423287801
32 1 16 0 746.873126794
8 1 32 0 755.357916525
16 1 1 1 738.739883981
2 2 1 1 1200.23004266
2 2 2 0 1278.63194552
4 1 4 1 769.036876187
32 32 32 1 740.535938292
1 1 1 0 474.809544149
1 1 2 0 866.531402912
32 32 16 1 713.467711763
2 2 1 0 759.285667781
1 2 4 1 468.258518829
2 1 4 0 778.257706462
1 1 8 0 1073.77801067
2 1 16 0 929.949494455
1 2 1 1 1558.98614673
4 1 8 0 760.156245722
16 1 8 1 758.359959625
1 2 4 0 472.940060665
4 1 8 1 775.921614885
32 1 4 0 735.243839933
16 1 2 0 713.679940742
8 1 1 1 770.933245415
1 1 8 1 454.647947046
32 1 16 1 723.572652552
1 2 8 1 1132.27316078
2 1 2 0 762.291679567
1 2 32 0 503.517904052
8 1 1 0 766.08633602
1 1 2 1 1089.39171112
2 2 4 1 775.037288025
2 2 8 1 773.79956173
32 1 2 0 729.892531169
8 1 8 0 773.343611062
1 1 32 0 1178.72149626
32 1 32 0 751.741049267
4 1 1 1 776.463548666
32 32 2 0 731.982834253
1 1 4 1 926.819134159
16 1 4 1 748.30259955
16 1 16 0 757.047205695
32 32 4 1 746.439891687
16 1 8 0 750.836160682
1 2 2 1 372.40950588
2 1 8 0 916.33773946
32 1 32 1 742.913365918
4 1 16 0 766.939110365
32 1 8 1 740.54093072
4 1 1 0 774.62238309
2 2 2 1 759.635501277
1 1 4 0 548.949634386
1 2 8 0 1019.4836384
16 1 4 0 762.713909709
2 1 1 1 1082.21056601
32 32 32 0 745.188715209
4 1 16 1 765.729865434
16 1 32 1 751.636684583
8 1 2 1 749.900370357
2 2 4 0 1237.53339669
1 2 16 1 1530.76930854
1 1 16 1 523.393441164
32 32 4 0 687.904957219
16 1 1 0 750.965273822
2 1 2 1 912.762577905
16 4 16 0 758.199716825
32 4 4 1 737.833956628
4 4 1 0 768.386650319
2 2 16 0 769.844858745
2 8 32 1 1214.64389159
1 8 2 0 476.035173826
32 2 16 0 755.514140092
32 4 16 1 729.165262643
8 2 4 1 775.770662827
8 4 16 1 771.304548331
4 4 8 0 782.384193821
8 2 16 1 773.883808563
2 8 1 0 769.257287014
16 2 2 1 742.971590446
4 2 1 0 775.323387744
1 4 2 1 1757.9151564
32 4 16 0 734.550930766
16 4 8 0 752.077918718
4 4 16 1 766.768169293
1 8 1 1 1564.29262496
1 4 16 1 1623.22130734
32 4 1 1 750.548996349
4 2 2 0 777.186623174
4 4 4 1 779.987841882
2 8 8 0 777.490722632
32 2 8 1 754.958564339
2 8 16 0 776.748415589
4 2 8 1 777.934640868
2 2 16 1 1262.18305155
8 4 16 0 772.619866478
16 2 4 1 752.612844326
2 2 32 0 783.213960133
32 4 2 1 749.228778692
8 2 1 0 767.853545479
1 8 32 0 1376.21166752
1 4 8 0 1174.97413232
8 4 4 0 744.853513054
32 2 32 0 739.021845212
8 4 8 1 768.632129896
4 2 32 1 772.561935823
1 4 8 1 454.34889394
32 2 4 1 761.632988428
4 8 1 1 770.113828147
2 8 2 1 1543.79222043
16 2 32 1 757.63259726
1 8 8 1 782.949174295
8 2 2 0 772.168566927
1 8 4 0 1066.22232798
32 2 8 0 736.160311588
8 4 2 0 762.52766134
1 4 32 1 897.530421467
16 2 16 1 744.419455982
2 4 32 1 1091.85309024
16 2 32 0 751.76853385
16 2 8 0 761.059498609
4 4 2 1 777.472764095
32 4 8 0 735.419424834
2 4 2 0 1316.57158014
16 2 8 1 757.05385373
16 4 32 0 748.974592096
32 4 8 1 739.063469942
16 4 1 1 759.556807584
2 8 4 0 760.687482927
8 4 8 0 751.081569835
4 2 16 0 763.112079463
16 4 1 0 737.612294778
2 4 4 0 1267.36675457
8 2 32 1 759.669491656
2 8 4 1 1566.75703268
2 4 8 1 667.130441411
16 2 1 1 767.607462632
4 2 2 1 775.883589636
32 2 4 0 744.068172048
16 4 2 0 730.681227614
2 8 1 1 1413.48328664
1 8 16 0 1142.9776535
8 4 1 1 767.149514865
32 4 32 1 722.69601063
16 4 4 1 744.844964289
4 4 16 0 767.561537357
32 4 1 0 738.252036136
1 8 16 1 1528.48702591
32 4 4 0 743.514321978
8 2 32 0 760.966509117
2 4 2 1 775.574625538
4 2 8 0 774.855563736
8 4 1 0 742.599476252
2 8 2 0 778.479887916
4 8 2 1 770.030944029
16 2 16 0 766.268601602
2 2 32 1 1119.94472379
8 4 2 1 765.887754157
16 2 1 0 746.81655649
16 2 2 0 761.217323421
32 2 1 0 750.85084889
4 4 4 0 771.413368695
16 2 4 0 758.13806945
4 2 16 1 772.376725544
8 2 16 0 776.83806617
2 4 16 1 764.361787187
1 4 32 0 833.664051655
8 2 1 1 766.695753726
16 4 8 1 720.12311704
32 2 1 1 744.087497791
2 8 8 1 1501.4973048
32 2 16 1 750.150372134
4 4 8 1 775.707910026
2 8 32 0 735.693772967
1 4 1 1 768.933243301
1 8 8 0 482.344363099
4 4 32 0 778.956764796
2 4 4 1 756.330264054
4 4 2 0 782.43715835
16 4 32 1 766.03623686
8 2 8 1 775.593941891
4 4 32 1 772.006587917
1 4 4 0 737.573075275
1 8 32 1 497.283780776
16 4 4 0 749.847752332
2 4 16 0 773.034203438
1 8 2 1 850.118774091
8 4 4 1 764.421229183
2 2 8 0 1098.10121947
4 4 1 1 771.083599728
8 2 2 1 776.759232355
2 8 16 1 1585.33223564
1 4 1 0 500.539083488
32 2 2 0 756.548794313
4 2 32 0 754.652867676
8 2 4 0 778.81174716
4 2 4 1 767.310092475
2 4 8 0 1346.28565882
16 4 2 1 767.81618883
32 2 2 1 713.359259527
1 4 4 1 1048.09762663
4 2 1 1 775.355652793
2 4 32 0 766.882064029
8 4 32 1 752.546869909
1 8 4 1 1116.1508427
16 4 16 1 745.916725544
1 4 2 0 1162.75023675
2 4 1 1 779.728915793
4 2 4 0 776.990980144
32 2 32 1 742.855266151
1 8 1 0 1138.57590621
2 4 1 0 1217.08980082
8 2 8 0 751.969726702
1 4 16 0 1608.35578454
8 4 32 0 766.606053276
4 8 1 0 779.721942825
32 4 32 0 730.162738152
32 4 2 0 735.593506215
32 16 2 0 644.301878849
32 8 16 0 748.922751636
8 16 32 1 670.256419374
32 8 2 1 753.335817594
16 8 4 0 762.700262508
8 16 2 1 711.236774106
2 16 32 1 886.501017904
2 16 8 1 1399.55553762
4 32 8 1 645.297021698
8 8 8 0 749.611487771
16 8 4 1 747.060142499
16 8 16 0 749.977460783
2 32 4 0 781.304709097
32 8 1 0 756.789644871
32 16 1 1 599.706957453
1 16 16 1 470.555755838
32 8 4 0 739.709411353
1 32 8 1 328.864617945
4 32 16 1 672.289144548
32 16 16 0 640.227560298
1 16 8 1 1334.42441778
1 32 4 0 478.416784312
4 16 4 1 764.032146799
4 8 2 0 768.628058285
32 16 16 1 613.504930427
8 8 2 0 739.146382387
16 16 2 1 634.677603425
32 16 2 1 622.623158215
8 8 8 1 773.024096782
1 32 32 0 566.36683433
8 16 4 0 632.829528953
2 16 8 0 779.656723443
4 32 32 0 673.245275386
32 8 4 1 728.782869927
2 32 32 1 648.348049293
16 16 1 0 625.23276144
4 8 4 1 778.439371034
1 32 16 1 402.364082455
16 8 16 1 773.151487233
2 32 16 0 597.69291444
32 8 16 1 725.743914341
32 16 32 1 644.577811954
4 8 32 1 773.063523138
2 32 1 1 878.780661591
32 8 2 0 749.429744085
8 32 2 0 662.949369669
32 16 1 0 643.741089435
16 8 8 1 737.771130675
32 16 8 0 651.981993974
1 32 1 0 670.254277221
8 16 1 1 772.793777325
1 32 16 0 345.715162933
1 16 4 1 1238.98127363
32 8 8 1 736.417340695
1 16 1 0 577.751630682
1 16 2 1 479.996241434
32 8 32 1 725.933276911
4 16 8 1 768.913519456
8 8 32 0 767.703432618
1 32 32 1 326.139069975
1 32 4 1 569.515804434
2 16 1 0 1521.38366922
4 16 8 0 745.033596834
4 8 8 1 764.839903025
1 16 8 0 590.847711374
8 8 4 1 773.383457163
2 16 16 0 772.493456996
4 32 32 1 664.021027181
16 16 32 0 597.156793191
8 32 2 1 620.932703987
8 32 1 0 663.623349137
2 32 2 0 900.673730361
8 16 2 0 668.633282831
16 16 2 0 629.71777635
32 16 32 0 613.5724446
32 8 32 0 730.102212075
2 32 4 1 425.120911018
8 8 2 1 748.642127529
32 16 4 1 643.414007555
4 16 1 1 769.580834504
16 8 1 0 750.104926781
4 8 4 0 760.490240876
4 32 16 0 669.208025044
16 8 2 1 751.171686054
4 8 16 1 778.805999434
32 16 8 1 625.827915288
4 16 32 1 770.203343148
8 8 16 1 765.054485556
8 8 4 0 773.851596177
2 32 16 1 482.392125767
32 8 8 0 736.796655966
2 16 2 1 601.121603839
1 32 2 0 730.112155913
16 16 4 0 595.91209617
16 8 32 0 735.79220148
16 8 32 1 760.918295997
2 32 2 1 369.099425044
16 16 4 1 652.797425032
2 16 32 0 752.849566513
4 32 8 0 659.524262798
16 8 8 0 742.527802638
16 16 32 1 618.853455075
8 8 1 1 775.470021349
1 16 2 0 1520.65251321
32 8 1 1 747.027944151
16 16 1 1 622.858006757
4 16 2 0 756.471945944
1 16 4 0 560.053066833
1 32 8 0 523.412484536
2 16 1 1 758.107210716
4 16 4 0 774.641741456
8 16 16 0 671.469972417
2 16 2 0 1399.27968599
8 16 32 0 564.45173581
1 32 1 1 761.719921189
8 16 1 0 697.267321465
16 16 16 0 589.986334727
8 8 1 0 762.128521484
8 16 16 1 655.099022128
4 8 16 0 754.248326419
2 32 32 0 516.699488014
2 32 1 0 1086.07097054
2 16 4 0 1644.30745746
8 32 1 1 622.313251293
16 16 16 1 662.941324627
8 16 8 0 659.851368389
16 16 8 0 668.106129024
1 16 32 1 1758.18378983
16 8 1 1 729.075613754
2 16 4 1 774.056812996
4 32 2 1 623.931564905
4 16 16 1 758.148984355
4 8 8 0 778.635922093
4 32 2 0 645.944273902
2 32 8 0 743.879381221
4 32 4 1 654.352174856
8 8 16 0 767.127539421
4 8 32 0 703.724965618
8 8 32 1 769.764452335
4 32 4 0 668.523392613
1 32 2 1 430.808175381
16 16 8 1 645.469241788
8 16 4 1 712.432472198
32 16 4 0 628.012326078
4 16 16 0 764.317340291
4 32 1 1 668.385869475
16 8 2 0 746.68404982
2 16 16 1 779.580058833
1 16 16 0 1569.55431166
4 16 1 0 760.35304263
4 16 2 1 753.766577337
8 16 8 1 599.518383819
2 32 8 1 493.893166294
4 32 1 0 616.957378844
1 16 1 1 1204.39800817
1 16 32 0 668.587373243
4 16 32 0 774.123696821
