32 1 8 1 2377.29737702
1 4 2 0 1367.07933583
4 8 1 1 1058.5691297
4 8 8 0 1027.14471726
1 8 16 1 1324.7408533
16 4 8 0 1903.52596444
8 4 8 0 1504.89788076
32 4 2 1 2653.483498
8 4 16 1 1555.86636309
4 4 32 1 1276.38831806
2 8 16 1 672.18703373
2 4 16 0 800.059231125
16 8 4 0 1993.83031409
1 4 2 1 1169.68765833
1 8 8 1 1295.50671377
1 4 8 1 1159.43049439
32 4 32 0 2259.62770784
4 4 1 1 1106.72288994
4 4 32 0 1060.39840352
4 4 4 0 986.678947689
2 4 1 1 701.040246971
1 4 8 0 1344.81717305
32 2 32 0 2080.80302381
4 4 8 0 1068.21395471
2 8 32 0 765.38793262
2 8 2 0 657.50884461
4 8 32 0 1086.82276868
1 4 1 0 923.418353983
32 2 32 1 1987.89230098
1 4 1 1 291.531907746
4 4 2 1 1364.3018451
2 8 32 1 804.861248328
1 4 32 0 1329.48605991
8 4 32 1 1522.2956581
8 8 4 0 1672.50042875
4 8 1 0 1217.50016764
32 2 16 0 2498.52511613
8 4 8 1 1559.11395216
16 8 4 1 2036.25171822
32 4 4 0 2490.6185675
1 8 2 0 1333.21029693
2 4 4 1 696.964309047
2 4 32 1 673.172962538
8 8 32 1 1479.71227371
4 4 1 0 1086.14732335
4 8 2 0 908.786272514
2 8 1 0 702.82026345
32 4 1 0 2396.13595667
32 4 4 1 2669.00251339
8 8 1 1 1503.13404462
16 8 2 1 1856.8012636
32 4 1 1 2321.5869973
32 2 4 1 1935.77454642
1 8 4 0 948.763166618
16 4 16 0 1903.57388941
8 8 16 0 1572.42664837
8 8 1 0 1472.44458429
16 4 4 0 2239.65564114
2 8 4 0 697.878303173
4 8 32 1 1108.18222919
1 8 16 0 1325.56938614
8 8 16 1 1594.781439
2 4 1 0 701.241195063
1 8 4 1 318.2814163
4 4 2 0 1302.68048101
1 8 32 1 432.919620317
16 4 16 1 2034.27059016
1 8 1 1 1047.29517001
8 8 2 0 1591.32692404
8 4 16 0 1693.90942066
1 4 16 0 1116.08120393
1 8 2 1 801.192514231
2 8 2 1 689.413865721
32 4 16 1 2076.84950665
16 8 1 1 1982.15468244
16 4 8 1 1983.13366639
1 8 32 0 890.6126208
1 8 1 0 491.752080315
8 8 8 1 1441.96101427
8 4 2 0 1347.65219915
1 8 8 0 1340.41634196
4 4 8 1 1037.13830615
16 8 2 0 2105.03982604
2 4 2 0 871.277246024
16 4 2 1 1942.10771199
32 2 4 0 2386.32987366
16 4 4 1 1565.49643192
32 4 16 0 2343.69585844
32 2 8 1 2724.13288809
4 8 4 1 1027.18285146
4 8 16 1 760.949384013
8 8 8 0 1492.85751034
8 4 4 1 1351.12224013
32 2 8 0 2602.48776386
16 8 32 1 1900.68198451
8 8 2 1 1558.50576226
2 4 4 0 699.123980781
2 4 8 0 741.769638897
8 4 2 1 1550.17459301
16 4 32 0 1857.4873449
2 8 4 1 761.269623482
2 4 16 1 877.675705629
8 4 1 0 1581.07273906
2 4 2 1 741.886770089
16 8 16 0 1972.73735592
16 8 8 1 2042.61139133
4 4 16 1 1303.15103379
4 8 8 1 1121.21419686
16 4 2 0 2024.60031794
1 4 4 0 1221.58657801
8 4 32 0 1529.47341798
8 4 1 1 1522.30909784
2 8 16 0 692.359187476
4 4 4 1 1023.39434536
32 2 16 1 2313.05781858
4 4 16 0 1090.67619733
1 4 16 1 1267.67490756
32 4 32 1 1997.98059071
4 8 16 0 857.907563445
1 4 32 1 1444.90199257
2 8 1 1 802.283820124
2 8 8 0 747.147486536
2 4 32 0 713.627920529
4 8 4 0 1014.15179571
32 4 8 0 2547.43275697
16 4 32 1 2041.91996115
2 4 8 1 1008.66149542
8 8 32 0 1609.05687594
16 8 8 0 1972.19550522
16 8 16 1 1721.10817023
16 4 1 1 2028.66736755
1 4 4 1 983.760992056
8 4 4 0 1458.92015357
4 8 2 1 997.133990692
8 8 4 1 1465.6409912
16 8 1 0 2167.58792204
32 4 2 0 2507.98552005
16 4 1 0 1920.8197142
32 4 8 1 2562.13372571
2 8 8 1 667.228260948
4 32 8 0 1096.08735159
4 16 1 1 1085.37333867
1 32 2 1 934.686780398
4 16 8 1 1172.40169305
4 16 32 1 1061.93350492
1 32 8 1 1063.33753192
1 32 4 0 623.582668825
8 16 16 0 1456.88863015
1 32 32 1 768.389071875
32 16 32 1 2217.91245851
8 16 32 1 1430.06058784
1 32 8 0 596.931188234
2 32 16 1 716.749081282
16 16 32 0 1670.9630273
1 16 16 0 1200.31099979
1 32 1 0 1004.0068591
16 16 1 1 1856.00156468
32 8 16 1 2179.09362326
4 16 16 0 1081.07382867
32 8 2 0 2590.78446587
8 32 8 1 1510.13257659
4 16 1 0 913.745015315
2 16 8 1 715.061945286
8 32 1 0 1452.59951141
4 32 4 0 1150.53071884
2 16 2 0 703.092956258
32 16 1 1 2244.5631142
8 32 2 0 1579.00158577
16 16 16 1 1931.28199685
2 32 2 0 767.483855083
8 16 8 0 1583.80946104
4 16 8 0 969.870453372
4 16 2 1 943.356945562
8 32 8 0 1605.83267012
16 16 4 1 2000.04013658
1 16 1 0 730.622995269
1 16 2 1 1189.57329107
1 32 1 1 1006.76593139
16 16 8 0 1860.95455765
32 16 16 0 2293.79333137
8 16 1 1 1496.04926643
2 16 2 1 707.944173263
32 16 4 0 2563.10429318
32 16 32 0 2187.72453263
1 16 1 1 1016.48083591
32 16 8 1 2257.23292198
8 16 4 0 1581.11366981
32 16 1 0 2493.45299775
1 32 16 0 463.941726919
32 8 2 1 2535.33880005
2 32 4 0 651.677238441
2 32 1 0 657.116839304
4 16 4 1 1074.83391273
8 32 16 1 1455.73723949
8 16 32 0 1393.76941085
1 16 8 0 643.168683567
4 16 32 0 1247.87866733
4 32 2 0 1216.00060627
2 32 32 0 795.872341539
16 16 32 1 1898.53467055
8 16 2 0 1602.43192181
32 8 16 0 2202.05108763
8 32 32 0 1626.93624441
2 32 8 1 676.278724197
32 16 2 0 2459.82454694
4 32 1 1 1076.58732852
2 32 4 1 688.89537341
32 8 4 1 2309.85521802
1 16 4 1 1185.57216614
32 8 1 1 1881.19150029
4 16 2 0 1173.64970862
4 16 4 0 1021.50075698
16 16 1 0 1949.18783417
1 16 4 0 1341.4872241
4 32 2 1 1127.63053938
2 16 4 1 721.350764
8 32 2 1 1406.69944519
16 8 32 0 1841.86024585
32 16 2 1 2427.05581265
32 16 8 0 2285.3054
1 32 32 0 915.907203747
8 16 1 0 1634.70407091
1 32 16 1 957.453492114
2 16 32 1 828.713726479
4 32 1 0 954.055072404
32 8 4 0 2410.25644035
1 32 2 0 593.156453553
32 16 4 1 2202.55343563
2 32 1 1 763.311136022
32 16 16 1 2182.5838041
1 16 2 0 1186.97792335
2 16 16 1 787.204064058
4 32 32 0 1050.19529407
4 16 16 1 1148.32737122
16 32 1 1 1769.78589278
32 8 8 1 2514.56183021
16 32 1 0 2013.73035235
4 32 16 0 1140.4239579
32 8 1 0 2535.9965395
2 32 16 0 857.146604223
4 32 16 1 1139.28461311
16 16 2 1 1888.13424193
4 32 32 1 1098.79476262
8 32 4 0 1594.09485289
8 16 4 1 1513.18804061
2 32 2 1 682.085131819
32 8 8 0 2358.58541647
2 16 8 0 779.276346206
4 32 8 1 974.332809943
1 16 16 1 1186.4693236
32 8 32 1 2356.25242414
2 16 1 1 662.3747781
8 32 1 1 1406.02356916
2 16 1 0 660.961003325
16 16 4 0 2006.99989027
1 16 8 1 1328.04574018
16 16 16 0 1970.35496057
8 16 2 1 1589.18149307
2 32 8 0 695.049953202
2 16 4 0 788.328120754
32 8 32 0 2107.46724418
2 16 16 0 702.837625717
2 16 32 0 788.428420018
1 32 4 1 626.142591929
16 16 8 1 1937.9543014
2 32 32 1 742.731576176
4 32 4 1 986.571575193
1 16 32 1 1301.40073636
8 16 8 1 1519.94750472
8 32 4 1 1518.39017536
16 16 2 0 1917.79142356
8 32 32 1 1607.77379777
8 16 16 1 1338.12056334
1 16 32 0 1334.97218096
8 32 16 0 1545.64668733
16 32 32 1 1714.10002371
16 32 2 0 1276.13125518
32 32 16 0 2366.14139361
32 32 16 1 1878.91425636
32 32 8 1 2050.34107611
32 32 2 1 2201.68504439
32 32 4 0 2321.91472068
32 32 2 0 2462.18668137
16 32 32 0 1549.16730222
16 32 2 1 1894.14378662
32 32 4 1 2408.66981336
32 32 1 1 2159.37794083
32 32 8 0 2456.32737528
32 32 32 1 1694.92611677
16 32 8 1 1674.45482786
16 32 16 0 1984.05610834
16 32 16 1 1880.12833026
32 32 1 0 2588.88144006
32 32 32 0 2381.42957291
16 32 8 0 1893.1470815
16 32 4 1 1915.71954289
16 32 4 0 1585.50992845
32 1 8 0 2076.5840689
8 1 8 0 1928.76709958
16 1 32 1 1839.14429156
2 1 1 1 825.047850501
32 1 4 0 2552.391168
8 1 32 1 1982.98341963
1 1 16 1 1135.51607238
16 1 8 1 2270.16833476
8 1 2 1 1769.20367237
1 2 2 0 1038.72510264
16 1 32 0 2169.75781665
2 2 1 0 773.11630185
2 2 4 0 764.360611126
16 1 4 1 2600.34014402
32 1 1 1 2867.70332762
2 2 16 0 788.916439757
4 1 8 0 1369.60526241
2 1 8 1 904.645409423
4 1 2 1 1166.63300562
4 1 16 1 1325.02275154
32 1 2 0 2535.57697706
2 1 16 1 907.105268054
4 1 1 1 1414.28802626
2 1 8 0 841.333763835
16 1 16 1 2643.43244964
8 1 32 0 1673.28702101
1 2 16 0 1126.40921799
2 1 16 0 883.680756132
2 1 32 1 1013.77627596
1 2 32 0 794.809967373
1 2 2 1 1199.25573362
1 2 4 0 1150.46758719
16 1 2 0 2528.64436304
1 2 32 1 1194.67469112
4 1 2 0 1176.35872414
2 2 8 0 1076.64482291
2 2 32 1 1198.83361711
1 2 4 1 566.694011279
2 2 8 1 870.841013003
8 1 2 0 1771.50724622
8 1 1 1 1788.26036722
16 1 4 0 2502.36237118
4 1 16 0 1117.38855584
2 1 4 0 927.340043518
1 1 2 0 266.734333566
1 1 4 1 587.242884123
2 1 4 1 919.841744379
8 1 4 1 1816.64299298
1 2 8 0 766.071673207
8 1 8 1 1720.59652785
32 1 32 1 2654.24235397
1 2 1 1 378.427856516
32 1 1 0 2781.51595968
16 1 1 0 2229.1131762
2 2 2 1 1058.4765996
32 1 16 1 2070.5155588
2 2 4 1 976.3464451
4 1 4 1 1340.11287022
1 2 16 1 900.038701093
32 1 16 0 2004.6960111
16 1 2 1 2327.57147279
1 1 16 0 1013.45257145
2 1 1 0 768.68968304
2 2 2 0 868.610531697
4 1 4 0 1229.46909686
1 1 4 0 652.379979128
1 2 8 1 1185.39372827
32 1 32 0 2505.5464483
1 1 8 1 1051.99220087
2 2 16 1 832.649575498
32 1 2 1 2134.40461511
16 1 16 0 2919.46372686
4 1 8 1 1251.32627688
2 1 2 0 809.876623996
32 1 4 1 2654.35476889
4 1 1 0 1474.23535454
1 1 32 1 1252.03034636
1 1 8 0 1032.35627356
4 1 32 1 1344.67860483
1 1 32 0 951.349196093
2 1 2 1 777.898504239
8 1 16 1 1841.9470156
16 1 1 1 1995.78847521
1 1 1 0 239.052929052
8 1 4 0 1734.22101102
16 1 8 0 2430.74639109
4 1 32 0 1240.41171041
8 1 16 0 1563.13997324
2 1 32 0 982.313152639
1 2 1 0 885.29869905
8 1 1 0 1786.59656926
2 2 1 1 753.476160007
