8 1 1 0 1727.9521539
2 2 1 1 755.382009096
32 1 8 1 2457.67148541
4 8 1 1 1058.5691297
4 8 8 0 1027.14471726
1 8 16 1 1324.7408533
16 4 8 0 1903.52596444
32 4 2 1 2653.483498
2 8 16 1 672.18703373
16 8 4 0 1993.83031409
1 8 8 1 1295.50671377
32 4 32 0 2259.62770784
32 8 16 1 2179.09362326
32 8 2 0 2590.78446587
2 8 32 0 765.38793262
2 8 2 0 657.50884461
4 8 32 0 1086.82276868
1 16 1 0 730.622995269
2 8 32 1 804.861248328
1 16 2 1 1189.57329107
8 4 32 1 1522.2956581
8 8 4 0 1672.50042875
4 8 1 0 1217.50016764
16 8 4 1 2036.25171822
32 4 4 0 2490.6185675
1 8 2 0 1333.21029693
1 16 1 1 1016.48083591
32 8 2 1 2535.33880005
8 8 32 1 1479.71227371
4 8 2 0 908.786272514
2 8 1 0 702.82026345
32 4 1 0 2396.13595667
32 4 4 1 2669.00251339
8 8 1 1 1503.13404462
16 8 2 1 1856.8012636
32 4 1 1 2321.5869973
1 8 4 0 948.763166618
16 4 16 0 1903.57388941
32 8 16 0 2202.05108763
8 8 16 0 1572.42664837
8 8 1 0 1472.44458429
16 4 4 0 2239.65564114
32 8 4 1 2309.85521802
1 16 4 1 1185.57216614
32 8 1 1 1881.19150029
2 8 4 0 697.878303173
4 8 32 1 1108.18222919
1 8 16 0 1325.56938614
8 8 16 1 1594.781439
1 8 4 1 318.2814163
1 16 4 0 1341.4872241
1 8 32 1 432.919620317
16 8 32 0 1841.86024585
16 4 16 1 2034.27059016
1 8 1 1 1047.29517001
8 8 2 0 1591.32692404
1 8 2 1 801.192514231
2 8 2 1 689.413865721
32 4 16 1 2076.84950665
16 8 1 1 1982.15468244
16 4 8 1 1983.13366639
1 8 32 0 890.6126208
1 8 1 0 491.752080315
32 8 4 0 2410.25644035
8 8 8 1 1441.96101427
1 8 8 0 1340.41634196
1 16 2 0 1186.97792335
16 8 2 0 2105.03982604
16 4 2 1 1942.10771199
16 4 4 1 1565.49643192
32 8 8 1 2514.56183021
32 4 16 0 2343.69585844
4 8 4 1 1027.18285146
4 8 16 1 760.949384013
8 8 8 0 1492.85751034
16 8 32 1 1900.68198451
32 8 1 0 2535.9965395
8 8 2 1 1558.50576226
16 4 32 0 1857.4873449
2 8 4 1 761.269623482
16 8 16 0 1972.73735592
32 8 8 0 2358.58541647
16 8 8 1 2042.61139133
4 8 8 1 1121.21419686
16 4 2 0 2024.60031794
32 8 32 1 2356.25242414
8 4 32 0 1529.47341798
2 8 16 0 692.359187476
1 16 8 1 1328.04574018
32 4 32 1 1997.98059071
4 8 16 0 857.907563445
2 8 1 1 802.283820124
2 8 8 0 747.147486536
32 8 32 0 2107.46724418
4 8 4 0 1014.15179571
32 4 8 0 2547.43275697
16 4 32 1 2041.91996115
8 8 32 0 1609.05687594
16 8 8 0 1972.19550522
16 8 16 1 1721.10817023
16 4 1 1 2028.66736755
4 8 2 1 997.133990692
8 8 4 1 1465.6409912
16 8 1 0 2167.58792204
32 4 2 0 2507.98552005
16 4 1 0 1920.8197142
32 4 8 1 2562.13372571
2 8 8 1 667.228260948
4 32 8 0 1096.08735159
4 16 1 1 1085.37333867
1 1 16 1 1185.53775909
1 32 2 1 934.686780398
4 16 8 1 1172.40169305
16 32 32 1 1714.10002371
4 16 32 1 1061.93350492
1 32 8 1 1063.33753192
1 32 4 0 623.582668825
8 16 16 0 1456.88863015
1 32 32 1 768.389071875
32 16 32 1 2217.91245851
8 16 32 1 1430.06058784
1 32 8 0 596.931188234
16 32 2 0 1276.13125518
2 32 16 1 716.749081282
16 16 32 0 1670.9630273
1 16 16 0 1200.31099979
1 32 1 0 1004.0068591
16 16 1 1 1856.00156468
32 32 16 0 2366.14139361
4 16 16 0 1081.07382867
8 32 8 1 1510.13257659
4 16 1 0 913.745015315
2 16 8 1 715.061945286
8 32 1 0 1452.59951141
4 32 4 0 1150.53071884
2 16 2 0 703.092956258
32 16 1 1 2244.5631142
8 32 2 0 1579.00158577
16 16 16 1 1931.28199685
2 32 2 0 767.483855083
32 32 16 1 1878.91425636
8 16 8 0 1583.80946104
4 16 8 0 969.870453372
4 16 2 1 943.356945562
8 32 8 0 1605.83267012
16 16 4 1 2000.04013658
1 32 1 1 1006.76593139
32 32 8 1 2050.34107611
32 32 2 1 2201.68504439
16 16 8 0 1860.95455765
32 16 16 0 2293.79333137
8 16 1 1 1496.04926643
2 16 2 1 707.944173263
32 16 4 0 2563.10429318
32 16 32 0 2187.72453263
32 16 8 1 2257.23292198
8 16 4 0 1581.11366981
32 16 1 0 2493.45299775
1 1 1 1 527.899841005
1 32 16 0 463.941726919
2 32 4 0 651.677238441
1 1 2 1 733.758697041
2 32 1 0 657.116839304
32 32 4 0 2321.91472068
4 16 4 1 1074.83391273
8 32 16 1 1455.73723949
8 16 32 0 1393.76941085
1 16 8 0 643.168683567
4 16 32 0 1247.87866733
4 32 2 0 1216.00060627
32 32 2 0 2462.18668137
2 32 32 0 795.872341539
16 16 32 1 1898.53467055
8 16 2 0 1602.43192181
1 1 32 1 976.835307392
8 32 32 0 1626.93624441
2 32 8 1 676.278724197
16 32 32 0 1549.16730222
32 16 2 0 2459.82454694
16 32 2 1 1894.14378662
4 32 1 1 1076.58732852
2 32 4 1 688.89537341
4 16 2 0 1173.64970862
1 1 2 0 1078.2763932
4 16 4 0 1021.50075698
16 16 1 0 1949.18783417
32 32 4 1 2408.66981336
4 32 2 1 1127.63053938
2 16 4 1 721.350764
8 32 2 1 1406.69944519
32 16 2 1 2427.05581265
32 16 8 0 2285.3054
32 32 1 1 2159.37794083
1 32 32 0 915.907203747
8 16 1 0 1634.70407091
1 32 16 1 957.453492114
32 32 8 0 2456.32737528
2 16 32 1 828.713726479
4 32 1 0 954.055072404
1 32 2 0 593.156453553
32 16 4 1 2202.55343563
32 32 32 1 1694.92611677
2 32 1 1 763.311136022
32 16 16 1 2182.5838041
2 16 16 1 787.204064058
1 1 1 0 691.21945801
4 32 32 0 1050.19529407
4 16 16 1 1148.32737122
16 32 1 1 1769.78589278
16 32 1 0 2013.73035235
16 32 8 1 1674.45482786
4 32 16 0 1140.4239579
1 1 8 1 713.313956574
16 32 16 0 1984.05610834
2 32 16 0 857.146604223
4 32 16 1 1139.28461311
16 16 2 1 1888.13424193
4 32 32 1 1098.79476262
1 1 4 0 1414.69430585
8 32 4 0 1594.09485289
8 16 4 1 1513.18804061
16 32 16 1 1880.12833026
32 32 1 0 2588.88144006
2 32 2 1 682.085131819
2 16 8 0 779.276346206
4 32 8 1 974.332809943
1 16 16 1 1186.4693236
2 16 1 1 662.3747781
32 32 32 0 2381.42957291
8 32 1 1 1406.02356916
2 16 1 0 660.961003325
16 32 8 0 1893.1470815
16 16 4 0 2006.99989027
1 1 8 0 917.285021646
16 16 16 0 1970.35496057
8 16 2 1 1589.18149307
2 32 8 0 695.049953202
2 16 4 0 788.328120754
1 1 16 0 1584.60719932
2 16 16 0 702.837625717
2 16 32 0 788.428420018
1 32 4 1 626.142591929
16 16 8 1 1937.9543014
2 32 32 1 742.731576176
4 32 4 1 986.571575193
1 16 32 1 1301.40073636
8 16 8 1 1519.94750472
8 32 4 1 1518.39017536
16 16 2 0 1917.79142356
8 32 32 1 1607.77379777
8 16 16 1 1338.12056334
1 1 4 1 1061.05105304
1 16 32 0 1334.97218096
16 32 4 1 1915.71954289
16 32 4 0 1585.50992845
8 32 16 0 1545.64668733
4 1 8 1 1354.78785389
1 4 1 1 1671.81146566
2 1 16 0 933.596097095
4 2 32 0 1377.86605424
2 1 4 1 843.843743642
32 1 1 0 2310.98785501
2 1 8 1 888.788029463
32 1 16 1 2036.30032372
16 2 16 0 2467.30801506
2 4 2 1 1030.88856447
16 1 16 0 1234.15050294
2 2 2 0 969.119652824
32 1 8 0 2720.57368961
16 2 1 0 2778.58953568
4 2 8 0 1655.40855557
4 2 4 1 1450.6780281
32 2 8 1 3158.59278005
16 2 16 1 2235.69624875
16 2 4 1 2452.57698322
16 1 4 1 1869.03375273
1 4 1 0 1866.45130824
32 2 1 1 2819.77369305
1 2 2 1 1955.71307196
8 2 2 1 1731.51224147
32 2 16 1 2341.91596878
8 1 32 1 1432.71490711
1 4 2 0 607.246119321
4 1 2 1 1258.77553006
16 1 4 0 2442.31337223
8 1 2 1 1905.12018172
1 2 4 0 1295.13380941
32 2 2 1 2916.9127216
4 1 16 1 1200.39635885
1 2 16 1 856.078164089
2 2 32 0 1119.02541577
2 2 32 1 994.014451009
1 4 32 0 1494.30649314
2 4 1 1 1110.64998499
16 1 1 0 2568.4762968
2 2 4 0 1056.8723226
8 1 1 0 1897.53532174
16 2 8 1 2722.32668069
8 2 1 1 2209.35194974
16 2 8 0 2071.58189024
8 2 1 0 2112.06963165
4 1 1 0 1406.17801716
8 2 16 0 1694.78751738
1 4 8 1 1967.69135866
1 2 16 0 1318.21547923
2 2 2 1 902.428828503
32 1 32 1 1244.10784243
16 1 16 1 2378.24465331
4 2 16 0 1280.64368335
8 1 1 1 1916.02816268
2 2 8 1 980.100810898
32 1 32 0 1533.03520164
32 1 16 0 1994.86182229
16 1 8 1 1777.99269191
2 4 4 1 1068.9501079
2 4 1 0 1019.14372683
4 1 2 0 1306.00759892
8 2 16 1 1747.36214214
32 1 1 1 2682.79761748
1 2 8 0 1468.23743029
8 2 4 0 2115.54080614
4 1 4 1 1306.91926306
4 2 1 1 1476.64570959
4 2 16 1 1485.74165095
1 2 8 1 1921.18701529
2 1 32 1 824.337502389
2 1 8 0 908.889616242
1 2 32 0 842.798542566
8 1 16 0 1847.53398839
32 2 8 0 2764.88765132
1 4 8 0 736.403617027
8 2 8 0 2093.6806725
2 4 4 0 981.550301532
16 1 32 0 1139.94926719
32 2 4 0 2875.24801513
32 2 32 1 1604.32638094
1 4 2 1 468.34613611
1 4 4 0 1724.5625647
2 1 2 1 820.830209865
16 2 32 0 1625.38736024
1 2 32 1 2013.95008896
32 2 2 0 3352.45604714
32 1 4 0 2134.10684105
1 2 4 1 943.681966884
16 2 2 1 2169.25705423
32 2 32 0 1401.35617687
2 1 1 1 977.594268519
1 4 16 1 1334.10557563
1 1 32 0 1183.36859274
4 1 1 1 1343.46533747
8 2 8 1 2024.12855806
32 1 4 1 3036.19371624
8 1 8 1 1838.45217696
4 2 2 0 1287.88360332
4 1 32 1 1081.68406779
2 4 2 0 973.740680384
16 1 32 1 1430.99888613
8 1 16 1 1752.54023029
4 2 32 1 1067.14280736
8 2 4 1 1867.87354618
4 2 1 0 1589.5251048
4 2 4 0 1449.168702
1 4 32 1 1900.66834054
4 1 32 0 1183.03140366
2 2 16 0 1030.02685633
32 1 8 1 2524.56721818
2 2 8 0 1082.70785195
16 2 4 0 2695.21051843
8 1 8 0 1991.95369828
32 2 16 0 2435.12364739
32 2 4 1 3125.47935597
2 1 16 1 822.379614103
16 1 2 1 2227.94532647
4 1 16 0 1202.88903218
16 1 1 1 2109.39963336
1 2 1 0 1544.49330754
8 1 4 0 1920.14756031
1 2 1 1 1215.53628668
2 4 8 1 993.047313874
8 1 4 1 2052.64886795
4 1 8 0 1203.39183934
2 1 32 0 758.483459865
8 1 32 0 1591.22996302
1 4 4 1 1288.35661734
8 2 32 1 1641.00369305
32 1 2 1 3003.17481451
32 2 1 0 2900.11958669
16 2 1 1 2774.53652932
4 2 8 1 1547.06504425
4 2 2 1 1465.45842257
2 1 4 0 771.536748849
2 2 1 0 1079.89776739
16 1 2 0 2410.04563928
2 2 1 1 989.281697872
16 1 8 0 1743.72148441
2 1 2 0 909.826400292
16 2 32 1 1761.77469365
1 4 16 0 1740.06288479
1 2 2 0 820.168573564
2 2 4 1 922.005729967
8 2 32 0 1388.32081256
2 2 16 1 958.100970873
2 1 1 0 967.056311644
8 1 2 0 1551.90958394
8 2 2 0 2100.79273092
16 2 2 0 2546.43547588
4 1 4 0 1229.20077673
32 1 2 0 2123.12480157
4 4 32 1 1305.32876011
1 8 16 0 1078.94790782
16 4 16 1 2066.12887645
32 8 8 0 3007.91667274
32 8 1 1 3197.09510715
2 8 32 1 1193.25564857
8 4 16 0 1874.45158814
8 8 16 1 1997.50320324
4 4 2 0 1581.04411533
2 16 2 1 850.94191205
16 4 16 0 1732.38911302
1 8 32 1 1221.83475579
32 4 1 1 3306.55935191
8 8 4 1 2194.83382437
4 8 8 0 1737.32361977
32 4 32 1 1768.49312339
16 8 4 0 3108.93168408
1 16 4 0 1804.13693278
1 8 4 0 1012.92447824
2 4 32 1 871.453021972
8 8 32 0 1490.16594456
2 8 2 0 1265.79382883
4 8 1 1 1678.23198901
1 16 2 0 651.31163699
1 16 1 1 1233.71207516
4 8 2 1 1544.71052435
4 8 32 1 1492.6084818
1 8 8 0 1280.08566178
8 4 32 0 1579.90951096
4 8 1 0 1593.81172724
4 8 32 0 1571.94152302
4 8 16 1 1659.06721432
2 4 16 0 862.298469087
1 16 4 1 1408.98271993
2 8 8 1 1132.85625046
1 8 8 1 1329.75396008
4 8 4 0 1697.94970927
8 8 1 0 2256.2149049
2 8 1 1 1142.88900857
8 4 1 1 2161.04922703
32 8 4 1 3300.96773362
4 4 1 1 1373.92452317
16 4 8 1 2103.93563803
8 8 2 1 2154.51439749
8 4 8 1 2046.73176382
2 4 16 1 1014.24397883
8 8 4 0 2044.85823445
16 8 2 0 2885.68691687
16 4 4 0 2218.15291447
2 4 32 0 961.712458954
1 8 1 0 1891.82386304
32 8 32 1 1521.66091497
1 16 16 0 1307.56512855
16 8 1 1 2588.78382256
8 4 16 1 1811.63849843
32 4 32 0 1797.16940021
16 4 8 0 2541.47074548
8 8 2 0 2215.64685644
1 16 16 1 1306.17861129
2 16 4 0 1205.84500422
16 4 1 0 2436.87806546
4 8 2 0 1600.47895935
2 8 4 1 1033.13028642
4 4 32 0 1654.91762297
8 8 1 1 2071.24859854
16 8 2 1 2947.02758079
2 8 16 1 1140.58588535
32 8 16 1 2190.52889384
4 4 4 0 1501.49572917
1 16 32 1 1737.06355367
32 4 4 0 3045.32591454
16 8 8 1 2700.5969266
32 4 8 0 2961.20217394
16 8 32 0 1609.02781602
8 4 1 0 1959.07156036
16 8 1 0 2985.50113831
1 8 1 1 1333.81840868
16 4 32 1 1632.55687899
16 8 16 0 2071.73005431
2 8 1 0 1072.33072388
2 16 32 0 1088.29009515
4 16 2 0 1639.64007097
2 16 2 0 1194.37327415
4 8 16 0 1592.47712626
16 8 8 0 2576.90292739
1 8 32 0 1349.26415971
4 4 1 0 1453.8607389
32 4 2 0 3278.22352681
2 16 1 1 1176.02157875
8 4 2 0 1912.19258232
8 4 32 1 1460.89777029
4 8 8 1 1640.13241784
32 4 2 1 3429.31802591
32 4 4 1 3339.17273082
1 16 32 0 1014.52854004
1 16 2 1 1117.47609716
8 8 32 1 1516.07211434
2 8 16 0 1161.67514161
2 16 8 0 1161.55710627
32 4 1 0 2849.63934048
4 4 8 0 1449.12271424
2 16 32 1 1063.32338352
1 16 1 0 1760.77938271
2 8 8 0 1241.98745005
4 4 8 1 1527.28261955
32 8 4 0 3157.63335502
32 8 2 1 3262.95325695
8 8 8 1 2069.26676864
8 4 4 1 1958.16773584
16 4 2 1 2841.30908256
32 8 1 0 3474.89358139
1 8 2 0 1267.40001264
4 4 16 1 1538.18490467
2 4 8 0 921.160285303
4 4 16 0 1258.50559064
2 16 1 0 1122.76814891
16 8 4 1 2831.76638933
2 16 4 1 1067.13489293
4 8 4 1 1814.94888034
32 8 32 0 1900.63141325
16 8 32 1 1778.19210584
4 4 2 1 1441.15804169
8 8 16 0 1902.03115307
16 4 32 0 1359.93941764
2 8 2 1 1337.81577501
2 16 16 0 1030.61535373
4 4 4 1 1560.52095191
4 16 1 1 1572.2407554
4 16 4 0 1464.41379135
4 16 4 1 1501.31560401
16 4 2 0 2875.78299857
32 4 16 1 2469.81712437
1 16 8 0 1089.62008075
2 16 8 1 1215.11629773
8 4 8 0 2204.40154642
4 16 1 0 1523.45251871
32 8 2 0 3446.4457801
32 4 8 1 2744.77923949
1 8 16 1 1551.99152826
2 16 16 1 1148.60405289
1 8 2 1 750.439053913
4 16 2 1 1405.00964713
4 16 8 1 1742.17816242
16 4 4 1 2523.7927549
16 8 16 1 2327.98168248
32 8 8 1 3066.55026034
1 16 8 1 656.317760212
8 8 8 0 2238.01025915
8 4 4 0 1708.37814112
16 4 1 1 2522.97297149
2 8 32 0 1147.40525378
1 8 4 1 1948.34681295
2 8 4 0 1022.49108653
8 4 2 1 1995.20332231
32 8 16 0 2360.82404347
32 4 16 0 2482.28681785
4 16 8 0 1542.32683408
32 16 2 0 3072.4442882
8 32 8 0 2290.86282595
2 32 4 1 1179.74199572
2 1 1 1 825.047850501
32 32 4 0 3079.07806674
32 16 16 0 2058.95779192
16 16 2 0 2987.41535428
2 32 1 0 1138.0336804
2 32 2 1 1085.93976032
4 16 32 1 1427.38688104
1 1 16 1 1135.51607238
4 32 16 0 1595.4112765
16 16 32 1 1884.98489986
8 16 32 0 1725.0237514
32 16 8 1 2599.90189446
16 16 16 0 2130.56248376
4 32 8 0 1599.63385481
16 32 2 1 2668.36394556
8 16 2 0 2015.18466905
8 16 8 1 2130.61194374
4 32 32 1 1311.98439124
16 16 32 0 1923.7967597
32 16 1 1 2867.28050207
1 32 32 0 1352.21029959
32 32 16 1 2232.26940156
4 32 4 0 1516.55022874
16 32 16 1 2220.00138562
16 32 32 0 1852.01385162
32 32 32 0 1855.53926187
4 1 8 0 1369.60526241
16 32 32 1 1835.47643543
2 1 8 1 904.645409423
4 1 2 1 1166.63300562
4 16 32 0 1565.10975039
4 1 16 1 1325.02275154
8 32 32 1 1710.74360219
32 32 2 1 3386.31782538
32 32 16 0 2150.09670374
2 1 16 1 907.105268054
32 32 1 1 2889.68847517
1 32 8 1 1655.7527494
4 1 1 1 1414.28802626
8 32 16 0 1121.4348111
32 16 4 1 2550.67860239
4 32 2 0 1533.67853342
2 32 16 0 1052.06656457
2 1 8 0 841.333763835
16 32 1 0 2795.89803682
32 16 1 0 3226.71544361
2 1 16 0 883.680756132
8 32 32 0 1718.99034226
4 32 1 0 1525.772131
1 32 2 1 1702.83815488
16 16 8 0 2477.06235913
32 32 4 1 2902.43942223
2 1 32 1 1013.77627596
8 32 8 1 1536.02191901
4 16 16 1 1590.48608225
32 16 2 1 3005.49931931
1 32 2 0 973.638551071
4 32 1 1 1552.81150507
4 1 2 0 1176.35872414
16 16 4 1 2807.46702265
1 32 16 0 855.9182598
1 32 1 0 1599.45468183
16 32 8 0 2272.72614637
4 1 16 0 1117.38855584
2 1 4 0 927.340043518
1 1 2 0 266.734333566
1 32 1 1 888.28034669
1 1 4 1 587.242884123
32 32 32 1 1686.88557386
2 1 4 1 919.841744379
2 32 8 1 1151.88646819
32 32 1 0 3095.73642404
1 32 8 0 876.951666512
16 32 8 1 2355.9462425
16 32 16 0 2460.7461912
2 32 4 0 1068.57487964
2 32 2 0 959.714837841
32 16 8 0 3087.45849382
16 32 2 0 2632.87020898
16 16 2 1 2710.55500449
8 16 4 0 2012.8669058
4 32 8 1 1610.20648274
32 32 2 0 3043.35528426
2 32 32 0 1181.13423711
4 1 4 1 1340.11287022
8 32 2 1 1758.41908504
32 16 16 1 819.146811578
8 16 8 0 2087.86201449
1 1 16 0 1013.45257145
2 32 8 0 1041.49387129
2 1 1 0 768.68968304
32 16 32 0 1820.95350408
8 32 2 0 2053.59920332
8 32 4 1 2002.71225945
16 32 4 1 2783.56386079
4 1 4 0 1229.46909686
8 32 1 1 2002.30946795
1 1 4 0 652.379979128
1 1 8 1 1051.99220087
8 16 16 1 1714.9108005
8 16 4 1 2162.38908504
16 16 8 1 1948.53605424
8 16 2 1 1866.75019255
16 16 16 1 2348.70257984
4 1 8 1 1251.32627688
2 1 2 0 809.876623996
4 1 1 0 1474.23535454
2 32 16 1 1210.30870407
1 32 16 1 655.199133633
1 1 32 1 1252.03034636
4 16 16 0 1518.60385157
8 16 1 0 2074.91137536
1 1 8 0 1032.35627356
2 32 32 1 1084.03667388
8 16 1 1 2059.32773401
1 32 4 1 1116.16763283
32 16 4 0 2839.93994078
1 1 32 0 951.349196093
16 16 1 0 964.528409132
2 1 2 1 777.898504239
2 32 1 1 1401.58009662
4 32 32 0 1546.62345826
16 16 4 0 2629.400821
32 32 8 1 2501.94813621
1 1 1 0 239.052929052
8 16 16 0 1841.96729011
8 32 1 0 1940.50568825
32 16 32 1 856.269282052
4 32 4 1 1613.94584616
16 16 1 1 2685.21212815
8 16 32 1 1708.07261926
2 1 32 0 982.313152639
4 32 16 1 1209.03924443
8 32 4 0 2271.01783673
1 32 4 0 1477.99939468
16 32 4 0 2836.08691848
1 32 32 1 625.269843477
4 32 2 1 1576.80839173
32 32 8 0 2921.11782508
8 32 16 1 1849.26722114
16 32 1 1 2433.28207593
32 1 8 0 2076.5840689
16 2 4 1 2198.32552125
1 4 2 0 1107.44812403
16 2 1 0 2023.64143507
8 1 8 0 1928.76709958
4 4 32 1 1010.33114448
16 1 32 1 1839.14429156
2 4 16 0 719.760430276
16 2 16 0 1949.06123097
32 1 4 0 2552.391168
8 2 2 1 1604.45883759
4 2 32 0 1041.31173426
1 4 2 1 1139.70959433
8 1 32 1 1982.98341963
4 2 4 1 842.301569655
16 2 4 0 2049.187477
1 4 8 1 1125.65447457
4 2 32 1 1088.43295969
16 1 8 1 2270.16833476
8 2 1 0 587.693812178
4 4 1 1 975.229358437
4 4 32 0 1012.19193787
32 2 2 1 2600.64265251
16 2 32 0 2032.07327888
8 1 2 1 1769.20367237
4 4 4 0 1079.18476544
1 2 2 0 1038.72510264
2 4 1 1 839.392587992
16 1 32 0 2169.75781665
1 4 8 0 876.603788141
32 2 32 0 2206.51867241
4 4 8 0 1112.47154615
2 2 1 0 773.11630185
2 2 4 0 764.360611126
8 2 16 1 1529.7820275
16 1 4 1 2600.34014402
32 1 1 1 2867.70332762
1 4 1 0 586.569267629
16 2 32 1 1814.14162122
32 2 32 1 2170.24623894
2 2 16 0 788.916439757
1 4 1 1 989.977095047
4 4 2 1 950.231135248
1 4 32 0 1142.00153451
32 1 2 0 2535.57697706
32 2 16 0 2496.30488089
8 4 8 1 1220.49675771
4 2 2 1 1286.45376964
8 2 8 0 1557.34674735
16 1 16 1 2643.43244964
8 1 32 0 1673.28702101
16 2 8 1 1851.79246933
1 2 16 0 1126.40921799
8 2 32 1 1437.5593069
2 4 4 1 684.848206546
2 4 32 1 680.084756951
4 4 1 0 1109.56998102
16 2 16 1 2037.66885211
1 2 32 0 794.809967373
4 2 8 0 1235.30982875
1 2 2 1 1199.25573362
4 2 8 1 1169.25979142
32 2 2 0 2432.00320437
32 2 4 1 2163.75670238
1 2 4 0 1150.46758719
16 1 2 0 2528.64436304
1 2 32 1 1194.67469112
2 2 8 0 1076.64482291
2 2 32 1 1198.83361711
1 2 4 1 566.694011279
4 2 16 1 1188.46864992
2 2 8 1 870.841013003
8 1 2 0 1771.50724622
8 1 1 1 1788.26036722
16 1 4 0 2502.36237118
8 2 16 0 1619.67768218
8 2 1 1 1402.4226244
2 2 32 0 651.716830152
2 4 1 0 732.601159214
8 1 4 1 1816.64299298
4 4 2 0 1105.63530617
1 2 8 0 766.071673207
8 1 8 1 1720.59652785
32 1 32 1 2654.24235397
1 2 1 1 378.427856516
32 1 1 0 2781.51595968
16 1 1 0 2229.1131762
1 4 16 0 1108.67207344
8 2 2 0 1459.011197
16 2 1 1 2109.7374416
2 2 2 1 1058.4765996
32 1 16 1 2070.5155588
8 2 8 1 1592.09862991
2 2 4 1 976.3464451
4 2 2 0 1135.40307082
8 4 2 0 1135.91730386
1 2 16 1 900.038701093
32 1 16 0 2004.6960111
4 4 8 1 1005.84569296
16 1 2 1 2327.57147279
4 2 4 0 1202.7491326
2 4 2 0 826.366540143
4 2 16 0 1156.99921688
2 2 2 0 868.610531697
32 2 4 0 2659.09601978
32 2 8 1 2595.53072246
8 2 4 0 1448.43242784
1 2 8 1 1185.39372827
32 1 32 0 2505.5464483
8 4 4 1 1427.55316836
2 2 16 1 832.649575498
32 2 8 0 2456.21287638
2 4 4 0 722.691571353
2 4 8 0 663.908491172
8 4 2 1 1339.05735783
8 2 32 0 1417.25191198
32 1 2 1 2134.40461511
16 1 16 0 2919.46372686
2 4 16 1 712.574394301
8 4 1 0 1268.32638969
16 2 2 0 1679.89974599
2 4 2 1 751.880132941
32 1 4 1 2654.35476889
16 2 8 0 2240.41380571
4 4 16 1 938.614063945
1 4 4 0 1170.02374275
32 2 1 0 2571.26780382
4 1 32 1 1344.67860483
8 4 1 1 1577.14027226
4 4 4 1 1077.99015437
32 2 16 1 2174.08088637
4 4 16 0 1188.54930774
1 4 16 1 720.085381607
1 4 32 1 602.683398685
8 2 4 1 888.392574809
2 4 32 0 695.988606501
8 1 16 1 1841.9470156
16 1 1 1 1995.78847521
4 2 1 0 1183.39872398
4 2 1 1 1222.17294867
16 2 2 1 2093.96206193
8 1 4 0 1734.22101102
2 4 8 1 795.38203446
16 1 8 0 2430.74639109
4 1 32 0 1240.41171041
8 1 16 0 1563.13997324
32 2 1 1 2023.30753149
1 4 4 1 592.442294772
8 4 4 0 1574.55861266
1 2 1 0 885.29869905
