1 16 8 1 1629.13136716
16 4 0 0 5885.39503506
16 4 0 0 5921.76496439
4 4 8 1 2109.40255536
16 8 0 1 5962.89727445
2 8 4 1 2182.42039686
1 8 2 1 1261.43431945
1 4 1 0 2087.00212905
8 8 4 0 3557.63379136
8 4 8 0 3271.11972838
16 8 0 0 6215.13170714
4 8 1 0 3762.73809933
16 8 0 0 5951.99588277
16 4 0 1 5817.34938376
1 8 15 1 2050.65717475
8 4 8 1 2556.36832316
1 4 4 0 2044.97823598
4 4 12 1 2442.51179127
2 4 2 1 2448.20367324
4 4 4 1 3122.04238641
1 4 15 0 2046.27972116
16 8 0 1 5780.02906543
1 4 1 1 1939.28223586
16 8 0 1 6522.15241824
16 2 0 0 4288.16377462
2 8 14 0 2127.61670789
4 8 4 1 2670.45317025
16 4 0 0 6017.78551325
16 4 0 1 5984.99751763
8 4 8 0 2580.27029638
4 8 1 1 3667.11595412
2 8 4 0 3096.75769545
16 8 0 0 6302.51445264
16 8 0 0 6162.61768802
8 8 8 1 3096.27839281
2 4 14 0 1973.07389957
8 8 8 1 3052.16657824
4 8 8 0 2279.60699345
1 8 8 1 1991.54322173
2 4 14 1 1910.02187651
2 4 1 0 1963.46765675
2 4 1 1 2285.55372866
1 16 15 1 1874.25151977
4 8 12 1 2289.04844775
8 8 2 0 4946.41807229
16 8 0 0 6219.44889231
1 4 8 0 764.394762373
16 4 0 0 5765.22368018
4 4 12 1 1532.71277754
4 4 12 0 2167.80952517
8 4 8 1 2570.61604625
2 4 8 0 2121.32800342
16 8 0 0 6218.67817975
16 4 0 1 5855.60261365
1 8 4 0 1920.51341359
16 4 0 0 5686.96301346
16 8 0 1 6338.12245365
2 4 4 0 2104.07044708
8 4 1 1 3872.83777673
2 8 8 1 2500.44833593
8 8 1 0 4989.70520777
2 8 2 1 2886.37370786
1 8 8 0 1348.90681397
2 4 2 0 2253.76054671
2 8 14 1 2189.34614302
16 4 0 0 5775.76353991
16 8 0 0 6091.13319158
1 16 8 0 1969.13630078
2 8 8 0 2761.32014981
16 8 0 0 6326.81772669
4 4 2 1 3303.81749601
16 8 0 1 5977.4140561
1 16 2 0 1962.1809145
16 4 0 1 5991.22174223
16 4 0 1 5629.22073034
8 8 8 0 2484.00043123
1 8 4 1 1985.82871946
16 4 0 1 5740.93969901
16 4 0 0 5919.71625984
4 8 8 1 2192.80327935
1 4 15 0 1112.53019087
1 16 1 1 2253.04117192
16 4 0 1 5574.45900002
2 16 2 1 3113.51217025
8 4 8 1 2724.45278618
16 4 0 0 5897.66026025
1 16 15 0 1132.76358498
16 8 0 0 6089.19143999
1 16 4 1 2570.11567892
16 8 0 0 6360.16076971
4 8 2 0 4037.59228376
4 8 12 0 2065.79234522
16 8 0 1 6487.23878007
2 8 1 1 2977.74988659
1 8 15 0 1089.57923549
1 8 15 0 1426.64932544
8 8 8 0 3149.38643489
8 4 4 0 2906.67677272
1 16 15 0 2129.51364356
16 8 0 1 6194.76982913
1 4 15 1 2003.44888661
2 4 8 1 2215.73558438
2 8 14 1 1442.5666477
16 8 0 1 6263.18395889
16 4 0 0 5921.54395057
16 8 0 0 6286.23689038
4 8 2 1 3760.33944482
2 4 14 1 2190.95115022
16 4 0 0 5794.04050209
8 8 4 1 3882.52137131
8 8 8 1 3085.47073442
4 4 8 0 2566.14693216
1 4 8 1 1876.57126996
4 8 4 0 2625.70950386
8 4 2 0 4270.43182
2 8 14 0 2129.51354457
1 8 1 0 1490.29603845
16 2 0 1 4156.9601968
8 8 8 0 2689.97373816
1 4 4 1 2023.22726996
4 4 1 0 3251.28896591
4 4 1 1 3259.50777737
16 8 0 0 6253.37243328
8 4 4 1 2482.33372988
16 4 0 1 5817.4469539
8 8 1 1 4364.06403444
16 4 0 1 5729.79055374
16 4 0 1 5867.9529738
16 4 0 0 6063.50573099
1 4 2 1 1818.91393408
1 16 15 1 2051.60737813
1 16 2 1 1772.91207196
4 4 2 0 3172.11810956
16 2 0 0 4635.49527988
16 8 0 1 6045.54067773
8 8 2 1 4735.75586364
8 4 8 0 2626.62869863
2 4 14 0 1637.73974876
4 8 12 0 2198.83847053
1 8 1 1 1901.78184277
16 8 0 1 6179.81338053
4 8 12 1 2363.54944512
1 4 15 1 2438.90838986
2 16 1 0 1872.86052046
1 8 2 0 1864.98282028
4 4 4 0 2884.02364892
8 4 2 1 3538.45291887
2 8 2 0 2734.89786186
16 16 0 0 1782.9599544
1 1 2 0 954.728973037
4 1 1 1 1669.32231023
4 32 12 1 2273.34586707
16 32 0 1 6733.59176116
1 1 1 0 863.440853894
16 16 0 1 1770.77457745
4 16 4 0 1884.38713267
4 1 2 1 1579.72018609
16 32 0 0 7016.4448368
2 1 14 1 936.436436397
4 16 4 1 1879.75291311
16 16 0 0 1722.19492468
4 16 12 0 1875.43355593
2 16 14 0 1882.47740346
2 1 8 1 965.655021502
4 1 1 0 1654.04407239
16 32 0 1 6879.88198793
8 32 8 1 3037.69500284
1 32 2 0 1911.81004138
2 16 8 1 1865.20840204
16 16 0 1 1807.81772286
1 32 1 0 2139.37073854
16 16 0 1 1771.60804618
1 32 8 0 1031.98161371
2 32 1 1 3261.90375342
8 32 8 1 3471.99458169
8 32 8 0 3129.80822775
1 1 15 1 1073.76886969
8 32 1 0 5890.87357973
16 16 0 0 1759.06235193
16 16 0 1 1761.20685437
4 32 4 0 4269.07640496
8 32 8 0 3165.63522467
2 32 1 0 1795.73621919
2 1 8 0 1077.21642909
1 32 4 0 1320.79863922
8 16 8 1 1844.54078103
2 32 2 1 3347.87303361
16 32 0 0 7068.51344977
1 32 15 0 945.225416407
4 16 1 0 1890.75723171
16 32 0 1 6833.92254795
4 16 12 1 1851.98076376
4 32 1 1 2322.55242824
8 16 8 1 1848.16035405
4 1 12 0 982.552864678
2 16 8 0 2715.74075601
16 16 0 0 1763.29115436
16 16 0 1 1740.89709859
1 1 4 0 1132.74501332
16 16 0 0 1780.911437
1 32 8 1 994.823976347
16 32 0 1 6754.47904302
2 16 4 0 2972.14870766
2 1 1 1 1147.71138139
16 32 0 1 6532.76403848
2 1 14 1 968.193854029
4 32 2 0 4175.68542905
16 16 0 1 1783.54334182
16 16 0 0 1784.5822376
8 16 8 0 1843.79900496
4 32 2 1 4326.83719995
16 32 0 0 6661.77408681
16 16 0 1 1732.13944313
2 32 4 0 2879.08505588
2 1 2 1 990.189774037
1 1 1 1 967.544428135
1 32 15 1 1786.64746422
16 32 0 0 7075.61077382
2 32 4 1 3465.83964459
2 1 14 0 985.472296648
1 32 1 1 1885.73130066
4 16 2 0 1816.25986512
16 16 0 1 1745.08781649
2 32 2 0 1617.4100488
2 32 8 1 2709.59983249
16 16 0 1 1783.22702299
16 32 0 0 6668.58732391
4 1 4 1 1619.47158211
8 16 1 0 1838.18282892
1 32 2 1 1733.74081219
4 32 12 0 2385.05518396
1 1 15 1 987.189193506
4 1 8 0 1245.87553079
16 32 0 1 6849.74586079
16 32 0 1 6725.98657546
16 16 0 0 1778.37980001
16 16 0 1 1611.45665304
8 16 8 1 1783.19283902
4 1 8 1 1313.1521259
2 32 14 0 2193.27925686
8 16 8 0 1827.54501968
1 32 4 1 1992.4934494
1 32 15 0 2015.36070961
16 16 0 1 1778.68460095
1 1 15 0 719.150030184
16 16 0 0 1778.73058274
16 32 0 1 6243.99913831
4 32 12 1 2393.61317573
2 16 4 1 1877.91658457
16 32 0 0 6856.15444619
16 32 0 0 5722.96798665
2 1 4 1 1114.94446961
2 16 14 1 1928.57802584
4 1 4 0 1053.85596006
8 16 2 1 1793.08914081
4 1 12 1 976.79093082
16 16 0 0 1790.64477084
16 16 0 0 1772.3571644
16 16 0 0 1777.04622651
4 32 8 1 3052.60218271
8 32 2 0 4999.50778421
1 32 15 1 2052.27663392
8 32 4 1 4453.87694279
1 1 4 1 839.114748474
8 16 1 1 1845.54524424
4 16 12 1 1821.76254553
8 16 2 0 1857.70144259
2 32 14 1 2034.21811655
2 16 14 1 1874.5580045
2 32 8 0 2281.68301311
8 16 8 0 1812.93318852
4 16 8 1 1850.47732966
16 32 0 0 7094.35412124
1 1 15 0 816.448549235
1 1 8 0 937.44722167
8 16 4 0 1847.8925517
2 16 2 0 3155.91959388
8 32 2 1 4561.18320301
4 16 2 1 1857.91565949
8 32 8 1 2640.89892451
2 1 14 0 979.349036167
4 32 8 0 3634.93099078
16 32 0 1 6607.53024056
4 32 1 0 4626.23516585
2 32 14 0 1966.79180822
4 16 1 1 1858.14042656
1 1 8 1 968.853160693
16 32 0 0 6852.4578383
2 1 1 0 1061.10235926
16 32 0 0 6605.09481239
16 32 0 0 6623.2318868
4 32 4 1 4398.90443107
2 32 14 1 2078.9687404
2 1 2 0 1156.55059187
16 32 0 1 6523.94922043
4 16 12 0 1881.53467925
16 16 0 1 1726.13615788
8 16 4 1 1854.44331116
8 32 4 0 3643.51298109
4 1 2 0 1662.77671847
2 16 14 0 1864.38777186
16 32 0 0 7001.73388897
16 32 0 1 6636.54035816
4 32 12 0 2844.99584852
16 16 0 0 1784.50281337
16 32 0 1 6792.43729573
8 32 1 1 5351.38247721
1 1 2 1 884.764800017
2 1 4 0 910.170982715
4 16 8 0 1917.20563989
8 32 8 0 3297.55071115
8 2 2 1 3393.5878948
2 2 14 1 1722.22236968
16 1 0 0 3026.89636591
16 2 0 1 5228.99741054
8 4 1 0 4455.87436436
8 2 1 0 3868.81703544
8 1 4 0 1716.45313537
8 2 8 0 2182.18004705
1 4 2 0 1608.92046026
2 2 14 0 1616.86777562
16 1 0 1 3823.57818477
4 4 12 0 1969.73550502
4 2 12 1 1835.82087336
2 4 4 1 2089.18821112
4 1 12 1 1078.211179
16 1 0 0 3421.47431953
1 2 1 1 1615.50729936
