8 1 16 0 392.741829013
8 32 8 0 768.449662262
8 32 4 1 734.162566234
1 1 16 0 1788.56184139
8 1 32 1 392.775217487
8 1 8 1 394.374422165
2 1 1 0 396.552017223
4 32 8 1 761.869549054
8 1 2 0 388.306956255
8 1 16 1 392.831514711
4 1 32 1 395.06526504
4 1 2 0 388.562895524
2 32 4 0 1686.39921383
4 1 2 1 394.187921648
32 16 1 1 748.376057438
8 32 8 1 767.633773578
2 1 32 1 395.617201048
32 32 8 0 387.510249961
2 1 32 0 1524.34220391
1 32 8 1 1248.09847957
4 32 16 1 768.69181422
16 32 4 0 742.353975736
16 32 1 0 750.619540269
32 16 16 0 738.772373167
1 32 4 0 2140.22429062
8 32 32 0 775.533942778
32 16 16 1 733.583720751
2 1 4 1 396.882056228
8 1 4 0 392.348224392
32 32 8 1 388.826940361
2 1 16 1 393.503051222
2 1 8 1 772.328991783
32 16 2 1 746.854627518
1 32 32 0 582.183135282
8 1 4 1 392.524410934
4 32 32 0 772.815005091
2 32 32 1 774.693668455
1 1 1 1 1177.8305189
1 32 16 1 2068.99199557
2 32 16 0 1552.49722733
4 1 32 0 396.747964263
32 16 32 1 744.210612101
2 32 1 1 1646.13976083
8 32 2 0 752.422719573
32 16 1 0 748.812366105
4 1 4 0 395.693675591
1 1 32 1 1776.546757
32 16 8 0 734.981581907
16 32 8 1 748.703665424
32 32 16 0 386.988905888
1 32 1 0 1365.72888168
1 32 16 0 2080.66317097
8 1 32 0 392.453897824
16 1 1 1 389.04288832
1 32 32 1 1246.68766046
16 32 16 0 747.258284486
1 32 4 1 518.752115357
4 1 4 1 393.983160541
32 32 32 1 381.239777382
1 1 1 0 1300.09030029
16 32 4 1 729.924217027
1 1 2 0 561.540974282
32 32 16 1 382.418225851
4 32 32 1 762.043266646
16 16 32 0 757.928806562
8 32 2 1 764.520854094
8 32 1 0 766.901407179
2 32 2 0 1943.90468122
2 1 4 0 391.856043194
1 1 8 0 305.377730357
32 16 32 0 738.73822961
2 1 16 0 779.0351325
2 32 4 1 774.31173939
32 16 4 1 749.22662741
4 1 8 0 397.302846054
4 32 16 0 774.198415563
32 16 8 1 748.745623066
2 32 16 1 761.380385791
16 32 8 0 749.646047198
1 32 2 0 859.966474856
4 1 8 1 396.117742748
8 1 1 1 385.436490044
8 32 16 0 773.071006474
1 1 8 1 1796.46163654
8 32 16 1 764.780597447
16 32 1 1 759.876186595
2 32 2 1 1925.33623664
2 1 2 0 388.290574046
8 1 1 0 396.668553872
1 1 2 1 320.158795629
8 1 8 0 396.275017298
1 1 32 0 330.955103159
4 32 8 0 772.668081012
16 16 32 1 738.475230547
8 32 32 1 765.282150572
16 32 32 1 726.436056075
4 1 1 1 395.962772306
32 32 2 0 388.879993097
1 32 8 0 1052.37590199
1 1 4 1 527.801719252
1 32 1 1 1295.75482388
32 32 4 1 381.888963033
16 16 16 0 764.41035333
2 1 8 0 776.017754312
2 32 32 0 1236.21348015
2 32 1 0 775.212641584
8 32 1 1 764.483799238
4 1 16 0 391.811476286
16 32 2 0 741.044750917
4 32 2 1 776.122413769
32 32 1 1 738.551290191
8 32 4 0 737.563861919
4 1 1 0 393.618337805
1 1 4 0 1622.44476473
4 32 2 0 772.616124988
2 32 8 0 1766.99612761
4 32 4 1 768.499546827
2 1 1 1 777.600929649
4 32 4 0 777.064023681
32 32 32 0 384.30601543
4 1 16 1 397.702248788
32 32 2 1 378.90451642
1 32 2 1 1757.55990632
16 32 32 0 739.893259036
32 16 4 0 734.030655167
4 32 1 1 765.280263371
8 1 2 1 394.571903229
16 32 2 1 743.950078927
1 1 16 1 536.58411218
32 32 4 0 386.120258159
16 32 16 1 729.34383392
2 1 2 1 773.798426927
2 32 8 1 775.438452391
4 32 1 0 775.88875327
16 4 16 0 2333.65615936
32 4 4 1 3860.55120162
4 4 1 0 397.334542201
2 2 16 0 399.124521658
32 1 4 1 384.607093319
1 8 2 0 2235.83950023
32 2 16 0 384.822128809
32 4 16 1 2237.1636316
8 2 4 1 393.960924493
1 2 16 0 2308.38869999
8 4 16 1 393.707966688
4 4 8 0 391.466635258
8 2 16 1 393.921024436
2 8 1 0 1663.32085137
16 2 2 1 393.718898688
4 2 1 0 392.140321269
1 4 2 1 324.87054075
32 4 16 0 2188.43395
16 4 8 0 2704.44059123
4 4 16 1 397.153124826
1 8 1 1 2347.04060776
32 1 8 0 388.259645187
1 4 16 1 1864.42763044
1 2 1 0 1649.98899031
32 4 1 1 4012.27587283
4 2 2 0 396.325176855
1 2 32 1 1826.58287824
4 4 4 1 396.404863965
16 1 16 1 391.704307991
2 8 8 0 1541.26388767
32 2 8 1 391.612971618
1 2 2 0 311.317272748
2 8 16 0 1527.87902767
4 2 8 1 398.946927803
2 2 16 1 1363.82051582
8 4 16 0 1473.22241126
16 2 4 1 391.965454407
2 2 32 0 396.083774111
32 4 2 1 4140.11591966
8 2 1 0 396.431174879
1 8 32 0 1960.90777976
1 4 8 0 1346.84709618
8 4 4 0 389.734524126
32 2 32 0 388.855245979
8 4 8 1 392.351138308
16 1 32 0 386.91244746
4 2 32 1 394.955493192
1 4 8 1 528.781139418
32 1 1 0 386.013043184
32 2 4 1 391.935812207
16 1 2 1 383.796488577
32 1 2 1 386.903100268
2 8 2 1 1487.22416237
16 2 32 1 393.926222049
1 8 8 1 1594.81523215
32 1 1 1 387.306251548
8 2 2 0 393.017767227
1 8 4 0 1929.20446374
32 2 8 0 385.47339307
8 4 2 0 392.148409398
1 4 32 1 525.564193802
16 2 16 1 389.960723211
2 4 32 1 1731.34953931
16 2 32 0 393.125549746
32 1 16 0 381.364993012
16 2 8 0 386.482330069
4 4 2 1 397.635728374
32 4 8 0 3206.57183358
2 4 2 0 395.551721592
2 2 1 1 772.736777102
16 2 8 1 386.447503477
2 2 2 0 397.576073932
16 4 32 0 2143.0962619
32 4 8 1 3133.43835017
16 4 1 1 3563.20327086
2 8 4 0 1604.07587871
8 4 8 0 392.191571776
4 2 16 0 396.961420788
16 4 1 0 3509.03476769
2 4 4 0 395.148819685
2 2 1 0 392.482292125
8 2 32 1 396.017845089
2 8 4 1 1734.32956941
2 4 8 1 1544.00000431
16 2 1 1 394.013634472
4 2 2 1 395.520972864
1 2 4 1 541.543550168
32 2 4 0 385.373208387
16 4 2 0 3498.59980692
2 8 1 1 1634.3039932
1 8 16 0 2013.04995958
8 4 1 1 392.561064831
32 4 32 1 2953.99115711
16 4 4 1 3715.82217112
4 4 16 0 396.808413067
1 2 1 1 507.155556567
32 4 1 0 4651.34610189
1 8 16 1 815.161615252
32 4 4 0 3743.21142061
8 2 32 0 396.563624014
2 4 2 1 771.817466187
16 1 8 1 393.153715265
4 2 8 0 398.123176677
8 4 1 0 395.634261999
2 8 2 0 1628.666366
1 2 4 0 2088.56511656
32 1 4 0 389.274354841
16 1 2 0 390.378259154
16 2 16 0 392.157558444
2 2 32 1 1621.61055344
8 4 2 1 382.489372246
32 1 16 1 390.22596208
16 2 1 0 381.157026315
16 2 2 0 393.470871899
1 2 8 1 2118.18064961
32 2 1 0 391.290323073
1 2 32 0 318.761972421
2 2 4 1 397.098265273
4 4 4 0 395.884945749
16 2 4 0 392.087834951
4 2 16 1 397.421392527
2 2 8 1 397.892619697
8 2 16 0 391.183855785
32 1 2 0 389.720679094
2 4 16 1 1467.39290977
1 4 32 0 1878.21725342
8 2 1 1 395.069246423
16 4 8 1 2287.33061409
32 2 1 1 389.225804591
2 8 8 1 1545.60029162
32 1 32 0 385.550042401
32 2 16 1 390.269668274
4 4 8 1 398.438229706
16 1 4 1 390.969926155
16 1 16 0 392.705142071
1 4 1 1 1864.52715219
1 8 8 0 2153.40246563
4 4 32 0 397.519850951
16 1 8 0 391.347313657
2 4 4 1 1496.56718793
1 2 2 1 1677.7276834
4 4 2 0 396.675000992
16 4 32 1 1893.62049532
8 2 8 1 389.140514686
4 4 32 1 391.961958861
1 4 4 0 328.480538502
1 8 32 1 1516.59808256
16 4 4 0 3354.30876626
32 1 32 1 386.857255446
2 4 16 0 398.849547284
1 8 2 1 1689.45955027
8 4 4 1 392.269696861
2 2 8 0 1369.41040855
4 4 1 1 388.450205165
8 2 2 1 394.745618824
2 8 16 1 1516.80259554
1 4 1 0 1654.60218259
32 1 8 1 384.517929981
32 2 2 0 385.361918922
4 2 32 0 398.016272765
8 2 4 0 394.487903926
2 2 2 1 781.191986302
4 2 4 1 395.276510486
2 4 8 0 398.160989272
16 4 2 1 3719.14889607
32 2 2 1 384.810284803
1 4 4 1 1732.58053645
1 2 8 0 321.646066107
4 2 1 1 396.215988248
2 4 32 0 398.648011621
8 4 32 1 1328.33645148
16 1 4 0 384.574475046
1 8 4 1 1264.06181271
16 4 16 1 2224.88639813
1 4 2 0 580.895093174
2 4 1 1 765.260140174
4 2 4 0 396.248084428
32 2 32 1 387.282123375
1 8 1 0 903.998290882
16 1 32 1 391.748388866
2 4 1 0 395.367149504
8 2 8 0 397.099595806
1 4 16 0 326.153808537
2 2 4 0 1320.20079901
1 2 16 1 548.483981119
8 4 32 0 1414.89652015
16 1 1 0 390.401580899
32 4 32 0 2776.52334192
32 4 2 0 4301.72767351
32 16 2 0 4750.89602022
2 8 32 1 994.550532892
32 8 16 0 2529.80881794
8 16 32 1 1692.5364968
32 8 2 1 4680.69126833
16 8 4 0 4138.6236422
