32 1 8 0 3038.55583597
8 1 8 0 1699.5827455
16 1 32 1 2022.23766924
2 1 1 1 883.553257017
32 1 4 0 2748.97090981
8 1 32 1 1543.02843144
1 1 16 1 765.137403521
16 1 8 1 2509.73689328
8 1 2 1 1610.8588507
1 2 2 0 447.08553647
16 1 32 0 2435.79811053
2 2 1 0 235.785902439
16 1 4 1 2289.27546765
32 1 1 1 2124.92727493
4 1 8 0 1185.21529387
2 1 8 1 1000.70163784
4 1 2 1 1170.9437759
4 1 16 1 1542.6209917
32 1 2 0 2686.04352565
2 1 16 1 866.530264385
4 1 1 1 1277.57178448
2 1 8 0 979.3594582
16 1 16 1 2217.19218138
8 1 32 0 1916.68677843
2 1 16 0 1029.56499674
2 1 32 1 972.215507191
1 2 32 0 284.132008625
1 2 2 1 1112.1050298
1 2 4 0 535.878109259
16 1 2 0 2390.47472179
1 2 32 1 466.49119013
4 1 2 0 1447.47964833
8 1 2 0 1429.39558363
8 1 1 1 1956.74093759
16 1 4 0 2537.02259349
4 1 16 0 1591.02070222
2 1 4 0 973.541909939
1 1 2 0 515.863272456
1 1 4 1 631.280551873
2 1 4 1 1010.00251597
8 1 4 1 1769.78275642
1 2 8 0 670.823950779
8 1 8 1 2016.28808774
32 1 32 1 3257.30780392
1 2 1 1 986.401107143
32 1 1 0 2826.24687304
16 1 1 0 2185.74752177
2 2 2 1 677.445268173
32 1 16 1 2319.18635602
4 1 4 1 1602.73812755
1 2 16 1 485.483294186
32 1 16 0 2700.63995492
16 1 2 1 1998.11074971
1 1 16 0 225.045980939
2 1 1 0 921.427524714
1 1 2 1 208.316421723
4 1 4 0 1463.81261982
1 1 4 0 432.360891639
1 2 8 1 328.124888959
32 1 32 0 2961.08575101
1 1 8 1 494.980524317
1 1 1 1 192.635110633
32 1 2 1 2680.72326219
16 1 16 0 2519.93039854
4 1 8 1 1434.51037146
2 1 2 0 855.585111904
32 1 4 1 2647.23044216
4 1 1 0 1469.00416214
1 1 32 1 339.444055377
1 1 8 0 282.538187763
4 1 32 1 1430.36128001
1 1 32 0 536.34619817
2 1 2 1 902.813655486
8 1 16 1 1843.88450644
16 1 1 1 1805.21925904
1 1 1 0 215.769070454
8 1 4 0 1768.24848713
16 1 8 0 2617.73017939
4 1 32 0 1525.09222084
8 1 16 0 1702.96088709
2 1 32 0 1083.85378216
1 2 1 0 1007.89019145
8 1 1 0 1903.69808658
2 2 1 1 379.620011254
32 1 8 1 2461.00360337
16 2 4 1 903.832307363
1 4 2 0 222.772701495
16 2 1 0 1868.31671243
1 8 16 1 1067.79012931
16 4 8 0 1343.91360951
8 4 8 0 1354.77411034
32 4 2 1 1067.20258588
8 4 16 1 1472.79757547
4 4 32 1 533.981104587
2 4 16 0 463.157294322
16 2 16 0 1420.14096898
8 2 2 1 1609.08857364
4 2 32 0 294.619277431
1 4 2 1 689.003437138
4 2 4 1 415.464682411
1 8 8 1 617.681508565
16 2 4 0 815.760272309
1 4 8 1 1072.49537191
4 2 32 1 765.936032347
32 4 32 0 508.425329281
8 2 1 0 1608.81282692
4 4 1 1 916.624690178
4 4 32 0 395.103252567
32 2 2 1 2074.07450782
16 2 32 0 2113.6389958
4 4 4 0 618.796660886
2 4 1 1 739.219815166
1 4 8 0 551.704722969
32 2 32 0 1503.25159394
4 4 8 0 315.996130992
2 2 4 0 799.748029747
8 2 16 1 1360.7840075
1 4 1 0 861.362632654
16 2 32 1 2020.36277167
32 2 32 1 1241.88023564
2 2 16 0 629.810268759
1 4 1 1 798.487453041
4 4 2 1 467.816994978
1 4 32 0 1256.31390294
8 4 32 1 373.41522348
32 2 16 0 1671.38521243
8 4 8 1 570.514260096
4 2 2 1 1165.10549706
8 2 8 0 1506.19739588
32 4 4 0 2149.16823409
1 8 2 0 297.259767391
16 2 8 1 744.62103764
8 2 32 1 482.126687626
2 4 4 1 837.925453533
2 4 32 1 394.684176839
4 4 1 0 311.58894667
32 4 1 0 1184.69381447
32 4 4 1 1737.08717002
16 2 16 1 1563.01804088
4 2 8 0 448.513920576
32 4 1 1 1291.4216798
4 2 8 1 449.125001289
32 2 2 0 1531.68840394
32 2 4 1 1452.83634473
1 8 4 0 981.93273355
16 4 16 0 1899.56256533
2 2 8 0 429.276053402
2 2 32 1 942.796725259
4 2 16 1 601.188290513
2 2 8 1 245.347136273
16 4 4 0 630.130732425
8 2 16 0 472.920406448
8 2 1 1 881.693125424
2 2 32 0 918.600938462
2 4 1 0 760.799818595
1 8 4 1 275.894997657
4 4 2 0 1033.65361218
16 4 16 1 2170.76788269
1 8 1 1 278.040641302
8 4 16 0 486.788257608
1 4 16 0 1133.81605144
1 8 2 1 216.293373046
32 4 16 1 2499.71099627
8 2 2 0 585.626913936
16 2 1 1 1521.53536674
16 4 8 1 1198.09533049
8 2 8 1 1047.31645013
2 2 4 1 357.785056367
4 2 2 0 397.059596089
8 4 2 0 1461.35096957
1 8 8 0 1218.56682403
4 4 8 1 392.107470497
4 2 4 0 868.813723755
2 4 2 0 788.753158005
16 4 2 1 1228.26320363
4 2 16 0 1246.9164763
2 2 2 0 269.619337968
32 2 4 0 1204.26068433
16 4 4 1 669.809310183
32 4 16 0 1796.04683081
32 2 8 1 1164.35716467
8 2 4 0 723.059873654
8 4 4 1 596.0863295
2 2 16 1 811.22905214
32 2 8 0 1459.92869754
2 4 4 0 400.324682327
2 4 8 0 712.991555885
8 4 2 1 1540.18420149
8 2 32 0 808.696637556
16 4 32 0 603.208650098
2 4 16 1 272.523810447
8 4 1 0 761.24830103
16 2 2 0 1120.61428725
2 4 2 1 786.135357061
16 2 8 0 982.201714043
4 4 16 1 1013.14454
16 4 2 0 887.086203884
1 4 4 0 541.081982323
32 2 1 0 2528.98409296
8 4 32 0 908.226379957
8 4 1 1 493.111798117
4 4 4 1 248.389590681
32 2 16 1 1318.09159498
4 4 16 0 251.341037766
1 4 16 1 1162.98632372
32 4 32 1 660.642920944
1 4 32 1 796.954272915
8 2 4 1 482.556616094
2 4 32 0 315.840333348
4 2 1 0 1082.18931699
4 2 1 1 1200.47472445
32 4 8 0 2111.8092708
16 2 2 1 1502.26835831
16 4 32 1 1328.65780208
2 4 8 1 411.655997408
16 4 1 1 2110.29795147
32 2 1 1 2322.06637225
1 4 4 1 600.100380049
8 4 4 0 541.190663496
32 4 2 0 1466.17590205
16 4 1 0 2159.48436496
32 4 8 1 2329.14456012
4 16 1 1 771.608450735
4 8 1 1 990.913851511
4 8 8 0 1127.64809253
4 16 8 1 1158.07370087
2 8 16 1 722.700163392
4 16 32 1 1065.25493293
8 16 16 0 1485.57024563
16 8 4 0 2008.61030024
32 16 32 1 1692.71210944
8 16 32 1 1452.07308931
16 16 32 0 2038.22848785
1 16 16 0 708.872750864
1 32 1 0 858.188161893
16 16 1 1 2034.72431826
32 8 16 1 2114.03276331
4 16 16 0 955.095370894
32 8 2 0 2294.81149787
4 16 1 0 1055.35437869
2 16 8 1 241.70035812
2 16 2 0 747.770218894
2 8 32 0 1055.11170951
32 16 1 1 2435.34345263
2 8 2 0 787.588475461
16 16 16 1 1962.78019873
8 16 8 0 1637.75181462
4 8 32 0 1038.26731567
4 16 8 0 1197.09316872
4 16 2 1 1306.44528985
16 16 4 1 2064.15704282
1 16 1 0 948.408081064
2 8 32 1 759.059635139
1 16 2 1 1254.13795104
1 32 1 1 819.262748218
8 8 4 0 1195.94015873
4 8 1 0 1039.70067837
16 8 4 1 1809.83267175
16 16 8 0 1902.19550409
32 16 16 0 2443.6226453
8 16 1 1 1601.6424624
2 16 2 1 672.993354181
32 16 4 0 2501.07717991
32 16 32 0 2346.11121685
1 16 1 1 1003.90754622
32 16 8 1 2542.05826234
8 16 4 0 1428.5594106
32 16 1 0 2495.39759631
32 8 2 1 2545.51758716
8 8 32 1 1402.3624535
4 8 2 0 1087.98451028
2 8 1 0 613.329296707
8 8 1 1 1539.09153095
16 8 2 1 2048.33622704
4 16 4 1 1147.87690269
8 16 32 0 1655.42690844
1 16 8 0 1338.80691205
4 16 32 0 1101.15127549
16 16 32 1 1746.99553405
8 16 2 0 1509.3393285
32 8 16 0 2528.68304641
8 8 16 0 1293.62688208
32 16 2 0 2987.48881099
8 8 1 0 1604.84957076
32 8 4 1 2580.16980489
1 16 4 1 1349.3798445
32 8 1 1 2560.38546067
2 8 4 0 714.199730567
4 8 32 1 1232.92013605
1 8 16 0 1048.78921685
4 16 2 0 1209.30244244
8 8 16 1 1489.59767191
4 16 4 0 1195.58059667
16 16 1 0 2013.09024127
1 16 4 0 493.244238529
1 8 32 1 995.859383154
2 16 4 1 723.827558386
16 8 32 0 1871.74732694
32 16 2 1 2696.95786263
32 16 8 0 2581.55772722
8 8 2 0 1548.4515641
2 8 2 1 702.04659904
8 16 1 0 1431.05492796
16 8 1 1 2092.78325128
1 8 32 0 1339.81319508
2 16 32 1 835.644180832
32 8 4 0 2543.52049673
32 16 4 1 2405.98825298
8 8 8 1 1015.31716142
32 16 16 1 2233.03581211
1 16 2 0 693.350549457
2 16 16 1 734.127593543
16 8 2 0 2104.71773159
4 16 16 1 1105.28882582
32 8 8 1 2332.40895232
4 8 4 1 1303.53872989
4 8 16 1 1159.24184785
8 8 8 0 1581.32850528
16 8 32 1 2087.53686923
32 8 1 0 2647.76035286
8 8 2 1 1205.25944975
16 16 2 1 2042.28536915
8 16 4 1 1292.17686047
2 8 4 1 640.819432736
16 8 16 0 2142.38678751
32 8 8 0 2612.14826757
2 16 8 0 670.908687204
16 8 8 1 1600.78913956
4 8 8 1 1189.85307804
1 16 16 1 1255.24731656
32 8 32 1 2259.79047714
2 16 1 1 678.349595473
2 16 1 0 691.789652893
16 16 4 0 2139.84501173
2 8 16 0 751.446222371
1 16 8 1 1184.21545491
16 16 16 0 2138.58871943
4 8 16 0 1120.53846993
8 16 2 1 1451.67052189
2 8 1 1 723.176830883
2 8 8 0 721.475291318
2 16 4 0 902.800490051
32 8 32 0 2503.67802614
2 16 16 0 684.22453243
2 16 32 0 637.424806914
16 16 8 1 1985.88925353
4 8 4 0 1281.49673215
1 16 32 1 923.805961873
8 8 32 0 1519.56452049
8 16 8 1 1562.2346793
16 8 8 0 1763.56124842
16 8 16 1 1744.98835989
16 16 2 0 1755.51808536
8 16 16 1 1147.34229282
4 8 2 1 1127.58771987
8 8 4 1 1310.23808257
16 8 1 0 1904.86103389
1 16 32 0 631.547248254
2 8 8 1 698.451944722
4 32 8 0 928.419594485
1 32 2 1 1278.00473343
16 32 32 1 1520.65095269
1 32 8 1 417.786419584
1 32 4 0 1343.63701372
1 32 32 1 1253.63617285
1 32 8 0 1192.73441111
16 32 2 0 1721.14920376
2 32 16 1 653.606046745
32 32 16 0 2256.20215681
8 32 8 1 1481.95121158
8 32 1 0 1643.68136839
4 32 4 0 1079.76613588
8 32 2 0 1423.08435295
2 32 2 0 748.593976244
32 32 16 1 1652.69560224
8 32 8 0 1514.72822947
32 32 8 1 1851.29317586
32 32 2 1 1908.97441581
1 32 16 0 1374.04830508
2 32 4 0 803.246412888
2 32 1 0 668.713061128
32 32 4 0 2333.87803461
8 32 16 1 1375.00707989
4 32 2 0 1164.47559923
32 32 2 0 2602.04877918
2 32 32 0 716.408478391
8 32 32 0 1374.04929537
2 32 8 1 786.216168487
16 32 32 0 1708.70453984
16 32 2 1 1946.98937019
4 32 1 1 1041.2757557
2 32 4 1 755.174967491
32 32 4 1 2570.69736002
4 32 2 1 971.738277348
8 32 2 1 1450.12355694
32 32 1 1 2239.56720708
1 32 32 0 766.107210631
1 32 16 1 1236.08426136
32 32 8 0 2434.97133866
4 32 1 0 933.0469061
1 32 2 0 526.7259496
32 32 32 1 2351.64452594
2 32 1 1 684.158327181
4 32 32 0 765.833057257
16 32 1 1 1827.66342917
16 32 1 0 1961.02197425
16 32 8 1 1581.81757198
4 32 16 0 833.468579719
16 32 16 0 2070.47761407
2 32 16 0 749.929909303
4 32 16 1 956.27504624
4 32 32 1 1156.44845744
8 32 4 0 1554.59864282
16 32 16 1 2077.90766455
32 32 1 0 2768.23071875
2 32 2 1 792.146882682
4 32 8 1 1133.28631056
32 32 32 0 2044.66975539
8 32 1 1 1469.82112152
16 32 8 0 1433.59328184
2 32 8 0 717.287663042
1 32 4 1 1313.54980101
2 32 32 1 899.694330405
4 32 4 1 1092.57372253
8 32 4 1 1506.6665784
8 32 32 1 1522.18577334
16 32 4 1 1692.68948112
16 32 4 0 1966.25385822
8 32 16 0 1603.45492229
