2 1 32 1 331.015249869
1 2 2 0 84.9419298951
8 1 2 1 351.753572964
16 2 4 0 153.008003681
1 1 2 0 100.373294274
4 1 1 0 221.398328568
2 1 8 1 287.984911895
1 2 8 0 126.271345684
8 2 4 1 149.714072674
8 1 32 1 453.7512105
32 1 2 0 110.104319514
2 2 32 0 159.771005343
1 2 32 1 128.783539437
32 1 8 0 436.101621088
32 2 1 1 126.028800646
2 1 16 0 318.816717281
32 2 4 1 160.15112081
2 2 2 0 103.626272552
4 2 32 1 194.095976043
32 1 8 0 172.866937588
4 1 4 0 348.195473211
16 2 2 1 171.769881897
32 2 8 0 150.775823629
16 1 2 0 391.878753011
32 1 2 0 409.615499731
16 2 2 0 146.739568468
1 2 1 1 62.4820413906
8 2 8 0 174.128803732
32 2 2 0 143.560115502
4 1 8 0 445.818156851
32 1 1 0 118.681301373
1 2 2 0 100.420171147
1 2 32 0 113.173118064
1 1 8 1 147.274236743
8 2 2 0 163.028118949
32 2 1 0 146.940767416
32 1 1 0 389.174239055
2 2 8 0 127.210353084
32 1 32 1 414.809355963
1 1 2 1 96.4006594403
32 1 16 1 314.950964838
1 1 4 0 136.591006858
8 1 2 0 350.001325133
16 2 8 1 165.559561812
32 1 2 1 154.499967742
4 1 4 1 333.328827133
16 2 16 1 140.085076444
8 2 2 1 160.485902299
16 2 16 0 180.680201988
32 1 8 1 440.001487608
1 2 1 0 41.1855563793
4 1 32 1 381.012980119
2 1 16 1 307.689866715
16 1 32 0 529.063748792
4 1 2 1 268.696679803
2 2 1 0 86.4159369246
2 1 2 1 137.16592827
32 1 32 1 154.939955623
2 2 2 1 102.431339798
2 1 1 0 127.461470407
16 1 1 1 392.394380134
8 2 1 1 143.652395565
8 1 4 0 415.578865305
8 1 8 1 459.767442033
32 1 1 1 115.435384613
2 2 1 1 96.7384866018
16 1 16 0 552.763326409
32 1 4 0 165.158013576
8 2 32 1 154.005208614
1 2 1 1 72.5765704804
1 1 4 1 158.01535892
4 2 2 0 135.673006049
16 1 1 0 390.319778173
4 1 2 0 247.053112136
32 1 16 0 422.808452673
8 2 4 0 166.067317587
4 2 32 0 159.791109924
16 2 1 0 175.632816347
1 2 2 1 79.4422385228
4 2 8 1 161.122894678
4 1 16 0 395.540137589
1 1 1 1 47.1629600417
16 1 32 1 385.581580913
4 2 1 1 124.737071373
4 1 16 1 410.25797739
32 2 4 0 168.821133196
1 1 32 1 154.70184361
2 2 4 0 142.96764014
2 1 2 0 174.22450671
4 1 8 1 384.652583942
1 2 16 0 130.071969638
8 1 8 0 455.967108515
4 1 1 1 208.900382582
2 1 32 0 332.237672497
1 2 16 1 125.38606136
16 1 8 1 423.890045757
2 2 32 1 145.990790183
1 1 16 0 151.42359017
8 1 32 0 463.179589238
8 1 16 0 427.903492852
32 1 4 1 154.889151426
8 2 32 0 170.453029053
1 1 32 0 166.444183074
1 2 4 0 117.162795955
16 2 32 0 143.467247482
16 2 32 1 189.568951285
32 1 2 1 464.976230866
2 1 8 0 321.106603639
16 1 8 0 397.580128262
1 2 1 0 67.8405488821
32 1 4 0 461.933163166
32 2 16 1 210.746397066
4 2 2 1 129.696495932
4 2 8 0 167.323354958
32 2 2 1 137.173051063
16 2 8 0 180.488903129
1 2 4 0 155.803590041
32 1 16 1 146.000544246
8 2 1 0 140.688519608
16 2 1 1 154.629987247
16 1 2 1 248.564966305
8 1 4 1 374.729340545
1 2 4 1 114.370205537
8 2 8 1 155.399653052
4 2 4 1 144.340325468
2 1 1 1 123.686290131
4 2 16 1 165.925734692
16 1 16 1 442.02467469
8 1 1 1 322.868438086
32 1 8 1 148.725582625
4 2 4 0 152.500375107
32 2 8 1 139.582159895
32 1 4 1 477.543143574
1 1 16 1 159.277708423
2 2 16 1 151.354680969
32 1 1 1 388.554888915
1 2 4 1 156.068908237
32 1 32 0 176.056674978
16 1 4 0 461.633006573
8 2 16 1 160.239822672
1 1 1 0 69.9065474625
2 2 4 1 119.736844704
1 2 8 1 113.513033716
4 2 1 0 87.8251066558
16 2 4 1 157.160753881
32 1 32 0 485.990917549
8 1 1 0 346.203773651
16 1 32 0 177.153940475
2 2 8 1 152.67108027
16 1 4 1 394.464224959
2 1 4 1 230.29626967
1 1 8 0 161.736193509
2 2 16 0 135.046049589
4 1 32 0 404.044345812
8 1 16 1 418.09219467
8 2 16 0 180.211289221
2 1 4 0 265.244462836
1 2 2 1 110.114708729
4 2 16 0 183.492002014
4 2 4 1 263.262498203
8 4 4 0 452.110915377
1 4 8 0 149.853787339
4 4 1 1 204.297126611
2 8 8 0 228.803651419
1 2 16 1 154.031623612
8 2 4 0 444.518836354
32 2 1 1 438.446305147
8 4 1 0 301.575932305
4 8 2 0 271.281873251
1 4 8 1 151.159183287
1 4 1 0 70.0320839886
2 4 1 1 119.969028297
32 2 32 0 471.747912859
8 4 8 0 447.215873506
1 4 32 0 152.515092069
32 2 8 0 300.458023436
1 8 2 0 101.788964187
2 4 4 0 239.536808933
16 4 16 0 536.166808796
32 4 1 0 403.149131062
2 4 16 0 296.217937452
1 4 2 1 98.206020185
32 2 2 0 395.80001054
1 2 32 0 159.787865657
8 8 4 0 407.376330076
4 4 4 0 349.559120451
2 4 2 0 162.542209642
16 4 2 1 443.265477521
8 2 8 1 449.036279795
16 2 2 0 454.687306254
2 2 32 0 334.059754752
2 2 2 1 158.388177929
1 2 16 0 158.145291564
16 2 4 0 529.122611678
1 4 4 0 151.086573791
32 4 16 0 435.203661515
4 8 16 1 294.5587493
2 2 1 0 126.397605589
32 4 8 1 407.336071632
1 8 8 0 153.167599117
1 8 4 1 125.93045513
2 8 32 0 291.156667202
8 2 1 0 266.384324399
4 4 8 0 346.713058972
2 4 32 0 304.855574286
2 8 2 0 163.353609708
1 8 16 0 159.487339055
2 2 4 0 252.76031232
16 2 16 0 402.181349681
32 2 2 1 476.643697237
4 2 2 0 277.164997776
8 8 4 1 378.380607689
8 4 1 1 290.971675367
4 4 32 1 388.846897673
32 2 4 1 471.496989673
16 4 1 1 367.771833062
8 8 2 0 346.165499
4 2 8 1 402.308314633
32 4 2 1 354.80896399
16 2 2 1 360.645008617
2 4 32 1 245.478647532
32 4 16 1 463.784773635
4 4 16 0 380.550598933
1 2 32 1 156.600675558
2 8 1 0 122.440962865
4 8 1 1 182.792838486
1 4 4 1 142.83603248
4 2 16 1 418.577104491
2 4 4 1 199.656768143
8 4 32 0 477.453658248
4 8 8 0 378.988517532
4 8 4 0 326.819861064
4 4 8 1 358.93262106
8 2 4 1 425.500500835
2 8 1 1 122.363192182
8 2 32 1 471.604638955
2 2 4 1 229.458986511
8 2 16 1 497.019556332
32 4 4 1 431.108058587
16 4 16 1 432.76684868
4 2 1 0 218.89943996
2 2 32 1 301.269366983
16 4 2 0 451.594024862
1 4 1 1 66.9642487637
32 4 32 1 429.218130499
4 4 32 0 374.178845474
4 2 2 1 273.73656419
8 8 8 0 472.916923554
2 2 1 1 128.143806312
4 8 2 1 257.623917347
16 2 4 1 493.567045578
1 8 32 1 153.295391018
2 8 16 0 284.676537008
16 2 1 0 392.250047319
16 4 32 0 535.612515989
2 8 32 1 270.201535384
4 8 8 1 370.84068763
32 2 1 0 442.527407232
16 4 8 1 435.939098546
8 4 2 1 349.500287965
8 8 8 1 380.982670049
8 8 2 1 309.912222247
4 4 16 1 337.754697994
32 4 1 1 361.051506744
2 4 8 1 267.886043523
1 4 16 1 133.779030461
4 2 32 1 360.89776849
8 4 16 0 413.827902183
4 4 2 0 278.400652976
4 2 1 1 184.225333007
4 2 32 0 345.386245167
4 8 4 1 324.985407951
1 4 16 0 159.47560929
8 4 2 0 316.722665854
4 4 4 1 317.622537254
4 2 4 0 385.402749424
8 4 16 1 419.405594041
32 4 32 0 371.994413974
2 2 8 0 275.714710047
2 4 1 0 110.15409548
8 2 1 1 327.92662556
32 2 4 0 434.88030452
2 8 4 0 269.883518698
1 8 32 0 153.968428032
1 2 8 1 141.201688087
8 2 8 0 429.230743652
1 8 4 0 154.441024048
16 2 8 1 293.066974704
2 8 16 1 279.600905358
32 2 8 1 348.086728529
16 2 32 0 324.609085482
8 2 2 0 420.903292894
16 2 1 1 389.655418204
16 2 16 1 485.550057312
1 8 1 0 69.6194590637
32 4 2 0 371.716670511
4 2 8 0 437.854065285
2 4 8 0 295.220374178
1 2 8 0 157.79870703
8 4 32 1 353.92604767
4 8 32 0 363.191533343
8 2 16 0 447.325441977
32 2 32 1 535.333071184
16 2 32 1 407.646619923
4 2 16 0 360.186900938
4 4 2 1 256.11544465
2 8 8 1 283.899108241
4 8 16 0 420.354816163
1 8 1 1 69.6056207632
16 4 4 1 469.50501054
1 4 2 0 99.2496014229
32 2 16 0 567.966423126
16 2 8 0 482.380544911
2 2 8 1 246.338758367
8 8 1 0 329.089726542
1 4 32 1 159.17338563
2 4 16 1 266.783160168
2 8 4 1 193.240192237
4 4 1 0 224.671298484
2 8 2 1 170.349983461
8 2 32 0 439.129085833
8 8 1 1 289.899078873
4 8 1 0 206.74556161
2 2 2 0 171.76499472
1 8 16 1 146.24465943
16 4 8 0 470.39489246
32 4 8 0 447.434233477
8 4 8 1 477.469738649
2 2 16 1 268.867224568
32 4 4 0 442.272961931
32 2 16 1 377.4689566
1 8 2 1 96.4502985291
1 8 8 1 124.572790229
16 4 32 1 509.703486607
2 4 2 1 177.278209783
4 8 32 1 336.645100206
8 2 2 1 369.050979636
16 4 4 0 384.483398442
16 4 1 0 386.56186405
8 4 4 1 409.687321585
2 2 16 0 313.315149172
4 16 16 0 402.566875702
1 1 8 1 80.5834579507
2 32 1 0 125.880700219
1 16 32 1 133.422132793
2 16 1 1 121.205910252
32 8 8 0 455.237405139
32 8 1 1 354.650195152
2 16 2 0 156.448259549
2 1 2 1 68.9068475578
32 16 32 0 412.356388785
16 32 4 1 377.023788094
2 16 4 0 250.802443667
8 32 32 1 280.323530459
16 16 8 1 464.37422465
1 16 1 0 69.8784594161
8 16 8 0 423.884629618
4 16 2 1 254.980371788
8 8 16 1 377.810369283
8 32 32 0 414.907589377
4 32 2 0 242.822122073
4 16 4 1 281.947291914
1 16 4 1 138.644663894
16 32 32 1 317.504229907
8 16 32 0 433.545625306
4 32 32 0 392.013754257
2 1 4 1 79.490356832
2 32 2 1 49.707260802
2 32 16 1 257.819274163
4 16 8 1 338.847476114
8 16 16 1 391.589547593
8 32 4 0 410.276834219
16 16 1 0 344.722585726
2 32 8 0 266.964886136
1 32 1 0 67.0099246507
32 16 32 1 390.646625346
16 8 2 0 397.859205365
8 16 4 1 361.372476136
16 32 16 0 426.310603211
16 16 32 1 372.918642605
16 32 32 0 484.023860755
16 16 2 1 363.50914448
2 32 1 1 123.611006003
2 1 4 0 78.8209968466
1 1 2 1 57.3007201639
4 16 32 0 319.455130299
1 1 1 0 54.0750044901
16 32 2 1 282.875966313
8 32 16 0 421.024832631
2 16 32 0 273.376281328
16 16 16 1 403.982116623
32 32 16 1 318.783687911
1 16 8 1 146.734573789
4 32 4 1 199.571374907
8 8 32 1 424.597854436
16 32 1 1 313.085243203
32 16 4 1 372.424714332
4 16 16 1 350.52510672
16 8 4 1 406.611970791
16 8 1 1 336.874108464
2 32 32 0 258.086773702
32 16 1 0 385.878530574
32 32 2 1 339.617176806
1 32 1 1 68.9234972255
1 32 32 0 156.060231934
4 32 1 0 205.118996344
32 16 2 0 430.429986425
4 32 4 0 278.871015096
16 8 32 1 427.070213881
1 16 2 1 90.2908197322
32 16 1 1 311.943047806
1 32 2 0 96.6717942425
16 8 16 0 258.862017025
8 16 2 1 283.659783072
8 16 1 1 287.536352439
16 32 8 0 482.69675318
16 16 16 0 538.901269447
32 8 4 0 448.681435362
1 32 32 1 145.789464775
32 16 2 1 389.687902354
32 32 16 0 441.293721692
8 16 8 1 365.635006921
32 16 8 0 422.721467534
1 32 16 1 139.607644002
32 8 4 1 308.009019744
2 16 8 1 250.405437528
8 16 32 1 395.126787563
2 32 2 0 161.639268956
1 1 16 0 72.4897437478
32 32 32 0 407.523499038
4 32 2 1 235.403154998
32 32 32 1 380.526140707
16 32 8 1 398.415088435
8 16 4 0 394.789607619
1 16 32 0 152.870678478
1 16 2 0 97.5886104854
1 1 2 0 57.04301621
2 16 32 1 191.717434435
1 16 4 0 155.113242556
2 1 2 0 72.9504471806
8 32 2 0 317.042515401
16 8 32 0 459.509307973
8 32 2 1 292.167189569
8 8 16 0 435.134468896
32 16 16 1 342.647457199
32 16 8 1 476.489316127
16 8 8 1 423.200001363
1 16 16 0 152.948436217
1 32 8 0 141.62114054
2 16 1 0 124.060208009
4 32 32 1 312.646230688
8 32 4 1 300.789159499
4 32 8 0 365.445149834
2 16 8 0 287.253897118
16 8 16 1 430.240960991
4 32 16 1 310.89378921
1 32 4 1 136.317408491
1 1 32 1 89.6822169137
32 8 16 1 358.811662534
16 8 4 0 483.371870499
8 16 1 0 270.473227296
2 32 8 1 249.276284584
32 8 8 1 346.46261644
32 8 32 0 451.820344384
16 16 4 0 485.531442974
8 8 32 0 467.244406438
16 8 8 0 471.788600376
16 32 1 0 376.968649402
32 32 8 1 246.052459602
1 1 16 1 86.7934127079
2 32 4 0 227.153483367
1 16 1 1 72.3507198202
4 32 1 1 192.41274385
16 16 2 0 413.652380845
2 1 1 1 66.3961424038
32 16 16 0 373.349077771
16 32 2 0 398.920123217
4 16 2 0 272.075032445
2 16 2 1 162.203089398
32 8 16 0 419.731149249
4 16 1 0 212.261856071
1 32 2 1 89.3116694152
1 16 8 0 134.169920079
4 16 32 1 360.442998412
1 1 1 1 37.1726883641
2 32 32 1 253.216960935
4 16 8 0 388.257431483
32 8 1 0 436.076184869
8 32 8 1 381.577066339
4 16 4 0 319.024178548
16 8 1 0 394.155512097
8 32 1 1 244.847615409
32 32 1 1 326.746399659
8 32 8 0 421.954722852
16 32 4 0 443.327949994
32 32 4 0 412.495757564
1 32 8 1 131.432373664
32 8 2 1 380.164282811
16 16 32 0 390.684043438
32 8 32 1 367.62305626
2 16 16 1 290.412755407
32 32 2 0 401.567383718
2 1 1 0 65.9836881523
8 16 16 0 478.293483307
8 16 2 0 343.59357861
32 32 1 0 420.564951943
16 32 16 1 342.697526708
8 32 16 1 299.822713774
16 8 2 1 393.550080374
32 8 2 0 410.733727448
2 1 8 1 92.7961381519
4 32 8 1 269.266226724
1 1 8 0 74.1681568022
2 32 16 0 276.80732767
4 16 1 1 182.342740865
16 16 8 0 453.594451799
4 32 16 0 370.22402059
1 1 32 0 72.8022625581
1 1 4 1 73.9024332439
2 16 4 1 209.033848025
16 16 4 1 398.728455821
1 16 16 1 149.138085845
2 32 4 1 167.160700239
32 32 8 0 412.726439751
1 32 16 0 154.518724144
32 16 4 0 429.183622361
32 32 4 1 353.909263544
1 1 4 0 76.0657671305
1 32 4 0 149.967392499
8 32 1 0 296.163014802
16 16 1 1 278.500023927
2 16 16 0 278.917119094
8 1 1 1 93.2405892018
4 4 1 1 62.8670528379
2 2 16 1 88.8774086146
8 4 1 1 72.1604273123
8 2 2 1 78.2847608532
8 1 1 0 80.3265055076
32 1 8 0 77.4579243813
4 2 32 1 88.1216817202
32 1 2 1 85.9973381854
16 1 2 1 73.3671836652
2 4 8 1 81.0682164624
1 2 8 1 85.0485123979
8 2 4 0 90.3163883681
4 1 4 0 83.4879815961
2 2 32 1 91.1752949942
4 4 2 1 79.6307284945
1 4 32 1 61.4617459421
1 2 2 1 56.8665264424
1 4 16 1 62.1062533596
1 4 16 0 77.0564098857
16 2 8 0 74.8591811093
2 4 2 0 48.6135854072
1 2 4 1 82.0027661306
8 4 2 0 74.4131978978
8 2 2 0 75.7698205654
8 1 8 0 80.7205824673
16 1 16 0 89.5388508013
8 2 1 0 75.5280234111
8 2 1 1 81.1220205343
1 4 1 0 50.1110245435
4 1 1 0 68.7868964002
32 2 2 0 77.0961727646
32 2 32 0 75.0336277828
32 1 1 1 72.6089691529
2 4 2 1 58.1680462621
8 2 16 0 91.3155824212
8 1 32 1 96.458278731
4 1 8 0 77.6553651475
2 2 8 0 75.1784997801
4 2 2 1 80.5022456104
4 4 32 0 70.3908866291
4 2 16 1 92.8167969178
8 2 32 1 64.1316349914
4 1 2 1 77.3885615169
2 4 32 1 87.0072265396
32 2 1 1 73.3423045234
8 1 2 1 83.3272205847
8 4 16 0 90.7775377069
2 1 8 0 64.6043906408
8 4 2 1 78.2775344644
16 1 8 0 74.5649721297
2 4 32 0 81.4706858084
16 2 1 0 81.6656113146
16 1 16 1 83.3294778218
2 1 16 1 100.182120586
2 4 4 0 73.1596659274
2 4 1 1 69.4067281509
2 1 32 0 98.3234484592
16 2 2 0 80.118118194
2 1 16 0 76.029440275
8 2 4 1 87.7295989034
8 1 2 0 96.4979166326
4 1 1 1 72.7375944438
1 2 32 1 74.6792163706
2 2 8 1 82.1210506072
4 4 16 1 84.5225088274
1 2 4 0 73.5308567031
2 4 16 0 68.3453544547
4 1 2 0 89.1577293265
4 2 1 0 66.4924005006
32 2 4 0 73.4650015138
1 2 16 1 72.4113755051
16 2 1 1 89.7915034886
32 2 16 0 74.7388474647
16 1 1 1 88.3248482856
16 2 4 0 81.6202472707
4 2 8 0 89.3952414258
8 1 4 0 79.1825834872
32 2 16 1 63.3324799801
1 2 2 0 48.5611661577
2 1 32 1 85.4931068447
2 2 16 0 89.8539890646
4 1 32 0 80.7570239309
16 1 32 0 62.6054201771
1 2 32 0 85.8479626428
2 2 32 0 98.3415800496
32 2 1 0 71.5057177963
1 4 8 0 83.7162766536
16 1 32 1 81.1916792883
1 2 1 0 46.0583667522
32 2 8 0 70.0707966943
16 1 1 0 92.46334752
8 4 4 1 71.9931504983
2 4 16 1 71.853402701
1 4 8 1 77.7927059448
16 1 8 1 78.8230106224
4 1 8 1 79.1583952394
2 2 4 1 74.6669529102
32 1 8 1 68.3829898807
2 4 8 0 79.6890089602
8 2 16 1 72.1905666665
4 4 8 1 72.0049615552
32 1 1 0 81.0804355438
1 2 1 1 48.4664567162
4 4 4 0 74.6138683724
16 1 4 0 72.1057501383
1 4 2 1 61.2151318676
8 1 32 0 80.5650824065
8 1 4 1 95.0025486608
8 1 16 0 95.7525003638
4 1 32 1 101.16626387
2 4 4 1 72.7121776924
4 1 16 1 82.1201891247
4 4 2 0 66.3099488766
16 2 16 0 77.2342648054
16 1 4 1 81.0070136062
8 2 8 1 87.6965646601
1 4 4 0 64.5724997167
4 2 8 1 83.7257517241
1 4 1 1 32.3366663273
16 2 32 1 54.3174903361
8 4 8 1 83.4795368461
32 2 2 1 62.0543243875
4 2 4 0 91.1165304309
32 2 8 1 59.9872676862
4 4 16 0 76.400058762
4 4 4 1 88.7594354937
32 1 4 0 84.5509728766
4 4 8 0 77.0441172409
2 2 1 0 62.1447104265
4 1 16 0 84.5759099938
1 4 4 1 62.2031862368
2 4 1 0 48.6040595265
2 2 4 0 72.4629030168
4 1 4 1 78.5178344011
16 2 4 1 87.3433313991
16 2 8 1 62.9538498729
4 2 16 0 84.9677522932
8 4 1 0 74.4263920184
32 1 2 0 77.005188129
16 2 32 0 89.976118831
16 2 16 1 69.4783424882
32 2 4 1 53.9200605732
16 1 2 0 75.3952068948
32 2 32 1 76.9293434214
16 2 2 1 82.2858935875
2 2 2 1 53.1514875531
1 2 16 0 72.124401398
8 2 8 0 87.115245225
4 2 32 0 84.2050605114
1 4 32 0 80.4237062923
8 1 8 1 75.0476978962
4 2 2 0 83.6234569963
32 1 32 1 66.3566484165
1 2 8 0 86.2996989377
2 2 1 1 61.4674903904
32 1 4 1 85.5343904411
1 4 2 0 56.5060531125
4 2 4 1 84.8862249243
8 4 8 0 80.691050746
8 4 16 1 84.4248223988
4 4 32 1 77.2549982468
4 2 1 1 55.1589350132
2 2 2 0 73.3676968148
32 1 32 0 66.1084497775
4 4 1 0 69.9276588139
8 4 4 0 79.3970623587
32 1 16 0 72.9625135565
32 1 16 1 83.8594930933
8 2 32 0 66.6364591154
8 1 16 1 64.8678241265
16 8 4 0 76.9626503751
4 16 16 0 81.4791593652
32 4 2 0 60.4243721859
16 16 1 0 66.6686252183
2 8 8 0 73.7369481947
32 8 16 1 74.2876736844
32 16 1 0 59.4290404648
32 8 16 0 64.5956502143
4 8 2 0 80.481646999
4 16 4 0 65.8282955638
2 16 32 0 77.0636276993
4 16 2 0 65.0473402887
2 8 2 1 57.6769450842
8 8 1 1 80.2293798515
8 16 32 0 76.1013888875
16 4 8 0 83.7849291969
1 16 16 0 62.9796313452
1 8 16 1 69.9981526352
32 4 4 1 44.1673536246
2 16 1 1 49.85893244
4 16 4 1 65.1500775768
8 16 1 0 74.4267035807
8 8 4 0 84.8588390436
16 8 16 1 68.42068463
1 8 1 1 42.4194489459
32 8 1 1 60.9741180814
1 8 8 0 70.027868171
8 16 4 1 71.243157315
8 16 8 0 71.2566935707
4 8 4 1 86.6941569316
16 4 16 0 66.4187098829
16 16 1 1 65.8387984173
1 16 2 0 48.5566906047
1 8 1 0 46.8276867337
32 4 32 1 69.7038189179
16 16 2 0 79.2590935667
1 16 32 1 57.578921171
16 4 16 1 70.2702036281
16 16 16 0 80.9970681135
16 4 8 1 70.4716956135
16 4 4 0 80.9619844156
1 16 4 1 61.3130135225
16 16 32 1 59.0971468987
32 16 8 0 68.1722196486
4 8 8 1 80.044601642
8 16 32 1 69.5498096341
2 8 8 1 77.2826886265
1 16 4 0 65.8798668924
32 8 2 1 67.061273171
32 4 8 1 48.8060551434
32 16 4 1 47.5535180232
8 8 32 1 66.3120573904
4 8 1 0 54.6952714472
1 8 32 0 66.5678685047
8 16 1 1 70.6926646289
2 16 4 1 67.767010568
32 4 8 0 83.4965676252
16 4 2 0 83.460866128
4 8 2 1 67.9088117797
4 16 8 0 71.2714358871
1 16 1 0 46.38512484
2 16 8 0 74.8965316533
8 16 4 0 53.0614988679
2 8 1 0 63.1646690429
2 8 4 0 75.3444697978
2 16 1 0 52.4127100904
16 4 32 0 75.2483711011
16 8 1 0 69.0026888815
2 16 4 0 63.3786510633
4 16 32 1 68.4151288355
16 16 32 0 67.1004259307
8 16 2 1 75.9204368108
32 4 32 0 61.0143544989
2 8 32 1 74.6584606853
8 16 16 0 71.0062734428
4 16 1 1 67.3396387511
8 8 2 1 81.155554077
1 8 32 1 67.632170518
1 8 2 1 52.4652470558
8 8 16 1 64.8809199778
16 16 4 1 69.2008522312
4 16 1 0 51.5437013247
1 8 16 0 66.5910855345
8 8 8 0 84.7884914472
32 16 2 1 49.9110812513
2 16 2 0 54.4039848328
16 8 8 1 53.2713702926
32 4 4 0 77.8922131713
8 4 32 0 72.5286981456
1 8 4 1 71.0540872269
2 8 16 0 81.304356716
32 4 16 0 65.0164774811
4 8 32 0 83.6343580344
16 8 32 0 71.0637915495
16 8 2 1 73.7693114597
16 4 1 0 80.4390379577
1 16 16 1 55.4627503564
4 8 16 1 73.0238661389
2 16 8 1 57.3048427947
16 16 4 0 78.1285667501
4 8 32 1 86.6117159614
2 8 2 0 62.9907956277
32 8 2 0 68.5142376307
1 16 2 1 47.4768403756
32 16 1 1 64.9230720098
8 8 16 0 80.3039064595
2 16 16 1 63.3784634265
32 8 32 1 58.9297556922
32 16 16 1 55.3430985553
4 8 16 0 82.4567078575
2 8 16 1 72.8148966019
16 4 32 1 70.5891293992
16 4 2 1 82.5786272369
16 8 1 1 64.6936527497
1 16 32 0 33.8184401343
32 4 1 1 72.652650781
32 8 4 0 69.4655837929
16 4 1 1 87.2311920621
16 8 2 0 72.2540115068
2 8 32 0 63.2042580554
2 8 4 1 76.5584343377
16 16 2 1 65.4913925302
16 8 16 0 71.192271808
32 4 2 1 68.0911274268
32 16 8 1 60.0283277929
32 8 1 0 64.4601446408
32 8 8 1 67.282283375
4 16 2 1 65.4571414433
4 8 8 0 81.2681878545
2 8 1 1 57.8241684665
16 8 4 1 78.3092540366
2 16 2 1 59.8486780186
4 8 1 1 41.8061011199
8 4 32 1 81.0864900532
8 8 1 0 71.8200182712
8 8 32 0 84.5844347977
1 16 1 1 37.2394741348
8 16 8 1 69.2811742401
32 8 32 0 64.0046509377
8 8 2 0 68.1843746598
2 16 16 0 71.7531755132
16 4 4 1 70.2009650942
4 16 16 1 73.7952339543
1 8 4 0 65.6305504725
16 8 32 1 42.2408989836
16 8 8 0 76.1697180832
32 16 16 0 63.8178035239
4 16 32 0 69.2853430514
1 8 8 1 73.0995521075
32 4 16 1 72.6523337667
8 16 16 1 66.2314174697
1 16 8 1 66.8970878314
16 16 16 1 65.7902703934
32 4 1 0 72.6326691946
2 16 32 1 72.161861949
4 16 8 1 64.1700746524
1 8 2 0 50.2536863287
8 8 8 1 69.9497617937
8 16 2 0 79.2323508913
32 8 8 0 54.3762314258
32 16 4 0 60.0916637298
16 16 8 1 66.8259589456
32 8 4 1 58.0290957242
8 8 4 1 78.9826804497
32 16 2 0 72.3120891093
4 8 4 0 84.6422851538
1 16 8 0 67.0831067693
16 16 8 0 58.5617251439
1 1 4 1 93.3163213357
8 32 4 0 67.6396322875
32 1 16 0 139.768621049
2 32 32 1 54.9500307263
2 1 2 0 115.630014355
