1 2 15 0 1943.62151103
16 16 0 1 6471.52613982
1 2 2 0 1977.66752748
8 1 1 0 2662.93587271
1 32 1 0 2061.52422086
1 32 8 0 2244.6167495
2 32 1 1 3231.41235863
8 32 8 1 3147.39048174
8 32 8 0 3085.79769691
1 1 15 1 1818.2943182
8 32 1 0 5469.22236935
16 1 0 0 3529.63830732
16 1 0 0 3745.33231697
4 32 4 0 3019.72891823
8 32 8 0 3017.70986507
16 1 0 1 3664.7574956
2 32 1 0 2942.93793623
8 1 1 1 2190.71700159
2 1 8 0 1484.99059979
1 32 4 0 1949.20447899
16 1 0 1 4162.96779873
2 32 2 1 3168.69610957
16 32 0 0 6943.26120448
1 32 15 0 2356.75715249
8 1 4 1 2019.92031389
16 32 0 1 6590.46005361
4 32 1 1 4637.27387153
16 1 0 1 3531.18591138
4 1 12 0 1804.82131407
16 16 0 0 6502.21199915
16 16 0 1 6103.8679447
1 1 4 0 1547.06468681
1 32 8 1 1825.26619044
8 1 2 0 2373.75526903
16 1 0 1 3378.07653548
16 32 0 1 6497.58555948
16 1 0 0 3538.37115878
2 1 1 1 1226.5007479
16 32 0 1 6492.45562329
2 1 14 1 1731.07361158
8 1 8 0 2284.33065533
4 32 2 0 4098.06564642
16 1 0 1 4021.2734142
16 1 0 1 4053.68518699
4 32 2 1 2594.13486281
16 32 0 0 6881.77666112
1 2 8 0 1997.42427508
2 32 4 0 2959.94910978
2 1 2 1 1287.89187581
1 1 1 1 1383.45456453
1 32 15 1 2016.85327458
16 32 0 0 6829.57869117
2 32 4 1 3013.62179576
2 1 14 0 1659.45098282
1 32 1 1 2055.86652421
2 32 2 0 3115.35965615
2 32 8 1 2071.3832624
16 32 0 0 6528.45102581
4 1 4 1 1580.69334726
1 32 2 1 1955.53071626
4 32 12 0 2102.88301344
2 2 1 1 2100.45552689
1 1 15 1 1573.01899824
4 1 8 0 1497.91245701
16 32 0 1 6594.95652162
16 32 0 1 6520.09282851
16 1 0 1 3559.09629828
1 2 15 0 2004.62982241
8 1 8 0 2056.26365363
2 2 1 0 2123.47795964
16 1 0 0 4284.40278191
4 1 8 1 1363.06910324
2 32 14 0 2395.04654646
1 32 4 1 2055.49872139
1 32 15 0 1942.28645206
1 1 15 0 1485.51207819
8 1 8 1 2191.84731228
16 32 0 1 6377.87702324
16 1 0 0 3899.95000144
4 32 12 1 1619.05907448
1 2 4 1 1819.76986587
16 32 0 0 6707.13177696
16 32 0 0 6445.42545767
16 1 0 1 3788.4569007
2 1 4 1 1551.83169051
8 1 8 1 2253.53011094
4 1 4 0 1957.10529731
16 1 0 0 3178.95453293
4 1 12 1 1624.19719315
16 1 0 1 4210.49174389
1 2 1 0 1752.72726422
1 2 15 1 1884.31122868
4 32 8 1 2880.60262551
8 32 2 0 5427.64658525
1 32 15 1 1883.91187756
8 32 4 1 4031.31549917
1 1 4 1 1297.22511096
2 32 14 1 1737.04923952
1 2 4 0 1817.88229495
16 1 0 0 2932.55720506
16 1 0 1 3368.2482155
2 32 8 0 3267.36917619
1 2 15 1 1818.12305759
16 32 0 0 6509.31018978
1 1 15 0 1565.36152224
1 1 8 0 1811.27332086
8 32 2 1 4472.1286571
16 1 0 0 4032.51308779
8 32 8 1 2599.99497344
2 1 14 0 1701.0738642
4 32 8 0 3009.85819574
16 32 0 1 6284.25490542
4 32 1 0 4573.53954057
2 32 14 0 2311.5871932
1 1 8 1 1388.24598023
16 32 0 0 6760.02675995
2 1 1 0 1226.17617581
16 32 0 0 6769.37433655
8 1 8 0 2378.52051446
16 32 0 0 6725.33844706
4 32 4 1 4143.94065462
2 32 14 1 1699.58613202
2 1 2 0 1247.86990788
16 1 0 0 3817.72363605
16 32 0 1 6071.36319597
8 32 4 0 4609.66731877
4 1 2 0 2018.39738198
8 1 8 1 2067.96311823
1 2 8 1 2098.23814999
4 1 12 0 1716.37610675
16 32 0 0 6629.14662456
16 32 0 1 6495.97640748
4 32 12 0 2332.17682212
1 2 2 1 2016.51779617
16 16 0 0 6782.11368841
16 1 0 0 4182.22656809
16 1 0 1 3970.97974348
16 32 0 1 6419.80823648
8 32 1 1 5503.79337621
1 1 2 1 1722.20033052
2 1 4 0 1485.7023724
8 1 2 1 1923.54826286
8 32 8 0 2888.18737392
16 4 0 1 5719.43634631
1 8 15 1 1320.8265231
8 2 2 1 3478.24987014
2 2 14 1 1985.41689039
16 2 0 1 5182.88787559
8 4 1 0 4425.62215975
8 2 1 0 3714.05560961
16 4 0 1 5152.41677421
2 8 1 0 2748.17415088
8 2 8 0 2562.50385023
1 4 2 0 2109.43191984
2 2 14 0 1952.15402291
4 4 12 0 2612.23562191
16 4 0 0 4454.43305618
4 2 12 1 2217.04523601
2 4 4 1 2191.32949606
16 4 0 0 5779.32664818
16 4 0 0 4773.56323387
4 4 8 1 2651.77089187
2 2 4 0 2179.97820838
2 8 4 1 2704.86169689
16 2 0 0 5005.22340249
1 8 2 1 1895.36365642
4 2 8 0 2372.21027403
2 2 14 1 1939.84489059
1 4 1 0 1487.97990476
2 2 14 0 1929.38559804
8 4 8 0 2522.79208421
8 2 4 1 2971.51607094
4 2 4 1 2361.62290552
4 8 1 0 3985.11501128
16 4 0 1 5708.18212267
1 8 15 1 1700.91119484
16 2 0 1 5326.27687797
8 4 8 1 2685.29792576
1 4 4 0 2110.16186718
4 4 12 1 2097.00436643
2 4 2 1 2526.92328917
4 4 4 1 2606.84060372
1 4 15 0 1909.43519497
1 4 1 1 1976.60725784
16 2 0 0 5244.31694338
2 2 2 1 1831.00021453
2 8 14 0 1998.82580828
16 2 0 0 5004.28994281
4 8 4 1 2991.51502308
4 2 4 0 2187.49678304
8 2 8 0 2854.79331678
16 4 0 0 5366.6938543
16 4 0 1 5695.9441727
8 4 8 0 2813.04118936
4 8 1 1 4031.29764422
2 8 4 0 3014.53087947
16 2 0 0 4965.83869584
2 4 14 0 2072.08118243
4 8 8 0 2294.5503916
1 8 8 1 1807.95652148
2 4 14 1 1939.01551919
2 4 1 0 2240.37601298
2 4 1 1 2200.0740776
16 2 0 1 5201.17201465
1 4 8 0 1611.70659997
16 4 0 0 5797.24617766
4 2 8 1 2227.57070432
4 4 12 1 2386.50378467
8 2 8 1 2888.51740113
4 4 12 0 2095.16500888
8 4 8 1 2928.40440515
2 4 8 0 1898.2968791
16 4 0 1 4810.32808016
16 2 0 1 4962.06361704
1 8 4 0 1348.54574182
16 2 0 1 4674.42129789
16 4 0 0 5643.48565416
2 4 4 0 2295.06634853
16 2 0 1 5227.51362343
8 4 1 1 4217.8835651
2 8 8 1 2719.19976669
8 2 2 0 3482.06734731
2 8 2 1 2921.4928456
1 8 8 0 1841.62148437
2 4 2 0 2315.9247115
2 8 14 1 2167.87815192
16 4 0 0 5719.11915511
16 2 0 0 5111.18304306
2 8 8 0 2000.80417432
4 4 2 1 3094.13868162
16 4 0 1 5474.95658409
16 4 0 1 5743.63827984
4 2 1 1 3045.07357488
1 8 4 1 1806.693055
16 4 0 1 5592.05522911
4 2 2 0 2930.58873145
16 4 0 0 5649.49725475
4 8 8 1 2651.47140053
1 4 15 0 2085.73157132
16 4 0 1 4314.80045757
16 2 0 0 5071.3787803
8 4 8 1 2712.09635697
16 4 0 0 5533.66094292
16 2 0 1 4866.68257828
16 2 0 0 4587.13984956
4 8 2 0 4127.52364999
8 2 8 0 2517.14155992
8 2 4 0 2965.05450685
2 8 1 1 2986.70619069
1 8 15 0 2179.98465712
1 8 15 0 1736.08551494
8 2 1 1 3805.98468479
8 4 4 0 2887.75016003
16 2 0 0 4954.30111018
2 2 8 1 2127.44668703
16 2 0 1 5116.92148483
1 4 15 1 2059.78843408
2 2 2 0 2162.79916051
2 4 8 1 1801.27508504
2 8 14 1 2049.95076185
16 4 0 0 5020.2317944
4 8 2 1 3426.39691295
2 4 14 1 2052.53739605
4 2 12 0 2178.31639919
16 4 0 0 5851.64787019
8 2 8 1 2741.93489562
4 4 8 0 2403.36566775
1 4 8 1 2000.88129892
16 2 0 1 5021.36782371
4 8 4 0 3570.50081696
8 2 8 1 2865.30376361
2 2 4 1 2028.91983104
8 4 2 0 4335.02763301
2 8 14 0 2089.97139642
1 8 1 0 1624.08090927
16 2 0 0 4738.64559708
16 2 0 1 5119.84059834
4 2 1 0 3171.98285413
4 2 2 1 2659.17318055
1 4 4 1 2167.07327496
4 4 1 0 3530.41266523
4 4 1 1 3488.8473305
4 2 12 1 1846.61443359
2 2 8 0 1838.45146375
8 4 4 1 3501.22753691
16 2 0 0 5057.9371577
16 2 0 0 5196.56774982
16 4 0 1 5337.43630702
16 4 0 1 5105.54356163
4 2 12 0 2156.78654042
16 4 0 1 5626.56724005
16 4 0 0 5400.92974131
1 4 2 1 1981.24464706
4 4 2 0 3222.29280004
16 2 0 0 5149.78446275
8 4 8 0 2858.8460704
2 4 14 0 2156.67389913
1 8 1 1 1895.15746177
4 8 12 1 2300.22872817
1 4 15 1 1968.20032354
1 8 2 0 1804.32618541
4 4 4 0 2915.18486092
8 4 2 1 3532.43067824
16 2 0 1 4985.58065017
2 8 2 0 2544.24112083
16 2 0 1 4866.35444462
16 8 0 1 6269.73041968
16 16 0 0 6859.4465131
4 32 12 1 2117.1563746
1 16 4 0 1857.81492663
1 16 1 0 1932.03053701
16 16 0 1 6656.58458728
4 16 4 0 2409.15162258
16 8 0 1 6299.18114808
4 16 4 1 3913.4566795
16 16 0 0 6840.55390579
4 16 12 0 2291.69869071
2 16 14 0 1393.37649118
1 16 8 1 1817.4287064
8 32 8 1 2750.53177228
1 32 2 0 2068.18135368
2 16 8 1 2355.84306488
