2 2 14 1 1926.14819828
1 1 2 0 1691.30044104
16 1 0 0 4039.72757004
4 1 1 1 1924.40703888
4 32 12 1 2211.34710422
16 32 0 1 6287.47779404
1 1 1 0 1532.08946671
4 1 2 1 1877.43867583
16 32 0 0 6640.78210958
8 1 4 0 1848.99894568
16 16 0 0 6682.00764841
16 1 0 1 3678.26739375
2 1 8 1 1725.61561133
4 1 12 1 1785.23121951
16 1 0 0 3478.21996352
1 2 1 1 1948.33887278
4 1 1 0 2146.48262462
16 32 0 1 6338.95814276
8 32 8 1 2811.34899559
2 2 4 0 1739.02798519
1 32 2 0 1724.6240911
1 2 15 0 1889.90579814
1 2 2 0 1804.92376552
8 1 1 0 2129.42178885
1 32 1 0 1545.69383116
1 32 8 0 2043.48862136
2 32 1 1 3167.22615374
8 32 8 1 2875.43706281
8 32 8 0 2506.11900099
1 1 15 1 1722.12527753
8 32 1 0 5520.99219678
16 1 0 0 2689.52249763
16 1 0 0 3369.96246224
4 32 4 0 1987.5112002
8 32 8 0 2870.62839854
16 1 0 1 3974.64330762
2 32 1 0 2759.44243111
8 1 1 1 1753.98579257
2 1 8 0 1486.66220564
1 32 4 0 1531.60929629
16 1 0 1 2980.5848131
2 32 2 1 2964.36105979
16 32 0 0 7008.49002883
1 32 15 0 1449.44344257
8 1 4 1 1522.64152734
16 32 0 1 6546.75559472
4 32 1 1 3562.37133133
16 1 0 1 3717.67861636
2 2 2 1 1790.2830821
16 16 0 0 6697.06712393
16 16 0 1 6023.56048388
1 1 4 0 1739.8396983
1 32 8 1 2037.13615496
8 1 2 0 2551.92481849
16 1 0 1 2963.23186715
16 32 0 1 6303.60985871
16 1 0 0 3024.75895908
2 1 1 1 1359.56941039
16 32 0 1 6376.23668177
2 1 14 1 1612.52984636
8 1 8 0 1991.51463086
4 32 2 0 4930.31506574
16 1 0 1 3258.73282917
16 1 0 1 3898.90013383
4 32 2 1 4168.2390365
16 32 0 0 6591.25677008
1 2 8 0 803.827822168
2 32 4 0 3097.95571993
2 1 2 1 824.590668072
1 1 1 1 1651.52331532
1 32 15 1 2097.45389538
16 32 0 0 7032.00468268
2 32 4 1 2905.13965758
2 1 14 0 1560.47526609
1 32 1 1 1846.34468548
2 32 2 0 2462.52991599
2 32 8 1 3041.39393884
16 32 0 0 5430.79730068
4 1 4 1 1702.39481723
1 32 2 1 1928.31319685
4 32 12 0 2206.78171212
2 2 1 1 2033.09592513
1 1 15 1 1658.31994011
4 1 8 0 1628.99534296
16 32 0 1 6485.5134009
16 32 0 1 6553.10019449
16 1 0 1 3598.63469872
1 2 15 0 1884.43354227
8 1 8 0 1933.44031608
2 2 1 0 1481.09422581
16 1 0 0 2955.38759079
4 1 8 1 1463.43745984
2 32 14 0 1978.29838937
1 32 4 1 1810.24362823
1 32 15 0 1545.70394408
1 1 15 0 1650.93765266
16 32 0 1 6256.17817184
16 1 0 0 3650.2306958
4 32 12 1 2190.42598984
1 2 4 1 2162.61841711
16 32 0 0 6615.09246548
16 32 0 0 6817.99595327
16 1 0 1 3449.79260623
2 1 4 1 1532.76290791
8 1 8 1 2000.11034945
4 1 4 0 1914.01283012
16 1 0 0 3948.13910514
4 1 12 1 1903.55799955
16 1 0 1 3257.38878416
1 2 1 0 1768.42992367
1 2 15 1 1051.98223229
4 32 8 1 2554.32401822
8 32 2 0 5444.91388403
1 32 15 1 1984.20414077
8 32 4 1 3778.65052999
1 1 4 1 1748.47633491
2 2 8 1 1808.93180407
2 2 2 0 1811.36570964
2 32 14 1 2047.9303155
1 2 4 0 2063.76175527
16 1 0 0 2921.06495367
16 1 0 1 3470.93944653
2 32 8 0 2011.83418134
1 2 15 1 2032.15948246
16 32 0 0 6548.22675413
1 1 15 0 1530.73562486
2 2 4 1 1888.54024038
1 1 8 0 1349.16793022
8 32 2 1 4700.86056294
16 1 0 0 3410.3617945
8 32 8 1 3172.47704075
2 1 14 0 1773.71108918
4 32 8 0 2382.06353313
2 2 8 0 1252.52250397
16 32 0 1 6107.59053987
4 32 1 0 4347.59837593
2 32 14 0 2073.41626403
1 1 8 1 767.404996411
16 32 0 0 6111.87840545
2 1 1 0 1183.42747031
16 32 0 0 6501.78328428
8 1 8 0 2011.93619139
16 32 0 0 6494.59039206
4 32 4 1 3375.13630529
2 32 14 1 2096.91127169
2 1 2 0 1279.7678344
16 1 0 0 3620.49320535
16 32 0 1 6610.76882608
8 32 4 0 4202.47380855
4 1 2 0 2063.49975232
8 1 8 1 2057.29348255
1 2 8 1 1825.68767335
4 1 12 0 1858.86641003
16 32 0 0 6694.27578528
16 32 0 1 6564.80968521
4 32 12 0 2023.22983136
1 2 2 1 1059.33548976
16 1 0 0 3562.66452048
16 1 0 1 3570.62539443
16 32 0 1 6725.3853431
8 32 1 1 5730.26983333
2 1 4 0 799.685416192
8 1 2 1 1711.98993302
8 32 8 0 2895.1241237
16 4 0 1 5497.66461992
1 8 15 1 2292.28857553
8 2 2 1 3195.25032765
16 2 0 1 5438.6175616
8 4 1 0 4942.58651067
8 2 1 0 4261.43716835
16 4 0 1 5964.48627543
2 8 1 0 2761.24604658
8 2 8 0 2503.06023389
1 4 2 0 1901.06825692
2 2 14 0 1833.92358111
4 4 12 0 1477.01594325
16 4 0 0 6147.8132927
4 2 12 1 1998.09973034
2 4 4 1 2197.10590852
16 4 0 0 6043.90321834
16 4 0 0 5926.47555367
4 4 8 1 2592.50745841
2 8 4 1 2939.66566543
16 2 0 0 5180.53251435
1 8 2 1 1919.98484117
4 2 8 0 2281.99957553
2 2 14 1 1850.7289474
1 4 1 0 1852.96293274
2 2 14 0 1963.83064568
8 4 8 0 2036.09078633
8 2 4 1 2900.69449056
4 2 4 1 2202.53635839
4 8 1 0 3954.07011148
16 4 0 1 6024.68538096
1 8 15 1 2077.3741694
16 2 0 1 4046.21409509
8 4 8 1 2901.93909332
1 4 4 0 2060.274248
4 4 12 1 2174.10261552
2 4 2 1 2321.43831055
4 4 4 1 3582.6398247
1 4 15 0 2016.81886197
1 4 1 1 2029.42632646
16 2 0 0 4887.1756037
2 8 14 0 2241.25815611
16 2 0 0 5543.02897169
4 8 4 1 4044.9822544
4 2 4 0 2157.15552242
8 2 8 0 2657.5948677
16 4 0 0 5136.15383118
16 4 0 1 6290.14149502
8 4 8 0 2945.48358073
4 8 1 1 3504.5824204
2 8 4 0 2153.40402749
16 2 0 0 5274.69164841
2 4 14 0 1907.55080305
4 8 8 0 2992.804586
1 8 8 1 1265.08927391
2 4 14 1 1953.81939844
2 4 1 0 2631.92791559
2 4 1 1 2275.75213772
16 2 0 1 5135.02134544
4 8 12 1 2036.13646271
8 8 2 0 4441.92672417
1 4 8 0 1963.95510968
16 4 0 0 5892.36934963
4 2 8 1 2213.71923621
4 4 12 1 2316.53635011
8 2 8 1 2823.51488862
4 4 12 0 2342.29152105
8 4 8 1 3177.69491053
2 4 8 0 2383.82348829
16 4 0 1 5901.08445635
16 2 0 1 5402.55391818
1 8 4 0 2070.71108256
16 2 0 1 5322.47720078
16 4 0 0 6213.84052945
2 4 4 0 2400.40161335
16 2 0 1 5219.16971963
8 4 1 1 4613.94988857
2 8 8 1 2870.15121563
8 8 1 0 4216.07042497
8 2 2 0 2735.68011208
2 8 2 1 2903.61040896
1 8 8 0 1985.41848935
2 4 2 0 2428.11161373
2 8 14 1 2345.11166689
16 4 0 0 6178.58433064
16 2 0 0 5348.04610346
2 8 8 0 3060.33530948
4 4 2 1 2879.28655513
16 4 0 1 5710.86470064
16 4 0 1 5787.27720169
4 2 1 1 2520.19738128
1 8 4 1 1897.82225451
16 4 0 1 5794.19011547
4 2 2 0 1151.42823218
16 4 0 0 5963.96546442
4 8 8 1 2772.2999872
1 4 15 0 1071.81030103
16 4 0 1 6096.2513883
16 2 0 0 4761.2591472
8 4 8 1 2850.65048501
16 4 0 0 6172.66506196
16 2 0 1 5269.49916183
16 2 0 0 5009.59731839
4 8 2 0 3380.94416883
8 2 8 0 2865.19872285
8 2 4 0 2965.18362969
4 8 12 0 2360.61508715
2 8 1 1 2804.63843235
1 8 15 0 2143.32829667
1 8 15 0 1202.04530637
8 2 1 1 3646.96154742
8 4 4 0 3475.01051332
16 2 0 0 5627.9549447
16 2 0 1 5062.19512768
1 4 15 1 2105.69431215
2 4 8 1 2180.85910773
2 8 14 1 2002.72785874
16 4 0 0 6182.52928851
4 8 2 1 3389.63844673
2 4 14 1 1860.08520665
4 2 12 0 2117.49792449
16 4 0 0 5784.92191703
8 8 4 1 3940.52592489
8 2 8 1 2436.07151661
4 4 8 0 2695.26899957
1 4 8 1 949.241649524
16 2 0 1 4900.55034488
4 8 4 0 2074.97818904
8 2 8 1 2803.53816592
8 4 2 0 4268.79026386
2 8 14 0 2110.97608205
1 8 1 0 1122.33250113
16 2 0 0 4411.80543965
16 2 0 1 4114.7349566
4 2 1 0 2764.15604767
4 2 2 1 1798.93358263
1 4 4 1 766.422860713
4 4 1 0 3569.77537002
4 4 1 1 3320.1794147
4 2 12 1 2129.12812308
8 4 4 1 2672.85757946
16 2 0 0 5283.69334888
16 2 0 0 5091.59129535
16 4 0 1 6459.28823631
8 8 1 1 4587.64191805
16 4 0 1 6283.98108135
4 2 12 0 2150.31848135
16 4 0 1 5321.66748308
16 4 0 0 6285.02995975
1 4 2 1 1830.84169145
4 4 2 0 2373.30172384
16 2 0 0 5074.87367772
8 8 2 1 5079.77596744
8 4 8 0 2878.48818775
2 4 14 0 1820.47694285
4 8 12 0 2174.86707882
1 8 1 1 1861.72334258
4 8 12 1 2272.41727682
1 4 15 1 2199.86729696
1 8 2 0 1967.19476348
4 4 4 0 2006.28542065
8 4 2 1 3990.30637107
16 2 0 1 4319.45073052
2 8 2 0 2646.75183516
16 2 0 1 5166.18733042
16 8 0 1 6377.64521602
16 16 0 0 6369.20665325
