32 1 8 0 2467.16390495
8 1 8 0 1100.21466899
16 1 32 1 1537.56483105
2 1 1 1 356.94945014
32 1 4 0 2476.6712175
8 2 2 1 2050.10707088
4 2 32 0 1539.72200623
8 1 32 1 1243.93842164
4 2 4 1 832.612505541
1 1 16 1 223.79237012
4 2 32 1 1143.1558642
16 1 8 1 1424.57601117
8 2 1 0 1290.68219552
8 1 2 1 1229.73867271
1 2 2 0 1087.13696415
16 1 32 0 1893.46173402
2 2 1 0 1092.01759514
2 2 4 0 740.652525317
8 2 16 1 942.114703813
16 1 4 1 2012.21831866
32 1 1 1 2735.98111767
2 2 16 0 774.712366504
4 1 8 0 464.208604026
2 1 8 1 222.137997493
4 1 2 1 431.573046991
4 1 16 1 551.108761892
32 1 2 0 2463.5643802
4 2 2 1 1362.92782377
8 2 8 0 1139.48992075
2 1 16 1 263.336508198
4 1 1 1 476.502182421
2 1 8 0 220.436176325
16 1 16 1 2153.81342706
8 1 32 0 1209.98437581
1 2 16 0 421.502972859
2 1 16 0 212.426694323
2 1 32 1 273.068018661
1 2 32 0 781.104491368
4 2 8 0 1283.96184405
1 2 2 1 367.15316124
4 2 8 1 1137.57089913
1 2 4 0 722.380907193
16 1 2 0 1229.13119914
1 2 32 1 955.684901686
4 1 2 0 615.809523066
2 2 8 0 902.762531052
2 2 32 1 889.985318163
1 2 4 1 627.470485202
4 2 16 1 1167.34184353
2 2 8 1 996.058262169
8 1 2 0 1117.4950374
8 1 1 1 1153.03751731
16 1 4 0 1898.81621583
4 1 16 0 460.30097215
2 1 4 0 391.079839286
1 1 2 0 164.134966042
8 2 1 1 1308.64507068
1 1 4 1 170.977864543
2 2 32 0 982.417471677
2 1 4 1 368.780339051
8 1 4 1 1119.73042217
1 2 8 0 701.012824058
8 1 8 1 1153.77934765
32 1 32 1 1956.00597601
1 2 1 1 578.743641789
32 1 1 0 2366.27648346
16 1 1 0 1688.60437587
8 2 2 0 1673.54205993
2 2 2 1 1728.51090171
32 1 16 1 2056.43063389
8 2 8 1 1091.45377572
2 2 4 1 938.620454575
4 2 2 0 759.505328458
4 1 4 1 643.239230173
1 2 16 1 884.122510379
32 1 16 0 1976.9705421
16 1 2 1 1495.54026448
1 1 16 0 208.448904061
4 2 4 0 1206.4637698
2 1 1 0 403.09905147
4 2 16 0 1120.96010087
2 2 2 0 1374.32173599
1 1 2 1 160.895471875
4 1 4 0 424.839913437
8 2 4 0 1488.42692738
1 1 4 0 196.014783282
1 2 8 1 292.425121512
32 1 32 0 2283.30301174
1 1 8 1 203.118527597
2 2 16 1 1152.01923676
1 1 1 1 351.163109802
32 1 2 1 2159.77283851
16 1 16 0 2037.10039658
4 1 8 1 448.41491624
2 1 2 0 438.743858501
32 1 4 1 2588.01712357
4 1 1 0 491.839258323
1 1 32 1 236.412075621
1 1 8 0 247.368441929
4 1 32 1 503.483252229
1 1 32 0 245.890811244
2 1 2 1 360.65838979
8 2 4 1 1579.18567266
8 1 16 1 1020.18816592
16 1 1 1 1850.47331295
4 2 1 0 854.821640692
4 2 1 1 660.086354481
1 1 1 0 263.718099625
8 1 4 0 1433.85100209
16 1 8 0 2105.56005414
4 1 32 0 753.148695345
8 1 16 0 1288.12142963
2 1 32 0 256.360799721
1 2 1 0 743.835705108
8 1 1 0 1075.57106132
2 2 1 1 1079.8106196
32 1 8 1 2350.58526077
16 2 4 1 1832.18509015
1 4 2 0 777.504542077
4 8 1 1 1114.08477524
16 2 1 0 1942.11432153
4 8 8 0 1033.22551247
1 8 16 1 1208.96537928
16 4 8 0 2014.52595993
8 4 8 0 1241.56716156
32 4 2 1 2335.198015
8 4 16 1 1125.04189133
4 4 32 1 1204.17030897
2 8 16 1 768.389237276
2 4 16 0 494.784194573
16 2 16 0 1770.78363273
1 4 2 1 720.644609989
1 8 8 1 1187.22051582
16 2 4 0 2175.41838742
1 4 8 1 290.689528573
32 4 32 0 1728.90081137
4 4 1 1 811.058251439
4 4 32 0 1245.45040907
32 2 2 1 1569.84503479
16 2 32 0 1403.08028072
4 4 4 0 1214.9985732
2 4 1 1 705.135197741
1 4 8 0 457.333845159
32 2 32 0 2019.63640545
4 4 8 0 1337.75946043
2 8 32 0 687.602670844
2 8 2 0 720.205140974
4 8 32 0 966.185514053
1 4 1 0 477.270719865
16 2 32 1 2045.91798828
32 2 32 1 1787.60320724
1 4 1 1 465.647330334
4 4 2 1 969.913329324
2 8 32 1 735.583072811
1 4 32 0 686.522854755
8 4 32 1 1202.85401551
4 8 1 0 1062.16746707
32 2 16 0 1926.74771824
8 4 8 1 1357.00415789
32 4 4 0 2272.96723715
1 8 2 0 368.023105256
16 2 8 1 1979.48436251
8 2 32 1 1487.1544814
2 4 4 1 406.34894625
2 4 32 1 877.008226078
4 4 1 0 911.234453214
4 8 2 0 1006.40561007
2 8 1 0 639.118953779
32 4 1 0 2129.35797121
32 4 4 1 2355.67518084
8 8 1 1 1553.79246875
16 2 16 1 1769.48604724
32 4 1 1 2232.51013684
32 2 2 0 1940.78888466
32 2 4 1 1814.42535738
1 8 4 0 1484.49493707
16 4 16 0 1579.01224101
8 8 1 0 1584.79621005
16 4 4 0 1404.50907673
8 2 16 0 1450.06084004
2 8 4 0 923.389898227
4 8 32 1 1103.04216734
1 8 16 0 1493.53313618
2 4 1 0 545.637133232
1 8 4 1 846.914325
4 4 2 0 1246.65210999
1 8 32 1 1106.59025538
16 4 16 1 1706.00411075
1 8 1 1 704.94634497
8 8 2 0 1513.3664244
8 4 16 0 1205.10175782
1 4 16 0 340.069876134
1 8 2 1 474.978486133
2 8 2 1 670.598071933
32 4 16 1 2099.39463105
16 2 1 1 1979.00448657
16 4 8 1 2190.26398555
1 8 32 0 1292.41977014
1 8 1 0 631.287813288
8 4 2 0 1540.45699278
1 8 8 0 1401.19550598
4 4 8 1 1240.74113087
2 4 2 0 739.232820759
16 4 2 1 1610.75357736
32 2 4 0 1840.9806548
16 4 4 1 1816.83515467
32 4 16 0 1836.73326182
32 2 8 1 2237.47418569
4 8 4 1 1106.72135683
4 8 16 1 1109.37008234
8 4 4 1 1362.74023642
32 2 8 0 2010.34337252
8 8 2 1 1576.21472526
2 4 4 0 675.597755364
2 4 8 0 630.140757791
8 4 2 1 1691.93390614
8 2 32 0 1428.19957162
16 4 32 0 1466.78880802
2 8 4 1 764.627772989
2 4 16 1 480.981704631
8 4 1 0 1697.9132068
16 2 2 0 1448.56650291
2 4 2 1 741.956935313
16 2 8 0 1944.97374546
4 4 16 1 1084.17678615
4 8 8 1 1085.23337467
16 4 2 0 1200.06883139
1 4 4 0 436.165427509
32 2 1 0 2287.02831587
8 4 32 0 1153.81678401
8 4 1 1 1693.84421182
2 8 16 0 738.828129123
4 4 4 1 1104.81704042
32 2 16 1 1895.47118396
4 4 16 0 1079.37952302
1 4 16 1 383.20478823
32 4 32 1 1817.65034602
4 8 16 0 1235.01463124
1 4 32 1 562.061669581
2 8 1 1 772.153871061
2 8 8 0 812.646098435
2 4 32 0 971.076821251
4 8 4 0 1177.42934836
32 4 8 0 1969.54804925
16 2 2 1 2042.32633998
16 4 32 1 1435.72978317
2 4 8 1 926.404024779
16 4 1 1 1729.44619611
32 2 1 1 2470.72222291
1 4 4 1 416.224865922
8 4 4 0 1390.22460311
4 8 2 1 1140.97989341
8 8 4 1 1516.85482195
32 4 2 0 2370.64419701
16 4 1 0 2237.71024134
32 4 8 1 2483.35437456
2 8 8 1 731.457524472
4 32 8 0 742.006579993
4 16 1 1 891.457048329
1 32 2 1 499.900808275
4 16 8 1 1039.86919834
4 16 32 1 882.060489434
1 32 8 1 422.465991417
1 32 4 0 484.216588525
8 16 16 0 1470.70967508
16 8 4 0 1831.37394432
1 32 32 1 932.598932493
32 16 32 1 1864.42185132
8 16 32 1 1522.41036621
1 32 8 0 720.696077967
2 32 16 1 493.57403488
16 16 32 0 1698.81804672
1 16 16 0 496.890950687
1 32 1 0 746.337810761
16 16 1 1 1937.26586202
32 8 16 1 2294.42830872
4 16 16 0 1058.15479698
32 8 2 0 2721.3547952
4 16 1 0 919.946331118
2 16 8 1 446.97155698
4 32 4 0 826.603586433
2 16 2 0 482.270591256
32 16 1 1 2532.70287736
16 16 16 1 1516.03220904
2 32 2 0 467.977719501
8 16 8 0 1478.39321244
4 16 8 0 1059.15534013
4 16 2 1 715.274892285
16 16 4 1 1767.58097743
1 16 1 0 797.774847156
1 16 2 1 1421.14805289
1 32 1 1 671.932683687
8 8 4 0 1481.75830132
16 8 4 1 2010.11474693
16 16 8 0 1302.22741026
32 16 16 0 2311.80561842
8 16 1 1 1317.48750964
2 16 2 1 743.679532237
32 16 4 0 2359.37518947
32 16 32 0 2074.08655888
1 16 1 1 1025.06096945
32 16 8 1 2070.79179239
8 16 4 0 1477.17747191
32 16 1 0 2350.25907418
1 32 16 0 407.660241174
32 8 2 1 2478.33690238
2 32 4 0 554.775186942
2 32 1 0 549.99898429
8 8 32 1 1500.03626726
16 8 2 1 2115.16939926
4 16 4 1 840.405433898
8 16 32 0 1416.06158142
1 16 8 0 1050.62196203
4 16 32 0 1096.0886119
4 32 2 0 1110.29118599
2 32 32 0 663.331802821
16 16 32 1 1551.54589621
8 16 2 0 1571.31165194
32 8 16 0 2326.20991059
2 32 8 1 568.628049952
8 8 16 0 1395.91180803
32 16 2 0 2102.2931096
4 32 1 1 926.059862827
2 32 4 1 556.513096564
32 8 4 1 2577.81630558
1 16 4 1 924.389079241
32 8 1 1 2755.05015656
4 16 2 0 973.145284557
8 8 16 1 1500.08970085
4 16 4 0 1417.11649659
16 16 1 0 1893.02049793
1 16 4 0 529.566870003
4 32 2 1 1107.8516126
2 16 4 1 539.217893575
16 8 32 0 2011.65900375
32 16 2 1 2198.04356156
32 16 8 0 2350.72259837
1 32 32 0 771.664286562
8 16 1 0 1415.78310696
16 8 1 1 1811.31668105
1 32 16 1 972.647202499
2 16 32 1 578.631778928
4 32 1 0 1165.72907039
32 8 4 0 2593.79831264
1 32 2 0 1245.31764906
32 16 4 1 1948.2723413
8 8 8 1 1613.44569646
2 32 1 1 526.815174552
32 16 16 1 2381.48487543
1 16 2 0 1087.13740795
2 16 16 1 584.406740243
16 8 2 0 2030.31191592
4 32 32 0 923.564782227
4 16 16 1 1135.9277634
32 8 8 1 2283.8385497
4 32 16 0 848.967562201
8 8 8 0 1442.99243106
16 8 32 1 1944.85233332
32 8 1 0 2408.66721983
2 32 16 0 565.738996515
4 32 16 1 832.632261173
16 16 2 1 2167.10447434
4 32 32 1 665.268135255
8 16 4 1 1415.52423258
2 32 2 1 577.779500052
16 8 16 0 2004.63442796
32 8 8 0 2862.39226731
2 16 8 0 576.119990834
4 32 8 1 716.557063454
16 8 8 1 1957.33093508
1 16 16 1 917.587364898
32 8 32 1 2294.67970528
2 16 1 1 746.68614875
2 16 1 0 656.024405551
16 16 4 0 1541.76810561
1 16 8 1 1425.62893644
16 16 16 0 1496.3766173
8 16 2 1 1438.11976863
2 32 8 0 614.212552214
2 16 4 0 620.947945364
32 8 32 0 2327.40395891
2 16 16 0 554.831598893
2 16 32 0 524.50854722
1 32 4 1 1201.62426925
16 16 8 1 1444.94537294
2 32 32 1 532.605077931
4 32 4 1 917.232490979
1 16 32 1 1184.52663822
8 8 32 0 1578.77280773
8 16 8 1 1365.69122377
16 8 8 0 2166.00712351
16 8 16 1 2082.15249623
16 16 2 0 1719.59634472
8 16 16 1 1299.81916874
16 8 1 0 1908.72600538
1 16 32 0 408.613861191
16 32 32 1 1082.72862183
16 32 2 0 1508.68239101
32 32 16 0 1919.5448944
8 32 8 1 1418.17260108
8 32 1 0 1265.35626629
8 32 2 0 1250.27071976
32 32 16 1 1526.63095408
8 32 8 0 930.341687119
32 32 8 1 2222.02172889
32 32 2 1 2183.54662402
32 32 4 0 2483.12344469
8 32 16 1 947.061126268
32 32 2 0 2566.66742951
8 32 32 0 1316.18986929
16 32 32 0 1070.58088798
16 32 2 1 1425.42689077
32 32 4 1 2412.5750106
8 32 2 1 1369.60316045
32 32 1 1 2117.46309792
32 32 8 0 2125.49410892
32 32 32 1 1886.48178227
16 32 1 1 1669.43107433
16 32 1 0 1446.29003622
16 32 8 1 1762.604867
16 32 16 0 1552.53596869
8 32 4 0 1258.8517331
16 32 16 1 1759.36847181
32 32 1 0 2462.33111809
32 32 32 0 1911.55165587
8 32 1 1 1198.86599864
16 32 8 0 1804.19812156
8 32 4 1 1400.15542376
8 32 32 1 1455.41339899
16 32 4 1 1435.99852276
16 32 4 0 1800.1869254
8 32 16 0 1297.59850283
