4 1 32 1 1115.78143622
4 1 2 0 1351.30442076
16 1 16 1 1249.34128926
2 32 4 0 1797.04959521
4 1 2 1 1461.14765438
32 16 1 1 4972.67915385
8 32 8 1 2453.45137073
2 1 32 1 974.757807628
32 32 8 0 3569.95028486
2 1 32 0 926.144897223
1 32 8 1 976.229607975
4 32 16 1 1647.73790068
16 32 4 0 3643.74365464
16 32 1 0 3829.37395355
32 16 16 0 2650.17977813
1 32 4 0 2083.60015283
8 32 32 0 1687.43950711
4 16 4 1 2222.00185747
32 16 16 1 2559.532776
2 1 4 1 936.802314303
8 1 4 0 1369.07085207
32 32 8 1 2809.67798656
2 1 16 1 1089.10135147
16 16 2 1 4272.99722565
2 1 8 1 1065.91407066
32 16 2 1 4404.79403033
1 32 32 0 2134.19604557
8 16 4 0 3139.17263594
2 16 8 0 1645.92840502
8 1 4 1 2232.25458088
4 32 32 0 1576.31439077
2 32 32 1 1613.20278045
16 1 32 0 1354.84965235
16 16 1 0 4139.79827276
32 1 1 0 2902.15655422
1 1 1 1 1666.28539725
1 32 16 1 1908.4070007
2 32 16 0 1445.28314441
4 1 32 0 1041.80738461
16 1 2 1 2241.63983958
32 16 32 1 2654.43454947
2 32 1 1 1736.34703089
32 1 2 1 2749.16617586
8 32 2 0 3180.39011586
32 16 1 0 5048.53897719
4 1 4 0 1456.86026343
1 1 32 1 1549.31457282
32 16 8 0 2816.98451248
32 1 1 1 2413.19940062
16 32 8 1 2588.01787983
32 32 16 0 2490.04948238
1 32 1 0 1785.88424274
8 16 1 1 3559.81642245
1 32 16 0 2097.93994602
8 1 32 0 1010.95047033
4 16 8 1 2331.84870577
16 1 1 1 2843.89256349
1 32 32 1 2101.28349224
16 32 16 0 2155.9603623
1 32 4 1 1637.44096229
4 1 4 1 1401.99302766
32 32 32 1 2566.0259639
4 16 8 0 2198.20682259
1 1 1 0 662.853695219
16 32 4 1 3579.61995441
1 1 2 0 1658.89458518
32 32 16 1 2112.60870441
2 16 16 0 1658.11242628
4 32 32 1 1746.80194011
16 16 32 0 1821.89147249
8 32 2 1 3054.14987882
8 32 1 0 3146.2645699
2 32 2 0 1945.59967251
8 16 2 0 3438.35747788
16 16 2 0 4235.4644375
2 1 4 0 751.959942157
1 1 8 0 1407.94461784
32 16 32 0 2843.40376513
2 1 16 0 780.93390171
2 32 4 1 1687.09615661
32 16 4 1 3884.71144635
4 1 8 0 1134.40065787
4 16 1 1 2176.32317775
4 32 16 0 2035.06985699
32 16 8 1 3418.00259971
16 1 8 1 2133.42235592
4 16 32 1 1552.44747478
2 32 16 1 1627.62368046
16 32 8 0 2532.64518028
1 32 2 0 1747.57643525
16 16 4 0 3656.86926838
4 1 8 1 1121.60154244
16 1 2 0 1618.00880807
8 1 1 1 1736.95463618
8 32 16 0 2373.21627232
1 1 8 1 1375.10286608
8 32 16 1 2338.81886535
16 32 1 1 3316.65535709
2 32 2 1 1701.29009055
2 1 2 0 1151.90933016
16 16 4 1 3208.2447144
8 1 1 0 1829.39408606
1 1 2 1 1473.34785536
2 16 32 0 1034.0290728
32 1 2 0 2139.60091448
8 1 8 0 1572.16322479
1 1 32 0 732.346564782
4 32 8 0 2237.07751971
16 16 32 1 1998.22427914
8 32 32 1 1988.91814165
16 32 32 1 1800.93709827
4 1 1 1 1540.82571252
16 16 1 1 3966.14148932
4 16 2 0 2619.41580546
32 32 2 0 4574.44314252
1 32 8 0 1754.34363718
4 16 4 0 2456.63191646
1 1 4 1 1460.22267353
8 16 16 0 2300.82470998
16 1 4 1 2717.43206821
8 16 32 0 1671.76341434
1 32 1 1 1763.64624266
8 16 1 0 3398.12855675
16 1 16 0 1519.48268786
32 32 1 0 4439.09012778
32 32 4 1 3752.7036409
16 1 8 0 1835.01967943
16 16 16 0 2440.68292994
8 16 16 1 2448.8141336
2 1 8 0 902.603343456
2 32 32 0 1997.52654598
2 32 1 0 1688.93841539
8 32 1 1 3033.52942768
16 16 16 1 2071.07209117
4 1 16 0 1314.75616415
8 16 8 0 2396.47531722
16 32 2 0 4014.73401574
16 16 8 0 3319.16218956
4 32 2 1 2326.49573026
32 32 1 1 2585.09364343
8 32 4 0 2811.5831474
4 16 16 1 2197.94212706
4 1 1 0 1631.55976901
1 1 4 0 713.554518637
4 32 2 0 2375.64333643
2 32 8 0 1443.70343963
16 1 4 0 1885.88222256
4 32 4 1 745.247025394
2 1 1 1 1005.31207754
4 32 4 0 2019.38901495
32 32 32 0 2599.77181013
4 1 16 1 640.039753116
32 32 2 1 3997.39920354
1 32 2 1 936.488079917
16 32 32 0 1769.00202275
16 16 8 1 2146.43809793
8 16 4 1 2877.03015249
32 16 4 0 4121.6620253
4 16 16 0 1866.67442379
16 1 32 1 1431.14076061
4 32 1 1 2117.45742207
8 1 2 1 1866.0294751
2 16 16 1 1721.57900173
16 32 2 1 3508.77022848
1 1 16 1 1453.06570235
32 32 4 0 3830.68759321
4 16 1 0 2531.37263021
4 16 2 1 2434.43834073
8 16 8 1 2557.04014668
16 32 16 1 1856.83400738
16 1 1 0 2406.64452223
2 1 2 1 1059.73762801
2 32 8 1 1514.84864244
4 32 1 0 2491.07754007
4 16 32 0 1663.1797156
16 4 16 0 1849.14735259
32 4 4 1 3894.13549191
4 4 1 0 2234.94580822
2 2 16 0 1350.12071592
2 8 32 1 2143.98137156
32 1 4 1 2862.17176787
1 8 2 0 2061.12260255
32 2 16 0 2164.25920116
32 4 16 1 3088.58379052
8 2 4 1 2366.22554447
1 2 16 0 690.702765515
8 4 16 1 2169.82300447
4 4 8 0 1952.08947005
8 2 16 1 1447.81744776
2 8 1 0 1679.95172307
16 2 2 1 3469.71785756
4 2 1 0 2010.42479138
1 4 2 1 1745.76176575
32 4 16 0 2560.84192668
16 4 8 0 1970.58614949
4 4 16 1 1361.95503118
1 8 1 1 2294.62569758
32 1 8 0 2157.09358108
1 4 16 1 1978.70648017
1 2 1 0 807.92100508
32 4 1 1 4617.17315935
4 2 2 0 1920.50318405
1 2 32 1 2157.4860717
4 4 4 1 2240.53292434
2 8 8 0 1909.29317038
32 2 8 1 2527.39439162
1 2 2 0 1687.70833272
2 8 16 0 1483.48160416
4 2 8 1 1989.72189907
2 2 16 1 802.920936799
8 4 16 0 2055.86386427
4 8 2 0 2395.72882204
16 2 4 1 2834.23018426
2 2 32 0 752.882622369
32 4 2 1 4363.47995627
8 2 1 0 2811.38986875
1 8 32 0 2171.90145314
1 4 8 0 932.086749997
8 4 4 0 2519.2070308
32 2 32 0 2632.73033115
8 4 8 1 2702.51860984
4 2 32 1 1134.03793838
1 4 8 1 2000.93751565
4 8 4 1 2436.97524658
32 2 4 1 2866.78675357
4 8 32 1 1830.48322787
4 8 1 1 2337.3939897
2 8 2 1 1402.68190656
16 2 32 1 1744.58016985
1 8 8 1 608.529590971
8 2 2 0 2606.19374409
1 8 4 0 2191.89972981
32 2 8 0 2310.64652635
8 4 2 0 3088.82323845
1 4 32 1 2336.26782818
16 2 16 1 2078.40354293
2 4 32 1 1492.6823498
16 2 32 0 1653.41314925
32 1 16 0 1493.57306919
16 2 8 0 2713.65251964
4 4 2 1 2132.84542763
32 4 8 0 2970.98749
2 4 2 0 1388.62624098
2 2 1 1 1317.72317484
16 2 8 1 2488.55356851
2 2 2 0 1297.75971789
16 4 32 0 2036.30309482
32 4 8 1 2609.29972444
16 4 1 1 3634.36517091
2 8 4 0 1791.0875217
8 4 8 0 2957.48280371
4 8 8 1 2034.71674486
4 2 16 0 1064.26219667
16 4 1 0 3759.83362479
2 4 4 0 1311.55112618
2 2 1 0 1285.16086896
8 2 32 1 1471.46644778
2 8 4 1 1734.32046516
2 4 8 1 1584.35674118
16 2 1 1 3567.38557598
4 2 2 1 1955.74709276
1 2 4 1 2225.79372383
32 2 4 0 3286.66113083
16 4 2 0 3146.80444309
2 8 1 1 1600.566324
1 8 16 0 2223.2811946
8 4 1 1 2743.39975071
32 4 32 1 2672.05386202
16 4 4 1 3688.52068282
4 4 16 0 1502.57002056
1 2 1 1 1716.59921075
32 4 1 0 4915.44214928
1 8 16 1 2207.05743363
32 4 4 0 3914.60775915
8 2 32 0 1585.96513657
4 8 4 0 2391.72214737
2 4 2 1 1526.46427705
4 8 16 1 2028.30214764
4 2 8 0 1736.86937671
8 4 1 0 2931.33554497
2 8 2 0 1761.6842186
4 8 2 1 2441.31379721
1 2 4 0 649.382637421
32 1 4 0 2022.32875525
16 2 16 0 1692.31071254
2 2 32 1 1283.70761621
8 4 2 1 2740.9198067
32 1 16 1 1865.02981187
16 2 1 0 3494.00572269
16 2 2 0 3472.80062272
1 2 8 1 1789.52504674
32 2 1 0 3865.43107854
1 2 32 0 2282.6402233
2 2 4 1 1119.12357253
4 4 4 0 1731.76296375
16 2 4 0 3167.59587454
4 2 16 1 1239.50587652
2 2 8 1 1217.80130433
8 2 16 0 1875.02295443
2 4 16 1 1581.34213134
1 4 32 0 1000.15200029
8 2 1 1 2721.92029764
16 4 8 1 2664.94345114
8 8 1 1 2847.42378039
32 2 1 1 3713.5461597
2 8 8 1 1311.23887701
32 1 32 0 2122.51178224
32 2 16 1 2151.25240403
4 4 8 1 2136.07904425
2 8 32 0 2079.59147524
1 4 1 1 2168.54530692
1 8 8 0 2230.46439011
4 4 32 0 1616.70650384
2 4 4 1 1453.91276747
1 2 2 1 1747.34639179
4 4 2 0 2196.18882811
16 4 32 1 1983.08533978
4 8 16 0 1836.25970656
8 2 8 1 2241.80444184
4 4 32 1 1655.40553296
1 4 4 0 1894.19979762
1 8 32 1 2172.68420641
16 4 4 0 4102.14192662
32 1 32 1 2177.30670123
2 4 16 0 1538.92304295
1 8 2 1 608.586580208
8 4 4 1 2917.48078249
2 2 8 0 1289.50240934
4 4 1 1 671.459201977
8 2 2 1 2666.79220491
2 8 16 1 1682.3093748
1 4 1 0 2138.82285449
32 1 8 1 1934.52445869
32 2 2 0 3810.15038041
4 2 32 0 1392.46631524
8 2 4 0 1916.58049615
2 2 2 1 1308.97069085
4 2 4 1 1745.7396409
4 8 8 0 2389.62320827
2 4 8 0 1513.52201579
16 4 2 1 3823.28627264
32 2 2 1 4158.4346197
1 4 4 1 2126.48009866
1 2 8 0 2137.44503739
4 2 1 1 1859.51345325
2 4 32 0 1509.96568421
8 4 32 1 1645.07336697
1 8 4 1 1854.84659108
4 8 32 0 1548.68055871
16 4 16 1 2020.42303892
1 4 2 0 793.878321175
2 4 1 1 1621.58221873
4 2 4 0 1797.13772219
32 2 32 1 2215.93462531
1 8 1 0 2205.65095195
2 4 1 0 1247.08570216
8 2 8 0 2363.05084569
1 4 16 0 2231.27592984
2 2 4 0 1381.20468501
1 2 16 1 1921.18433342
8 4 32 0 1697.19578435
4 8 1 0 2221.60232198
32 4 32 0 2986.80840745
32 4 2 0 3925.35209141
32 16 2 0 4387.44766177
4 1 1 1 1393.57031269
32 8 16 0 2581.16518293
8 16 32 1 1736.41133289
4 1 2 1 1740.77989776
32 8 2 1 5050.00506232
16 8 4 0 3933.75916913
2 1 14 1 1500.77070932
8 32 8 0 2198.4181748
8 16 2 1 3284.27942867
2 16 32 1 1997.13517088
8 32 4 1 3126.83897272
4 1 12 1 1539.39837439
2 16 8 1 1418.76528377
4 1 1 0 1894.56055529
4 32 8 1 2246.96161182
8 8 8 0 2748.74524657
16 8 4 1 3582.37451174
16 8 16 0 1406.66366741
