1 4 1 0 1443.53347756
2 2 14 0 1188.5585516
8 4 8 0 3007.80869005
8 2 4 1 2511.8180961
16 1 0 0 2866.58713984
4 2 4 1 1988.69635033
16 1 0 0 2469.60682452
16 2 0 1 3267.48250931
8 4 8 1 3244.065245
16 1 0 1 2378.26195848
1 4 4 0 1607.88563094
4 4 12 1 2494.7988486
2 4 2 1 2359.6948652
4 4 4 1 3169.81561957
8 1 1 1 1636.80422218
16 1 0 1 3107.49762906
1 4 15 0 1446.33832391
8 1 4 1 1893.01860896
1 4 1 1 2181.19139722
16 2 0 0 3805.42226945
16 1 0 1 3510.60381797
2 2 2 1 1850.81686248
16 2 0 0 4224.87714605
4 2 4 0 1916.92109851
8 2 8 0 2658.41713564
8 4 8 0 2608.13766188
16 2 0 0 4362.07253548
8 1 2 0 2277.98709533
16 1 0 1 3603.49883965
16 1 0 0 2346.18649789
8 1 8 0 1925.82834388
16 1 0 1 3555.74131279
2 4 14 0 1970.54424309
2 4 14 1 2115.5111427
16 1 0 1 2558.79222924
2 4 1 0 1994.55383291
2 4 1 1 2625.35887377
16 2 0 1 3662.12816793
1 2 8 0 1955.41533005
1 4 8 0 1894.52816544
4 2 8 1 2152.31230094
4 4 12 1 2223.95075395
8 2 8 1 2535.1379811
4 4 12 0 1837.76435494
8 4 8 1 2921.72929938
2 4 8 0 1990.55082781
16 4 0 1 5622.5415769
16 2 0 1 4200.81284341
16 2 0 1 4295.29798412
2 4 4 0 1960.515488
16 2 0 1 4475.22514441
8 4 1 1 3760.08012006
2 2 1 1 1887.20289817
8 2 2 0 2656.63900928
2 4 2 0 1941.28079113
16 4 0 0 5498.28307864
16 1 0 1 2612.31805507
16 2 0 0 4005.70856269
1 2 15 0 1876.81520791
8 1 8 0 1886.77296692
2 2 1 0 1840.47556665
16 1 0 0 3717.1623024
4 4 2 1 3125.47481026
8 1 8 1 1819.06352453
16 4 0 1 5562.25008678
4 2 1 1 2382.55065622
4 2 2 0 2224.14437852
1 4 15 0 2044.04468772
16 1 0 0 3481.65982111
1 2 4 1 1741.33674922
16 1 0 1 2605.64422249
16 2 0 0 3912.39660477
8 4 8 1 2847.56793606
8 1 8 1 1682.45201195
16 1 0 0 2805.93085429
16 1 0 1 2639.57567509
1 2 1 0 1811.75364124
16 2 0 1 4217.7672636
16 2 0 0 4197.20098286
1 2 15 1 2094.40674701
8 2 8 0 2167.13286802
8 2 4 0 2183.76516623
8 2 1 1 3773.00867824
8 4 4 0 2920.39712467
16 2 0 0 4434.65478346
2 2 8 1 1833.69651793
16 2 0 1 4492.70453116
1 4 15 1 2003.9394927
2 2 2 0 1791.42138539
2 4 8 1 1922.37474561
1 2 4 0 1765.42320687
16 1 0 0 2488.65467517
16 1 0 1 2950.81083975
2 4 14 1 1561.07841874
4 2 12 0 2172.19305111
8 2 8 1 2297.41339399
4 4 8 0 1876.47120052
1 4 8 1 2161.19396406
16 2 0 1 4223.68645068
1 2 15 1 1754.61421433
8 2 8 1 2324.04054914
2 2 4 1 1948.05581883
8 4 2 0 3628.93583431
16 2 0 0 3827.37498745
16 2 0 1 3929.5499249
4 2 1 0 2549.13274439
4 2 2 1 2409.07604429
1 4 4 1 2067.45028444
16 1 0 0 2447.23320346
4 4 1 0 3276.77585956
4 4 1 1 3071.34385028
4 2 12 1 2112.88589285
2 2 8 0 1854.73868958
8 4 4 1 2342.20454233
16 2 0 0 3616.13400022
16 2 0 0 4112.36640067
4 2 12 0 2016.4759099
16 4 0 1 5417.84736563
16 4 0 0 5222.71426793
1 4 2 1 2047.2226693
8 1 8 0 1560.95122064
16 1 0 0 3316.5240518
4 4 2 0 3020.86486995
8 1 8 1 2169.22824977
1 2 8 1 2024.66971203
4 1 12 0 1624.58304765
16 2 0 0 3719.91130068
8 4 8 0 2020.66695954
2 4 14 0 2020.80656162
1 2 2 1 1754.7388023
16 1 0 0 3590.236716
1 4 15 1 2154.6905309
16 1 0 1 2685.34467346
4 4 4 0 2536.40868585
8 4 2 1 3923.34276465
8 1 2 1 2003.39419577
16 2 0 1 4272.29093297
16 2 0 1 3713.05663392
16 4 0 1 5329.97496311
16 8 0 1 4498.57170735
1 8 15 1 2282.51868777
16 16 0 0 5465.77944025
1 16 4 0 2171.94558688
1 16 1 0 2251.25412729
16 4 0 1 4711.87853542
16 16 0 1 5589.74649912
2 8 1 0 2600.88860798
4 16 4 0 3601.070717
16 8 0 1 4639.81385783
4 16 4 1 3789.8320568
16 4 0 0 4759.14811313
4 16 12 0 2607.62013335
2 16 14 0 1962.36878435
1 16 8 1 2021.0099346
16 4 0 0 4911.40927432
16 4 0 0 4581.8054872
2 16 8 1 2039.76932048
16 8 0 1 4806.42394769
2 8 4 1 2091.38867163
16 16 0 1 5588.68372007
1 8 2 1 1918.22402632
8 8 4 0 3215.41418418
16 8 0 0 4813.75749537
16 16 0 0 4768.83484594
4 8 1 0 3903.87415117
16 16 0 1 5556.40000315
16 8 0 0 4460.74707111
16 4 0 1 5065.7859948
1 8 15 1 1703.45827156
8 16 8 1 3213.18847413
16 8 0 1 4786.03386572
4 16 1 0 4469.95657355
16 8 0 1 4788.78928077
4 16 12 1 2279.54312421
8 16 8 1 2870.8012966
2 8 14 0 2183.04890903
4 8 4 1 2348.56675777
2 16 8 0 3128.27071441
16 4 0 0 4800.76038122
16 4 0 1 5090.36416715
16 16 0 0 5838.38795754
4 8 1 1 3828.48039636
2 8 4 0 2972.30560726
16 8 0 0 5997.95000479
16 8 0 0 4715.89305477
8 8 8 1 2808.33985294
2 16 4 0 2849.99216635
16 16 0 1 5364.02060117
8 8 8 1 2972.80116137
4 8 8 0 2762.94524839
1 8 8 1 1409.99265275
16 16 0 0 4852.90884192
8 16 8 0 2812.2252561
16 16 0 1 5852.88455947
1 16 15 1 2056.91915844
4 8 12 1 2243.38848309
8 8 2 0 3717.88764616
16 8 0 0 4853.63382059
16 4 0 0 5260.51702778
4 16 2 0 3496.54815696
16 16 0 1 5498.79629385
16 8 0 0 4573.33971977
16 16 0 1 5009.64958757
1 8 4 0 1971.89987857
16 4 0 0 5250.49970617
16 8 0 1 6317.16128377
8 16 1 0 5212.89068318
2 8 8 1 2671.11621939
8 8 1 0 4916.67644888
2 8 2 1 2408.86666895
1 8 8 0 1785.91709572
2 8 14 1 2073.23345792
16 8 0 0 5298.30814741
1 16 8 0 2141.26146181
2 8 8 0 2351.39242911
16 16 0 0 5427.00405528
16 16 0 1 5354.75055485
8 16 8 1 2659.96732594
16 8 0 0 4638.35811036
16 8 0 1 6084.23705782
8 16 8 0 3114.09854939
16 16 0 1 5907.97990098
16 16 0 0 5657.45770421
1 16 2 0 2152.67395418
16 4 0 1 4955.58348825
8 8 8 0 2851.82825742
1 8 4 1 2316.14979824
16 4 0 1 5420.7301938
16 4 0 0 5361.84493457
4 8 8 1 2156.88411373
1 16 1 1 1850.26558423
2 16 4 1 2585.87195108
16 4 0 1 4927.94865659
2 16 2 1 2666.09522058
2 16 14 1 2146.52975921
8 16 2 1 4626.67153552
16 4 0 0 5211.06623196
1 16 15 0 1870.69122738
16 16 0 0 5417.97994347
16 8 0 0 4528.12907991
16 16 0 0 5616.43024085
1 16 4 1 2086.65376059
16 8 0 0 6186.54312695
4 8 2 0 3323.24453122
16 16 0 0 5569.04815122
4 8 12 0 2095.10774313
16 8 0 1 6171.13875053
2 8 1 1 2630.13148214
1 8 15 0 2430.13256543
1 8 15 0 1977.12736689
8 8 8 0 3234.80468013
8 16 1 1 4899.64066892
1 16 15 0 2291.06665888
4 16 12 1 2564.92611579
16 8 0 1 4456.34326761
8 16 2 0 4799.74111939
2 8 14 1 2452.54700737
16 8 0 1 4940.42842321
16 4 0 0 4974.78546247
2 16 14 1 1927.5301011
16 8 0 0 4728.87809301
4 8 2 1 3448.33385091
16 4 0 0 5327.13368229
8 8 4 1 4090.60611271
8 16 8 0 3349.40431913
4 16 8 1 2945.07966594
8 8 8 1 2508.4911906
4 8 4 0 3914.63214185
8 16 4 0 4171.38972616
2 8 14 0 1938.47332443
1 8 1 0 2036.80110972
8 8 8 0 3082.21550922
2 16 2 0 2930.43009747
4 16 2 1 3821.71082104
16 8 0 0 4924.25718896
4 16 1 1 4449.20969828
16 4 0 1 4811.21040737
8 8 1 1 4820.70562494
16 4 0 1 4867.30786496
2 16 1 1 2686.77233742
1 16 15 1 2373.94701134
4 16 12 0 2459.88257894
16 16 0 1 5606.39425076
8 16 4 1 4219.42061577
1 16 2 1 2023.85841321
2 16 14 0 1952.31404033
16 8 0 1 4724.90061065
8 8 2 1 2948.24469367
4 8 12 0 1822.0545909
1 8 1 1 1866.15669377
16 8 0 1 5716.25383224
4 8 12 1 2496.84705769
16 16 0 0 5511.37840424
2 16 1 0 3172.50347688
1 8 2 0 2054.24799809
4 16 8 0 2360.91791822
2 8 2 0 2989.70556643
1 1 2 1 1151.76317606
8 1 0 0 964.44841702
4 32 12 1 2396.32164425
16 32 0 1 6418.89653385
16 32 0 0 6356.81121007
4 1 4 0 737.984363911
16 16 0 0 5430.383488
4 1 4 1 613.165324334
8 1 0 1 425.141949309
8 1 0 0 1300.27816896
16 32 0 1 6584.51356595
8 32 8 1 2951.72859927
1 32 2 0 1993.16939609
16 16 0 1 5218.78614122
1 1 7 1 971.885884977
1 32 1 0 2034.26547788
1 32 8 0 2010.50260193
2 32 1 1 2651.78340145
8 32 8 1 3109.04525615
8 32 8 0 3192.99815317
8 32 1 0 5247.65243912
2 1 6 0 567.336570409
8 1 0 0 1005.99134124
4 32 4 0 3558.49990154
8 32 8 0 3044.2816782
2 32 1 0 2923.58527369
1 32 4 0 1931.28693102
2 32 2 1 2804.18229082
16 32 0 0 6095.43967098
1 32 15 0 1834.93020532
16 32 0 1 5662.74278931
2 1 1 1 1236.7574164
2 1 4 1 1122.43546059
4 32 1 1 4062.967781
8 1 0 1 922.166753068
16 16 0 0 5395.59023998
16 16 0 1 4689.09751675
8 1 0 0 1331.01753522
8 1 0 1 2070.75867568
4 1 1 0 1228.80471254
8 1 0 1 1404.77389335
8 1 0 0 1389.36691549
2 1 6 0 1675.92168973
8 1 0 1 1087.63646841
2 1 1 0 1104.74004963
1 32 8 1 1916.94111071
8 1 0 1 1082.87387143
16 32 0 1 5349.74669732
1 1 7 0 1069.48656195
8 1 0 1 1501.1475396
4 1 1 1 1864.30023965
8 1 0 0 1387.76230476
16 32 0 1 5833.83388583
4 32 2 0 3843.85107495
2 1 4 0 1329.19393177
2 1 2 1 1320.32106518
4 32 2 1 4578.29087933
16 32 0 0 5761.95807403
4 1 4 1 684.772829951
2 32 4 0 2695.07952413
8 1 0 0 1391.0506872
4 1 4 1 1441.03457867
1 32 15 1 1836.94614032
16 32 0 0 6609.82234781
2 32 4 1 2626.13773989
8 1 0 1 1466.36485668
1 32 1 1 1677.29967552
2 32 2 0 2692.5143863
2 32 8 1 2771.35202678
16 32 0 0 6341.06094659
4 1 2 0 834.234389777
1 32 2 1 2138.57735289
4 32 12 0 1698.04273884
1 1 4 0 1062.60840716
2 1 6 1 1606.56813353
1 1 2 0 1296.66713604
16 32 0 1 5656.19333056
16 32 0 1 6372.53612522
8 1 0 1 1735.78424885
2 32 14 0 2192.69356124
1 1 7 0 1555.93299966
1 32 4 1 1912.4749234
1 32 15 0 1803.52714379
8 1 0 1 1453.35104452
16 32 0 1 6111.64528325
8 1 0 0 1544.22247925
4 32 12 1 2283.17659121
16 32 0 0 5969.34858656
16 32 0 0 5165.83979945
1 1 1 1 1468.68262415
4 1 4 1 743.759034115
8 1 0 1 1788.46468268
8 1 0 1 1436.27203156
1 1 1 0 1076.09244679
8 1 0 0 1718.94391626
8 1 0 1 592.652980159
8 1 0 0 1466.99986021
4 32 8 1 2945.72936371
8 1 0 0 1420.20241057
8 32 2 0 4526.81763131
1 32 15 1 1495.77984181
8 32 4 1 3838.19212222
1 1 4 1 1489.44795705
8 1 0 0 1586.31475211
2 32 14 1 1886.31165923
8 1 0 0 1727.73320852
1 1 7 0 817.020021894
8 1 0 0 536.171177706
2 32 8 0 2185.56055199
1 1 7 1 1621.34729594
2 1 2 0 1277.37875721
16 32 0 0 6136.08855623
8 32 2 1 4820.21811069
4 1 4 0 1381.83731277
8 32 8 1 3303.53322178
2 1 6 1 1430.8220472
4 1 4 0 487.763543039
4 32 8 0 3059.91793286
4 1 4 0 511.148713851
16 32 0 1 6007.50908069
4 32 1 0 4452.98463675
2 32 14 0 2103.68637925
16 32 0 0 6394.19927957
16 32 0 0 5702.63924481
16 32 0 0 5597.84244592
4 32 4 1 2982.31498451
2 32 14 1 1953.93547141
8 1 0 1 1474.0840921
2 1 6 0 1306.91125878
16 32 0 1 6088.43338589
8 32 4 0 3664.67604834
4 1 2 1 777.720288751
1 1 7 1 1650.14893614
16 32 0 0 6649.07433501
2 1 6 1 1590.30040485
16 32 0 1 6212.47168042
4 32 12 0 2096.06882001
8 1 0 1 2205.44893059
8 1 0 1 1175.71065741
16 32 0 1 6159.58575136
8 32 1 1 5127.97017808
8 32 8 0 3161.56398323
2 8 1 0 2812.51769166
2 4 4 0 2111.03447232
8 4 0 0 4712.77744683
8 2 0 1 4079.42204741
8 4 0 1 4593.30720509
8 4 0 1 4782.08825003
8 4 0 0 4585.29595046
4 2 4 1 1567.52089951
4 4 4 0 2454.29886209
8 2 0 0 2698.48826626
8 2 0 0 3812.39912405
1 4 7 0 1440.55215272
8 4 0 1 4997.15143098
4 2 2 1 1254.04763819
8 2 0 0 3898.59033925
2 4 2 1 1280.81472114
2 2 6 0 643.025250801
2 4 2 0 2239.10234891
4 2 4 0 776.152010218
8 2 0 0 4164.29923099
8 4 0 0 4858.93468291
1 4 7 1 984.786276001
2 2 6 1 639.973140596
2 8 4 1 1930.00949873
2 8 2 0 3055.29860083
8 4 0 0 5011.26523312
4 4 2 0 2757.40973004
8 4 0 1 4870.86412053
1 8 7 1 2070.95326509
8 4 0 1 4763.35189322
1 8 1 1 1781.91456056
8 4 0 1 4527.93062234
4 2 4 1 1402.83644488
8 2 0 0 3903.4514339
8 4 0 1 4613.90267971
8 2 0 0 4019.37314821
8 2 0 1 3862.01675164
2 4 6 1 2061.49759333
8 2 0 1 3945.96041901
4 2 1 0 1280.80506092
4 4 4 1 2536.6001032
8 2 0 0 3074.56015677
8 2 0 0 3857.45899737
1 2 7 0 1231.40224864
2 2 4 1 1032.23519
4 2 4 1 1258.36411461
1 8 2 1 1654.7864796
8 4 0 0 4593.61081984
1 4 7 1 1470.58161682
8 2 0 1 3944.75084166
2 4 6 1 1743.83321566
1 2 7 0 1252.8424301
8 4 0 0 4806.00873475
2 4 6 0 1678.42269488
2 8 6 1 590.470570914
8 2 0 1 3993.53915816
8 2 0 0 3935.11848627
8 2 0 0 3738.89631987
8 4 0 1 4999.53263567
8 4 0 0 4945.421525
8 2 0 1 1868.99811998
8 2 0 0 2096.22491949
2 4 1 1 2151.78782275
8 2 0 1 4024.66694468
4 2 4 0 878.163947641
1 4 2 0 1709.02087752
8 4 0 0 4585.57711308
2 2 2 1 1185.77668141
8 2 0 1 3740.5400819
2 8 6 0 1965.85651919
8 4 0 1 4434.51827303
8 4 0 1 4406.44636695
8 4 0 0 4758.9480921
1 2 7 1 1735.50822445
1 8 7 0 2103.97898577
1 8 4 1 1915.41270118
8 4 0 0 4718.77934541
8 2 0 1 3849.88284275
4 4 1 0 3510.66662389
4 2 4 0 1279.2535811
1 8 7 0 2277.99500366
4 4 1 1 3212.6673253
4 4 4 0 2478.95785134
1 2 1 1 1275.61936432
8 2 0 1 3321.22635822
1 8 7 0 1838.07928071
1 4 1 1 1726.21444459
1 8 1 0 2301.24234136
8 2 0 1 4001.31153738
8 4 0 0 4709.60789163
2 8 4 0 1119.36001675
2 8 2 1 2544.45939174
4 4 4 0 2497.0132814
1 2 2 0 1113.23888855
8 2 0 1 3861.25675781
1 2 7 0 1265.79997962
2 8 6 0 2379.54509018
4 4 2 1 2956.59556319
2 2 6 0 547.601024067
8 2 0 0 2639.68475809
8 2 0 0 3990.0650776
4 4 4 1 2135.4212892
1 8 4 0 1805.58366088
8 4 0 0 5020.19142024
8 2 0 0 1660.2593178
1 2 2 1 1229.91207591
2 2 2 0 788.210400235
2 4 6 0 2132.91666839
1 4 2 1 1749.15774365
8 1 0 0 2244.36941328
2 2 4 0 806.967816563
4 4 4 1 2225.00856639
8 2 0 1 2677.93057717
4 4 4 1 2279.28256588
1 4 7 0 1706.52278915
2 2 6 1 703.086381246
8 2 0 0 3880.90420275
8 4 0 0 4894.01484421
1 2 1 0 1474.66422424
1 2 4 0 1170.01731754
1 2 7 1 1676.40148903
1 2 4 1 1628.2604187
1 8 7 1 1783.74775791
2 4 4 1 2413.50407245
8 4 0 0 4803.69619347
8 1 0 0 2648.18492697
8 4 0 1 4649.66899507
8 4 0 1 4434.66631947
8 2 0 0 4012.84358893
2 8 6 1 764.463025992
8 4 0 0 4902.64229446
1 4 4 1 1654.93557682
8 4 0 1 4898.17423212
8 4 0 0 4140.79954173
8 4 0 1 4702.04350088
4 2 1 1 1891.70341568
4 2 4 0 767.213359947
2 4 6 0 2061.00546146
4 2 2 0 1590.65599126
8 2 0 1 3337.76524396
8 2 0 0 3955.38410076
8 4 0 1 4707.27839524
2 4 1 0 2421.45773783
8 4 0 1 2408.56805611
8 4 0 0 4699.31910427
8 2 0 1 2202.99628296
8 2 0 1 2240.96733655
4 2 4 1 1404.87791735
4 4 4 0 2499.48733032
2 8 1 1 2997.98309352
2 4 6 1 2008.78727213
8 4 0 0 2558.00370116
8 2 0 0 3832.35527195
8 2 0 1 3611.28668766
8 4 0 1 2839.50804476
8 4 0 1 5000.31614152
1 4 7 0 1510.5698591
1 4 1 0 1810.04333709
1 8 2 0 2207.9412679
8 2 0 1 4070.37677799
8 1 0 1 2499.66633402
8 8 0 0 1876.89793405
8 32 0 0 6252.71238485
8 8 0 0 5382.87004052
8 8 0 0 5246.79031365
4 8 2 1 3132.73661306
8 16 0 0 5819.6436605
4 32 4 1 2826.59091873
8 16 0 1 5758.50589948
8 16 0 1 5676.68428765
4 8 2 0 3079.47823824
2 32 4 1 1889.37020312
4 16 4 0 2850.2034843
8 16 0 1 5704.77385574
4 32 2 0 3765.62538828
2 32 6 0 2017.51413177
8 8 0 1 5396.25889381
8 16 0 0 5915.53260261
8 8 0 0 5198.98586428
8 8 0 0 5497.56330079
8 8 0 1 5348.54862625
1 16 2 1 1972.53962939
2 16 6 1 1898.96252994
2 32 2 0 3066.71304915
8 8 0 1 5318.86788735
1 32 2 1 2069.34070496
1 16 7 1 1673.13282538
2 32 1 0 3012.44132457
2 32 4 0 2340.16230055
8 16 0 0 5602.79035977
4 16 4 0 2847.8918676
1 32 1 0 1587.44608291
1 16 1 1 1909.65767872
8 16 0 1 5403.20783723
8 8 0 0 5410.67181155
2 32 6 0 2004.85065422
4 8 4 1 2934.23013772
8 8 0 0 5553.67029841
2 8 6 0 1900.27879007
8 16 0 0 5695.7343823
8 8 0 0 5244.34534254
1 16 4 1 1408.77480459
2 16 2 0 2835.22283266
2 16 1 0 2888.44521007
8 16 0 1 5801.06023568
1 16 2 0 1833.30253182
1 16 4 0 1943.53311639
8 16 0 0 3068.00092182
4 16 4 1 2886.44297765
4 32 1 1 4411.08380959
2 16 6 0 2011.66475644
4 8 4 1 2851.44029135
8 16 0 0 3564.19130907
8 16 0 1 5738.31666845
2 16 4 0 2916.67225143
8 8 0 1 5565.96115012
4 8 1 1 1312.01642039
8 16 0 0 5859.4667499
8 8 0 0 4391.01021232
8 8 0 0 5365.9672514
2 16 6 1 2263.01652869
4 16 4 1 2718.82100798
8 16 0 1 2145.40548809
1 32 4 1 2025.06271483
8 16 0 0 5836.27117345
1 16 7 0 2023.54933874
1 32 7 1 2064.15788639
8 8 0 0 5494.30323511
8 16 0 0 5927.46010965
4 16 4 0 1479.67831288
4 32 4 1 2760.5467602
4 32 4 1 2522.30048912
8 16 0 0 2537.06900507
8 16 0 0 5573.29033076
8 16 0 1 5763.37034033
8 16 0 0 5757.55632295
4 16 4 1 2803.71204772
4 16 4 1 2973.09091073
8 8 0 1 3532.10718494
2 32 6 1 2239.58070965
2 32 6 1 1905.45245575
8 32 0 1 5837.12054181
8 8 0 1 5302.05830239
8 8 0 1 5300.51682291
4 16 1 0 4095.28235244
1 32 7 0 1334.16203069
4 8 4 1 2682.01007871
1 16 7 1 2033.99182214
8 32 0 1 6339.51006258
8 16 0 1 5808.82747252
4 8 4 0 2660.18318711
8 16 0 1 5923.13989136
8 8 0 0 5345.42954882
4 16 1 1 4490.52909403
8 16 0 1 5982.69681475
8 16 0 1 5806.84452047
2 16 4 1 1929.69953232
8 8 0 1 4775.11214526
2 16 6 0 2165.8557024
4 32 4 1 2625.26525648
8 16 0 1 5718.67572713
8 8 0 1 5500.61610844
4 8 4 0 2679.3396675
4 8 1 0 3606.17649223
8 32 0 0 6181.83688137
8 8 0 1 4625.75567028
1 16 7 0 2263.17730678
8 16 0 0 5299.7509663
1 32 4 0 1682.34644372
1 32 7 1 1816.84556255
8 8 0 1 5194.60013249
1 32 1 1 1820.87316382
8 8 0 1 5250.65965886
2 16 1 1 2451.24605864
8 16 0 0 5873.39233724
4 8 4 0 2622.6434437
8 8 0 1 5507.88747673
8 8 0 0 5112.48519622
1 16 1 0 1508.73035533
2 16 6 0 2020.38542516
4 32 4 0 2722.29204036
4 8 4 1 2749.01586673
8 16 0 0 5997.17498476
2 32 1 1 3048.01471355
8 8 0 1 4920.80682705
8 8 0 0 5531.08843391
2 16 2 1 2577.76790863
8 16 0 1 5591.89961559
8 8 0 0 4971.39243814
2 32 2 1 2447.04704721
8 16 0 0 6006.39890418
1 32 7 1 1357.47404958
8 16 0 0 4009.48907774
8 8 0 0 5052.85297578
2 16 6 1 1681.31623769
8 32 0 1 6498.79776313
8 16 0 1 3278.82416595
1 32 2 0 1509.73134303
4 32 4 0 3000.10856085
4 8 4 0 2652.56358042
4 32 1 0 4255.70363782
8 16 0 1 1797.93796429
2 32 6 1 2268.43018266
1 32 7 0 2049.42121239
1 32 7 0 2058.92286458
4 32 2 1 4006.63719824
8 8 0 1 2752.52910242
1 16 7 0 1919.86998368
8 8 0 0 5207.37982044
4 16 2 0 3402.20223813
8 16 0 0 5592.65961685
1 16 7 1 1993.80387631
8 8 0 0 1735.18970678
8 16 0 1 4915.93299004
2 32 6 0 1570.76707666
8 8 0 1 5129.52238179
8 8 0 1 5132.09145534
4 16 4 0 2747.3356441
4 32 4 0 2682.24940342
8 8 0 1 4943.34931188
4 16 2 1 3774.52208943
4 32 4 0 3225.04806909
