1 4 4 1 104.733247183
4 2 8 0 151.512914484
16 1 8 0 164.767842155
32 2 32 0 160.02444678
1 4 16 1 120.192164699
8 2 32 1 136.350648596
1 2 2 0 84.0132211628
4 2 4 1 147.433684592
8 2 1 1 123.583307157
32 1 2 1 148.784335954
4 2 1 1 124.410913013
1 2 32 0 128.0530132
16 2 2 0 106.792361313
2 2 1 0 53.7167411818
1 4 2 0 77.471694384
8 2 16 0 152.450360242
2 1 2 0 99.0734628236
8 1 8 0 139.225979803
1 2 16 0 137.702642499
8 2 2 1 139.156723035
1 4 1 1 55.8692526652
2 1 16 0 147.314177314
32 2 1 1 154.684259918
4 4 2 1 133.160874377
2 2 32 1 123.172021296
4 4 8 0 142.506109712
4 4 1 0 116.61888689
1 4 16 0 120.561327156
4 2 4 0 145.472838462
16 2 32 0 133.197864549
2 4 4 1 131.116885312
4 2 8 1 159.113952738
8 1 8 1 174.822539245
1 1 8 0 111.88404378
16 1 1 1 115.71947773
32 1 16 1 111.15912576
1 2 2 1 85.2870187986
4 1 8 0 155.257580659
32 1 8 1 119.745217229
32 2 8 0 116.759476711
4 2 1 0 123.725897554
4 1 4 0 149.374698402
8 1 2 0 147.368828645
2 1 8 0 133.496753116
8 2 2 0 96.803643326
1 4 32 0 119.023923282
4 2 2 0 134.480787578
32 1 2 0 151.513822753
1 1 16 0 136.088350079
8 1 4 0 147.578236135
1 1 1 1 44.9144048307
4 4 1 1 115.229755341
1 2 8 0 131.721835954
8 2 1 0 142.231999932
4 2 32 0 150.369568942
2 1 1 1 79.9230808765
2 1 1 0 92.9757818838
4 1 16 0 180.668189196
1 1 1 0 46.3046420671
16 1 8 1 108.093703278
2 1 2 1 108.578486008
4 1 8 1 183.104386154
4 1 2 0 115.424726896
16 2 4 0 54.9647387687
2 1 16 1 150.070707821
8 2 4 1 148.884957214
2 2 16 1 142.030527045
16 2 1 1 134.521266476
4 2 32 1 73.2228430175
32 1 4 0 128.64432367
1 2 8 1 128.853806478
2 4 1 1 86.2075001248
1 2 4 0 88.962152712
4 4 16 1 159.147570429
2 2 8 1 132.79068734
2 1 32 1 138.153913773
8 2 4 0 181.310178813
8 1 16 0 140.365268249
8 1 1 1 143.633865156
2 1 4 0 130.287118812
2 4 8 0 130.210640949
2 4 16 0 34.0050971481
1 1 2 1 75.3766487282
2 1 32 0 137.473849227
16 1 2 1 153.66132907
2 2 8 0 144.33157645
16 1 4 1 151.664439448
32 1 32 0 109.904744491
4 4 4 0 143.344844339
1 1 4 1 108.223159727
4 1 4 1 154.394945861
4 4 8 1 146.074270199
2 2 16 0 147.695208794
1 1 8 1 126.263722811
32 2 4 1 127.18660613
32 2 8 1 147.612265637
32 2 32 1 148.233796763
32 2 16 0 130.68788133
32 1 8 0 146.627209282
32 2 4 0 126.821671328
8 2 8 1 155.865271002
8 1 1 0 90.0375681701
2 4 8 1 147.531106745
2 1 4 1 112.444490041
16 2 2 1 146.762564078
1 1 4 0 106.069462664
16 1 16 1 153.612810815
1 2 1 1 63.2153413193
16 2 32 1 142.894027809
2 2 4 1 137.153150458
32 1 4 1 141.050117059
2 4 32 0 131.865267836
2 4 4 0 118.463340813
4 2 16 0 141.469261497
8 1 32 1 148.826620646
16 1 32 1 148.832955919
16 2 8 1 154.012365583
16 2 8 0 158.969829408
4 1 32 0 158.285506424
1 4 8 0 119.288888778
4 1 1 0 121.548139395
32 1 32 1 115.986308378
8 1 16 1 177.433237363
8 2 16 1 128.207748383
4 1 32 1 159.649827923
2 1 8 1 133.335182485
1 2 16 1 123.302682926
2 2 2 0 114.320014374
32 1 1 1 82.2999430478
1 4 32 1 108.505887244
2 4 32 1 128.824275965
16 2 1 0 151.997304082
2 4 2 1 103.762870275
2 4 2 0 94.0488577125
16 2 16 1 151.044640886
2 2 2 1 98.3003793768
32 2 2 1 127.055721412
4 4 2 0 115.339929133
16 2 16 0 138.331741405
16 1 16 0 147.332583071
4 4 4 1 138.978003155
8 1 4 1 160.611857214
4 2 16 1 182.162212198
4 1 16 1 164.078082372
1 1 32 1 124.885423473
2 2 32 0 156.174821682
4 1 2 1 93.7996896725
32 1 16 0 117.302136375
32 2 2 0 170.309430643
2 2 4 0 125.131166266
16 1 32 0 163.47293916
2 2 1 1 88.0174013543
1 1 16 1 87.7204423122
4 1 1 1 114.233148832
1 2 4 1 111.098578803
8 2 32 0 155.892872589
16 1 4 0 156.079587364
1 4 8 1 127.261849406
1 1 2 0 85.7047404834
4 2 2 1 125.81259339
32 2 1 0 116.31053929
1 4 4 0 97.3248409535
8 1 32 0 144.661564292
32 1 1 0 136.862511332
1 1 32 0 101.386506111
32 2 16 1 123.30912616
1 2 1 0 60.5410354836
8 2 8 0 174.304664507
8 1 2 1 136.845958945
2 4 1 0 92.5906819886
16 2 4 1 134.800945364
1 2 32 1 123.796275172
16 1 2 0 152.449064038
1 4 2 1 83.8918918919
16 1 1 0 131.873018384
1 4 1 0 62.7348544513
2 4 16 1 32.8913084983
16 16 4 1 129.517186836
16 16 1 1 137.562139633
8 16 2 1 125.649688006
2 8 4 0 95.9172998072
16 4 8 1 153.549002879
16 8 8 0 127.269400249
16 8 32 1 166.2047309
1 8 16 1 118.318934003
32 4 1 0 140.080717407
8 4 32 0 138.32814753
16 8 1 1 137.652395129
2 8 4 1 144.955724328
32 16 8 0 129.661568917
1 16 4 0 104.772870464
32 4 8 1 122.694671538
16 16 16 0 133.989351276
8 16 1 1 110.817198697
4 8 8 1 146.99017752
4 8 32 0 155.61910825
16 16 16 1 128.469255427
16 8 4 0 158.836489319
4 16 2 1 120.009267534
32 16 4 0 110.13579447
16 16 1 0 127.02170981
8 8 1 1 108.4575588
16 8 32 0 137.837445949
4 16 2 0 113.833028078
4 16 8 1 129.256314224
4 4 32 0 154.524879648
8 8 4 1 152.275881292
16 4 1 1 131.315275804
2 8 1 1 93.476699417
1 16 4 1 98.5792921432
4 16 32 0 129.070642949
1 8 1 1 56.628035044
4 16 16 1 140.868726829
16 8 2 0 141.863624889
32 4 32 0 136.50366017
8 8 8 0 149.217479481
32 8 2 1 116.804028494
32 16 1 0 126.13826396
32 8 16 1 115.806074912
16 8 1 0 130.27582384
1 16 2 0 74.4128431193
4 8 4 0 154.478635697
2 16 4 1 63.1334725648
16 4 16 1 142.085927616
4 16 4 1 125.198907888
2 16 16 0 120.733292471
16 16 8 0 116.912556313
32 4 2 0 133.540908998
8 8 32 1 78.4777685697
16 4 32 1 130.680847443
4 8 1 1 105.372722173
8 16 8 0 151.89594187
4 8 2 0 131.400900436
16 8 4 1 119.20180867
8 4 16 0 135.312641541
1 16 2 1 51.4557844581
32 8 8 0 113.803189093
32 8 32 1 123.409078836
16 4 8 0 157.863692878
1 8 2 0 78.2833139243
16 4 32 0 144.548439302
1 16 8 1 106.417107639
1 8 1 0 53.8244310077
2 16 32 1 124.655716001
2 8 16 1 139.057054887
4 16 32 1 74.5625820557
16 8 16 0 89.9672755798
32 16 16 1 123.131838942
1 8 2 1 84.0846915614
32 16 32 1 124.458528099
16 8 2 1 153.963580233
2 16 8 0 132.712955688
2 16 8 1 120.427737985
16 4 4 1 132.8534397
4 4 16 0 162.712449995
32 4 4 1 99.3455312876
32 16 16 0 116.979666755
8 4 4 0 134.777882293
32 16 8 1 107.603664339
1 16 1 0 58.7922711948
2 8 2 1 102.046669186
32 4 4 0 122.466646374
8 8 1 0 126.148852839
16 4 1 0 137.89836089
8 16 4 1 113.783671303
16 4 4 0 140.076910488
16 8 8 1 144.978915656
32 8 1 1 121.305578366
8 4 2 0 146.907324549
16 16 2 1 139.033821061
16 16 32 0 130.41203606
1 16 32 0 117.254837891
2 16 4 0 113.802670507
32 4 16 0 134.294325422
8 16 32 1 132.072832327
1 8 32 0 118.023172248
32 4 2 1 117.987645593
8 16 16 0 155.863638147
8 8 4 0 122.935728655
8 16 32 0 142.484912396
1 16 32 1 107.952061178
8 8 8 1 128.490044537
8 8 16 0 153.074311414
2 8 8 0 144.700250186
32 16 4 1 75.1240407152
16 16 32 1 130.713393664
4 16 16 0 142.469129816
1 8 4 1 107.443334442
8 4 1 0 124.738873719
8 16 16 1 89.728579911
4 16 8 0 138.107900748
2 16 2 1 99.3401588215
2 8 32 0 137.56546829
32 4 8 0 120.250389116
16 4 16 0 117.055664745
8 4 8 1 145.175523152
1 8 16 0 103.147206005
32 8 4 1 149.230259676
16 8 16 1 145.510203331
8 4 1 1 113.558233928
8 8 16 1 148.662629919
32 16 2 0 118.575571992
2 16 32 0 116.595611289
32 4 16 1 139.760836457
2 8 1 0 83.6224222905
8 8 2 0 144.270789642
2 16 1 0 84.8073031857
2 8 16 0 137.705336165
32 16 2 1 129.579291896
4 16 4 0 117.53625203
4 16 1 0 71.42937169
2 16 2 0 108.258623981
32 8 1 0 122.669395502
8 4 16 1 134.256801167
16 4 2 0 148.824931331
2 8 8 1 133.034645454
16 16 8 1 74.6930081138
2 16 16 1 124.448863371
4 16 1 1 104.331438402
1 8 4 0 101.673149935
4 8 1 0 116.963276459
1 16 16 1 108.653629934
32 4 1 1 148.97937696
8 8 2 1 134.258743044
1 8 8 0 121.71686672
2 8 2 0 95.586860621
32 16 1 1 108.44516247
16 4 2 1 136.050769626
1 8 8 1 116.536126072
4 8 16 1 84.8463097283
32 8 4 0 144.933671902
8 4 2 1 119.198374708
8 4 8 0 141.093091655
16 16 2 0 152.946570449
8 4 32 1 167.933745735
32 4 32 1 118.190345283
4 8 8 0 156.1097393
4 8 4 1 126.58347876
4 8 2 1 66.9522011536
8 8 32 0 154.890580946
16 16 4 0 144.993004378
32 8 16 0 122.343707162
2 8 32 1 133.763125198
8 16 8 1 141.243899376
32 8 2 0 136.167117451
32 8 32 0 137.984828694
8 16 4 0 149.492076477
4 4 32 1 154.628448557
1 16 8 0 116.235717984
1 8 32 1 109.392755011
8 16 2 0 132.10824702
4 8 32 1 130.212604943
1 16 16 0 80.9327300449
1 16 1 1 57.8136576281
2 16 1 1 86.0823159566
4 8 16 0 139.723945935
32 8 8 1 100.266191514
8 4 4 1 134.55187897
8 16 1 0 115.834395936
1 32 1 0 57.4121266805
16 32 2 1 106.193849718
16 32 32 1 119.351544137
1 32 4 1 86.5429758542
4 32 16 0 144.114531699
16 32 4 0 134.587616918
4 32 4 1 104.144128455
16 32 8 0 92.234109556
16 32 1 1 111.863096857
32 32 8 1 90.2411828892
1 32 2 0 75.9702078179
2 32 16 1 113.505147644
1 32 32 0 110.94684534
4 32 32 0 135.469655659
4 32 2 1 109.05515152
4 32 32 1 90.0115257943
8 32 2 1 116.934074898
2 32 8 0 91.1419747857
2 32 1 1 42.868064971
4 32 4 0 120.522947568
2 32 4 0 113.874230593
2 32 8 1 104.57601772
8 32 16 1 104.44688652
1 32 1 1 34.5307062545
16 32 4 1 116.568685153
4 32 16 1 121.486428552
16 32 32 0 47.7936175946
16 32 1 0 129.252595086
8 32 16 0 133.768891171
32 32 4 1 116.925380488
1 32 16 0 110.046711198
8 32 4 1 110.024126762
32 32 32 0 117.576317709
32 32 32 1 101.381488776
2 32 2 0 87.2092397071
32 32 4 0 93.6916237088
4 32 8 1 111.159102199
8 32 1 1 74.6430144001
4 32 1 0 107.876896735
2 32 32 0 118.31898739
32 32 16 1 93.9609058968
1 32 32 1 101.184901035
8 32 8 0 136.497291894
8 32 32 0 136.799028729
4 32 2 0 96.685656988
1 32 8 1 94.5777987128
8 32 8 1 114.139664281
32 32 1 0 112.684906968
16 32 2 0 146.11806114
16 32 16 0 123.781476012
32 32 2 0 113.158112744
2 32 32 1 99.2804328267
2 32 16 0 125.378395128
1 32 4 0 54.7822023387
8 32 4 0 124.360916189
32 32 1 1 104.149748722
1 32 16 1 104.555080767
32 16 32 0 114.660008415
2 32 4 1 87.5525581655
8 32 1 0 122.518251085
2 32 1 0 76.1405272341
32 32 2 1 65.2586314487
32 32 16 0 101.877370244
1 32 2 1 68.455166983
16 32 16 1 112.870085524
1 32 8 0 103.550691287
32 32 8 0 107.732159215
16 32 8 1 123.399300571
2 32 2 1 88.4572863872
8 32 32 1 125.324271083
4 32 1 1 95.3915927553
8 32 2 0 130.285937441
4 32 8 0 126.846501699
8 1 1 1 294.846694751
1 1 32 0 191.697396126
1 1 1 1 75.5700851686
4 1 1 1 247.028888527
32 1 2 1 261.404601912
2 1 8 1 344.883127061
1 1 2 1 158.797280834
4 1 2 1 236.952977737
16 1 2 1 318.016515944
16 1 8 0 281.087873544
16 1 4 1 277.959159685
2 1 16 0 279.022930054
2 1 8 0 262.129732542
8 1 4 1 308.946800098
4 1 4 1 171.485140291
8 1 2 1 318.531052674
2 1 4 1 279.933421245
16 1 1 0 332.393328045
1 1 16 1 260.078212693
1 1 16 0 247.261871544
8 1 32 0 263.230957566
16 1 4 0 309.000734243
1 1 4 1 218.850804596
4 1 1 0 224.264065128
8 1 8 0 299.973739351
2 1 2 0 227.83784892
4 1 2 0 272.750159019
2 1 32 1 258.771888181
1 1 2 0 155.050076485
2 1 2 1 227.438868232
4 1 4 0 138.215306477
16 1 16 0 357.625110965
8 1 1 0 259.210519291
1 1 32 1 237.378989159
16 1 16 1 266.74496518
1 1 8 1 235.529841724
32 1 1 0 290.114460427
2 1 1 1 175.956307046
1 1 8 0 258.374819575
2 1 1 0 181.58049366
2 1 4 0 302.350744677
16 1 1 1 285.715837828
8 1 32 1 362.502997268
4 1 16 1 293.812765704
8 1 16 1 372.751284783
32 1 2 0 316.359461434
32 1 1 1 312.352523505
8 1 16 0 340.491463403
4 1 16 0 268.746437874
2 1 16 1 296.115711988
4 1 8 0 328.559091906
8 1 2 0 334.343095928
4 1 32 1 285.437773588
4 1 8 1 295.43858547
1 1 1 0 108.788219494
8 1 4 0 300.012441161
16 1 8 1 311.875081036
2 1 32 0 328.252531697
8 1 8 1 288.1448478
4 1 32 0 310.537514183
16 1 32 0 380.952080668
1 1 4 0 231.481691414
16 1 32 1 349.245951122
16 1 2 0 331.596239133
1 2 2 1 172.492155026
2 2 16 0 276.2007316
32 1 8 0 292.122271102
16 2 16 0 254.616484984
4 2 4 0 330.027936604
32 4 16 1 245.216441995
16 2 16 1 286.607775884
32 1 32 1 282.98190126
32 2 8 0 300.239554121
2 4 32 0 206.166687701
4 4 8 0 279.267881007
16 2 8 0 286.824767104
1 8 8 0 198.427913492
8 4 1 1 222.110305547
4 2 8 1 308.211333485
1 2 8 0 248.032049717
8 4 4 1 235.196908535
8 4 2 0 243.273741225
2 4 2 1 187.650977074
1 2 1 0 121.934122381
2 2 32 0 290.971800432
32 4 32 0 257.326033341
4 4 32 1 231.869052356
32 2 32 0 281.740516418
32 4 16 0 267.059428843
2 2 1 0 167.525528922
4 4 4 0 291.317431437
16 4 32 1 255.344162222
8 4 8 0 282.074794184
2 8 4 1 199.294417764
4 8 1 0 207.17828395
4 2 16 0 288.618142802
16 4 4 1 258.155539265
16 4 1 1 265.018370784
1 4 16 1 208.701808445
16 2 32 0 314.580623971
8 4 32 1 264.560031145
1 4 32 1 234.830218906
32 4 2 1 301.800392395
1 8 8 1 194.18213396
4 8 4 1 259.083663774
2 4 4 1 224.392603456
8 2 4 0 333.656894309
32 4 32 1 227.288811566
16 2 2 1 330.795399132
32 2 1 1 293.736727278
2 2 4 0 263.961104781
4 2 8 0 319.07929026
2 8 16 0 257.821191313
2 4 8 0 243.503677464
1 4 1 0 118.769764351
2 4 1 1 159.2245949
2 2 32 1 274.176676718
16 4 16 1 272.498677281
4 8 1 1 212.910735688
1 2 16 0 205.068008445
32 1 4 1 301.681974928
32 2 2 0 284.936749881
16 2 4 0 212.678292043
1 4 1 1 119.527397484
32 2 4 0 274.098926822
8 4 32 0 290.026888761
2 2 8 0 244.172876304
2 2 1 1 190.535458425
1 2 4 1 175.749241988
4 4 4 1 242.065671697
32 1 8 1 276.834341253
1 2 1 1 119.41715098
4 4 1 1 220.826293144
16 4 8 0 283.705224778
4 4 32 0 276.616984368
2 8 8 1 234.227924795
2 2 16 1 319.24193347
1 2 32 0 235.336585629
1 8 1 0 118.974425412
2 4 4 0 237.374193854
1 8 2 0 69.7556466787
1 4 32 0 217.267655887
32 2 2 1 297.210618379
8 2 2 1 310.581887281
2 4 8 1 219.586807432
2 8 1 0 171.43564213
32 1 4 0 245.606908161
16 4 32 0 237.577122557
32 4 8 1 160.379274087
1 4 4 0 203.301146339
4 8 2 1 210.71345706
1 8 16 0 199.186464268
16 4 1 0 288.231227033
2 8 8 0 258.066540595
8 2 4 1 330.049176624
16 4 16 0 261.059434879
32 1 32 0 276.667628472
4 2 2 0 232.892317433
16 2 32 1 321.419180184
2 4 1 0 172.407651587
4 2 1 1 264.082774353
2 4 32 1 221.178179863
32 4 1 0 288.138534228
32 4 8 0 303.135167727
2 4 2 0 214.90181863
16 4 8 1 274.912137688
16 4 2 0 285.094494279
1 2 2 0 155.697652495
2 8 2 1 206.596635885
2 2 8 1 271.446493819
4 2 4 1 273.462341882
4 4 8 1 293.553438265
32 2 8 1 267.209755958
1 8 32 1 213.75691481
1 4 16 0 221.765952871
8 2 16 1 326.179883378
16 4 4 0 257.726405933
1 2 32 1 235.926529011
16 4 2 1 314.264923477
32 2 16 1 286.945819658
8 2 32 1 299.021130057
8 2 16 0 337.684911247
4 2 1 0 266.472621055
16 2 1 1 284.793564078
2 8 1 1 145.443065474
4 4 16 1 234.208544435
32 2 32 1 286.097098545
32 2 16 0 274.484364185
2 2 2 1 235.872723757
1 2 16 1 226.854633549
32 1 16 0 286.020515404
2 8 2 0 189.305398596
1 8 2 1 158.304451202
4 4 1 0 220.455919872
4 4 16 0 278.098503776
1 8 32 0 213.628584647
16 2 8 1 222.983522926
2 8 32 0 216.844642619
4 2 2 1 266.694971998
32 4 2 0 328.455932884
8 2 8 0 286.119597513
1 4 2 0 149.941788781
4 8 2 0 270.744286805
32 4 1 1 269.147468578
4 2 32 0 317.973439751
2 2 4 1 270.747012767
1 8 4 1 62.5190071546
32 4 4 1 266.682307094
2 8 32 1 250.615603915
1 4 2 1 143.338188428
4 4 2 0 256.958378404
1 8 16 1 207.110969009
2 4 16 0 234.547771023
2 2 2 0 223.786951478
2 4 16 1 227.553679321
8 4 8 1 276.190039023
2 8 4 0 235.179701177
4 4 2 1 216.846716317
4 2 16 1 331.273000104
32 2 1 0 251.586893557
1 2 8 1 243.327715957
1 4 8 1 216.48932656
16 2 4 1 277.002114745
1 8 4 0 177.001981851
32 4 4 0 277.861709239
2 8 16 1 238.030880536
8 4 16 0 257.773615672
8 4 2 1 263.119527672
32 1 16 1 352.244736808
8 2 32 0 335.441801523
8 2 1 0 303.228884729
8 2 2 0 264.988254179
1 8 1 1 103.533882834
8 4 16 1 304.583496729
32 2 4 1 249.633779235
8 2 1 1 266.66254072
8 2 8 1 283.494056535
1 4 4 1 180.198852111
1 4 8 0 204.850614599
16 2 1 0 275.30564867
8 4 4 0 248.743970717
1 2 4 0 209.158246324
4 2 32 1 297.968563479
16 2 2 0 322.430517856
8 4 1 0 251.548348151
8 16 2 0 259.008048221
16 32 1 1 245.81347528
4 32 4 0 237.75853927
2 16 32 1 229.840397172
4 32 32 1 203.069912396
2 32 16 1 205.626039812
16 32 16 1 289.897753903
32 16 2 1 252.557241193
4 32 16 0 237.332911203
8 32 1 0 234.581386997
1 32 1 1 104.562625257
4 16 2 1 215.765195405
1 16 4 1 178.025641288
2 16 4 0 234.411058721
16 16 32 0 253.460133507
16 16 4 0 269.802357407
32 8 16 0 256.293258536
32 32 2 1 199.741146299
32 8 32 1 262.7102985
4 32 1 0 191.828105719
16 32 4 1 234.137000886
16 8 2 1 258.497955197
2 16 1 1 148.916495447
2 16 16 1 230.65643147
4 16 2 0 239.657458475
16 8 2 0 276.092062293
32 16 16 1 255.291561306
16 16 32 1 237.542992301
1 32 8 0 196.083616473
16 8 1 1 300.558956231
1 16 16 1 192.475169316
8 8 4 0 289.892965919
4 32 2 0 201.476123959
2 16 2 1 203.963164722
1 32 1 0 110.063702182
8 32 16 0 258.277193774
8 16 16 0 242.928081357
4 16 16 1 226.105100598
8 16 8 1 282.059279955
8 32 16 1 215.778879801
4 16 8 1 269.241787244
32 16 4 0 223.463700674
4 16 32 0 290.619075894
2 32 2 1 168.799211935
1 16 32 0 200.058533068
4 32 4 1 211.348318603
1 32 2 1 130.753171434
32 16 16 0 255.736032501
16 32 1 0 277.0126142
32 8 2 1 265.208653586
16 16 4 1 258.901921818
32 16 1 1 240.040764409
32 8 8 1 306.978314754
4 16 32 1 218.629063146
8 16 32 0 248.771629109
2 16 4 1 221.89280469
16 16 16 1 224.763050033
2 32 32 0 204.470303216
16 8 4 0 309.30192791
1 16 8 1 203.486406394
2 32 1 1 156.839086399
16 16 16 0 241.911617383
32 8 1 0 309.86778231
16 8 1 0 283.666529892
8 32 32 0 244.794641566
4 16 16 0 228.626055818
4 32 2 1 183.052641606
2 32 4 0 215.065075631
32 32 1 1 209.261529113
8 16 1 0 226.653203138
32 16 1 0 295.416344605
4 8 4 0 233.678582719
1 32 16 0 180.316036251
8 8 16 1 263.007713881
4 16 1 1 201.573729946
1 32 16 1 174.925219682
16 32 2 1 251.258678017
8 32 8 1 251.824687739
16 8 16 0 252.074624907
1 32 4 0 168.381945813
32 8 8 0 260.23040198
8 8 8 0 258.426947631
8 16 32 1 275.228069835
32 8 4 1 192.519521187
4 8 16 0 266.836554889
16 16 8 1 262.37894003
4 32 1 1 181.140667001
2 32 8 0 206.45386243
8 8 1 0 210.395143461
1 16 32 1 180.435716691
16 32 8 0 192.925784894
32 8 4 0 288.772973507
16 32 32 1 235.96070066
8 32 32 1 238.379503733
16 16 2 1 302.72574593
8 32 2 1 203.519616473
8 32 4 0 249.445690628
32 16 2 0 288.617904515
2 16 8 1 218.178176375
1 32 2 0 132.754084047
4 16 4 1 250.370926181
8 16 4 0 280.958783985
16 8 16 1 279.602873426
32 16 8 1 273.811885431
2 32 16 0 222.656040006
2 32 32 1 210.376425496
8 8 32 1 241.529437945
32 16 32 1 255.633987572
8 8 32 0 267.135532382
2 32 8 1 185.247462759
4 8 16 1 232.816032372
16 32 4 0 308.037157204
2 32 1 0 161.448768692
4 32 32 0 247.42000132
8 16 4 1 262.479971082
32 8 2 0 287.049256282
4 32 8 1 204.488523184
4 8 32 0 261.843009395
8 8 2 0 261.55727159
4 8 32 1 252.087788455
8 16 1 1 239.207099758
1 16 1 1 113.536879098
16 16 1 1 289.025254093
16 8 4 1 275.489393096
4 8 8 0 299.314364396
2 16 32 0 259.52131433
16 8 32 1 270.641369486
1 16 8 0 216.389703733
1 16 2 0 133.717466695
1 32 4 1 169.886373061
4 8 8 1 285.956896369
8 32 2 0 252.518109095
8 16 8 0 298.804560763
16 32 32 0 179.430993358
16 32 8 1 213.330848941
32 16 32 0 207.379015295
1 16 1 0 108.852773291
1 16 4 0 183.487165594
8 16 2 1 295.585117642
2 16 2 0 201.123433164
8 32 8 0 216.18292293
8 32 1 1 212.35438448
8 8 2 1 259.217983365
2 16 16 0 251.256405603
1 32 32 1 169.685164834
1 16 16 0 203.410510146
8 8 8 1 267.726052646
16 8 32 0 253.484929465
16 16 2 0 288.609485293
32 16 4 1 275.901525023
2 32 4 1 201.749866889
4 32 8 0 267.864576319
16 32 2 0 292.968210162
4 16 1 0 191.813869882
16 16 8 0 244.163922827
16 8 8 1 281.707557861
1 32 32 0 211.998833818
1 32 8 1 176.359781139
32 16 8 0 282.952850358
32 8 1 1 285.249465144
16 16 1 0 299.426377728
8 32 4 1 249.936464284
32 8 16 1 279.816737272
32 8 32 0 206.905826801
8 8 4 1 237.376114639
2 32 2 0 196.112033556
1 16 2 1 146.416749875
4 16 4 0 264.408619968
8 8 1 1 249.844440401
4 32 16 1 217.729337649
32 32 1 0 272.863400982
4 16 8 0 262.819653036
8 8 16 0 290.564182059
8 16 16 1 236.122084687
16 32 16 0 263.01012138
2 16 8 0 224.136500291
2 16 1 0 164.550670722
16 8 8 0 307.560764368
32 32 32 0 219.291008312
32 32 2 0 128.893223266
32 32 32 1 207.515290241
32 32 4 1 238.056275233
32 32 16 0 237.321136059
32 32 8 1 212.048557012
32 32 4 0 267.90397309
32 32 16 1 215.803977921
32 32 8 0 242.53272995
1 1 2 1 336.895511719
1 1 8 1 375.236459262
1 2 1 1 236.693893651
2 1 32 1 454.863820371
8 2 8 1 485.37867231
4 1 4 1 517.412939025
4 2 1 1 433.22650093
2 2 16 1 472.85115068
4 1 1 0 351.520491869
4 2 8 1 471.32667658
2 1 16 1 552.734092678
8 2 1 0 453.506978434
1 2 16 0 394.386776509
4 2 32 0 460.503121772
8 1 4 0 517.693441311
4 2 2 1 261.440538627
8 1 8 1 551.108955355
16 1 8 1 544.691427311
1 1 32 0 408.616971347
2 1 2 1 473.460552945
4 1 1 1 320.389251504
16 1 1 1 373.043105406
2 1 8 1 561.508543168
2 2 2 1 414.469599633
8 2 2 0 270.75084555
4 1 4 0 541.020448917
1 2 32 1 412.248612895
32 1 2 1 306.862326081
1 2 1 0 225.884031424
8 1 8 0 454.218834902
1 1 32 1 328.676834952
2 1 4 1 531.508917754
4 1 8 0 305.379690176
1 2 2 0 295.426511632
2 1 32 0 515.578893038
16 1 16 1 609.246273126
2 2 4 1 472.252167758
1 1 8 0 399.79437144
2 1 2 0 414.713485103
16 1 4 0 481.836486023
2 2 32 0 492.805134826
8 1 2 0 532.59812676
16 1 2 0 344.99243145
4 2 2 0 458.019257241
8 1 32 1 649.027964309
4 2 16 0 334.340227093
32 1 1 1 311.037189709
32 1 16 1 476.49691721
4 1 2 1 349.851315338
2 1 1 0 393.83522644
8 1 1 0 486.57176537
4 1 32 1 387.049690929
2 2 8 1 380.708876094
16 1 8 0 692.066247218
2 2 1 0 340.346051986
32 1 4 0 346.546943337
2 2 4 0 431.951753448
16 1 4 1 538.92181459
8 1 32 0 529.238378594
4 2 16 1 318.595074851
4 2 4 1 457.744209853
2 2 2 0 427.80426993
4 2 1 0 438.654475735
1 1 1 0 247.774764844
1 1 2 0 295.766435617
32 1 2 0 373.595360603
32 1 4 1 514.8097694
1 2 4 1 361.521546509
2 2 32 1 466.317342714
32 1 8 1 589.190607287
8 1 16 0 622.094628506
2 1 1 1 366.884908421
2 1 4 0 481.021933542
8 1 2 1 344.590602011
1 2 2 1 294.861360561
4 1 16 1 625.056067608
32 1 1 0 402.287663223
4 2 8 0 422.732133978
16 1 32 1 522.157020007
8 1 4 1 524.461740305
8 1 16 1 602.46960171
1 1 1 1 188.500179908
2 1 16 0 387.85137653
2 2 16 0 491.753474295
32 1 8 0 491.518397003
1 2 4 0 406.01374964
16 1 32 0 505.237402456
2 2 8 0 309.967657042
16 1 2 1 601.272072186
8 2 4 1 362.19103156
8 2 2 1 557.105411113
32 1 16 0 683.375681579
1 2 32 0 351.561447759
4 1 2 0 489.709311756
1 2 8 0 400.863320595
4 2 32 1 538.728058969
4 1 8 1 589.042865045
1 1 16 1 402.367385468
2 2 1 1 354.116304996
8 1 1 1 524.306239243
8 2 1 1 288.730821834
4 1 32 0 245.798970393
1 2 8 1 335.188446742
2 1 8 0 487.565020163
16 1 1 0 585.672273349
4 2 4 0 518.355615684
1 1 16 0 428.534590269
1 2 16 1 422.880172063
16 1 16 0 584.696524344
4 1 16 0 553.807036322
32 1 32 1 663.476376843
1 1 4 1 452.069858994
1 1 4 0 446.73879167
8 2 4 0 555.710984151
32 1 32 0 458.776278933
2 8 16 1 386.082755717
16 4 32 1 511.302274954
1 4 4 0 335.280779618
32 8 2 0 457.013294556
1 4 1 1 221.415020913
16 2 2 0 510.652371681
2 8 8 0 307.68296619
32 8 16 1 388.185701793
4 4 1 0 399.248773789
16 2 16 0 505.249912558
16 8 4 1 454.964444084
16 2 4 1 565.898911968
4 8 2 0 385.269574745
32 2 4 1 438.62130582
16 2 8 1 573.176804227
8 4 16 0 414.351531667
32 4 1 0 523.47049118
8 8 2 1 306.942112585
16 4 32 0 440.233353365
4 8 16 0 417.733862965
32 2 32 0 501.875973055
16 2 32 1 554.53846635
2 8 1 0 301.214109359
2 4 16 0 409.599453167
4 4 16 0 280.636975136
16 8 32 0 467.915558752
32 8 1 1 501.579015982
4 4 32 0 399.698350922
1 8 16 1 353.872656115
1 16 1 0 220.648642734
16 4 16 1 405.419599441
2 8 1 1 304.447274133
2 4 32 1 395.971123104
16 8 32 1 470.551468825
1 8 4 0 312.020071065
8 4 4 0 471.330477965
8 4 32 0 475.353740821
16 2 2 1 525.497700662
16 2 32 0 579.621812417
16 8 16 1 488.711758485
8 4 16 1 391.702565421
2 8 8 1 319.457375952
32 2 8 0 426.348003528
16 8 8 1 453.811330885
32 8 2 1 487.697827055
2 4 2 1 321.382550096
2 8 32 1 420.320753265
8 8 1 1 314.490459842
1 4 8 1 356.637855517
16 8 2 0 453.278934029
4 4 1 1 341.474616365
16 4 1 0 334.124960065
32 4 8 0 455.99813749
4 8 2 1 378.371062442
1 8 8 0 330.397660776
2 4 8 1 404.50551241
2 8 16 0 402.470330604
4 8 1 1 380.14521311
8 8 4 1 496.275959011
4 4 4 0 484.539729134
32 2 8 1 484.588681677
2 4 32 0 405.319309147
2 4 4 0 400.955073432
16 4 16 0 238.361804708
16 4 4 0 475.152815687
8 8 4 0 486.956413535
32 4 8 1 486.86707883
32 2 16 0 454.167157564
1 4 16 0 381.944468555
8 4 1 0 428.380687691
1 8 8 1 356.306055588
32 8 4 0 448.813768556
1 4 2 1 272.943710608
16 4 4 1 471.86537721
1 16 2 0 282.451291578
4 4 16 1 395.502408348
4 8 32 1 402.676473361
8 4 8 1 439.557473898
1 8 16 0 357.145691092
32 4 32 1 481.661072269
8 2 16 0 395.784860596
32 8 8 0 481.404759853
32 2 32 1 493.450905897
32 2 2 0 515.024150336
2 8 2 1 320.650131986
8 2 32 0 563.324872587
8 4 8 0 536.494211257
8 8 8 0 429.166401366
16 2 4 0 487.900415175
1 8 1 1 188.533391097
1 4 16 1 334.105558827
1 8 4 1 336.875615672
16 8 1 1 455.898169002
32 4 4 0 386.368764514
4 8 16 1 449.016968749
32 8 1 0 506.418842581
16 4 2 1 448.80521013
16 2 1 0 522.771045901
8 8 8 1 436.408384765
32 2 4 0 491.805218663
4 4 2 1 409.371063475
1 8 32 0 309.540702762
8 8 2 0 458.792400976
2 8 4 1 421.856310974
32 8 16 0 259.192798471
8 4 32 1 391.794657145
8 4 2 1 407.615845554
8 4 1 1 442.746088177
1 4 32 1 370.205221474
4 4 4 1 240.950286198
16 4 1 1 499.685839131
16 8 16 0 508.129390788
1 8 32 1 354.942369499
8 2 8 0 500.535749258
8 8 32 0 392.980970506
2 8 32 0 431.462471043
8 2 32 1 445.994430073
32 8 32 1 371.038361047
4 8 32 0 431.596499556
1 4 1 0 216.649698671
2 4 16 1 397.343483413
32 4 32 0 373.407295877
4 8 4 1 360.71872204
16 8 4 0 370.654352525
32 2 1 0 618.001822369
8 4 4 1 425.890117485
16 8 8 0 448.981227654
16 2 1 1 236.453538268
32 2 16 1 473.093639398
32 4 2 0 449.15745375
2 8 4 0 326.936522574
1 4 32 0 363.957619093
4 8 8 1 458.473429527
32 8 8 1 392.777862201
4 8 1 0 373.890530021
1 4 2 0 294.904147183
32 4 2 1 373.699859666
16 4 2 0 538.94581984
1 8 1 0 214.815117575
32 8 32 0 405.458443458
4 4 32 1 454.012915913
16 8 2 1 502.361577721
1 8 2 1 279.063895948
4 8 4 0 435.747593979
8 8 16 0 447.759977938
16 8 1 0 505.674374777
1 4 8 0 302.483804302
1 16 1 1 211.452987962
2 4 4 1 421.855005869
8 4 2 0 363.432255084
32 8 4 1 443.1320336
8 2 16 1 383.709087908
1 4 4 1 327.284246277
32 2 2 1 621.249613246
16 4 8 1 469.314970229
1 16 2 1 254.530621383
2 4 1 1 325.884789543
32 2 1 1 391.206213221
32 4 4 1 443.585410688
2 4 8 0 330.302498323
4 8 8 0 274.83003464
32 4 16 0 479.975149834
2 4 1 0 253.352680166
16 4 8 0 505.932457649
8 8 32 1 494.616560709
2 4 2 0 374.530956258
32 4 16 1 414.832079973
32 4 1 1 497.168645501
8 8 16 1 398.701498996
4 4 2 0 267.162900955
1 8 2 0 286.662622699
4 4 8 0 529.474541666
16 2 16 1 423.512026965
4 4 8 1 400.206786575
16 2 8 0 537.767460029
2 8 2 0 364.342796477
8 8 1 0 445.166113132
4 32 2 0 323.799711932
16 16 32 0 466.702085347
32 16 32 1 341.586648577
2 16 2 0 361.153801351
8 32 32 0 288.877226867
1 32 32 1 329.135601835
8 16 1 0 429.644255581
2 16 1 0 281.95642369
4 16 2 1 349.074437307
4 32 4 1 283.741817038
8 32 2 0 290.168815041
4 32 1 1 341.472960399
8 16 8 1 467.065572645
1 16 8 1 338.89201488
2 32 4 0 363.373454029
16 16 4 1 388.35985747
4 16 4 1 441.306852151
2 32 4 1 346.385956808
16 32 32 1 346.347175289
2 16 2 1 338.657777806
8 16 2 0 269.092128656
16 16 1 0 495.130358582
2 16 32 1 420.086786806
2 32 8 0 250.125635156
1 16 4 1 307.400583119
1 16 8 0 335.281564757
2 16 4 0 405.747270533
8 32 4 1 394.503685165
32 16 2 0 327.06243829
8 32 16 0 413.420744336
32 16 4 1 383.294964171
4 32 16 1 366.572018155
8 32 32 1 394.624995659
2 32 1 1 277.927478657
16 16 2 0 469.7531697
4 32 2 1 373.628881695
16 32 2 0 331.63865466
2 32 16 0 351.370991118
32 32 16 1 282.922068491
2 32 2 1 317.009953134
16 16 16 0 399.246769844
8 16 2 1 452.075045198
8 16 32 0 408.74353975
16 16 8 0 339.054593316
16 32 1 0 484.787682205
32 16 32 0 382.550941331
4 32 32 0 370.783728676
32 16 8 1 328.848500713
32 16 8 0 371.96684691
4 16 32 0 442.907907415
1 16 32 1 310.69944862
32 16 2 1 399.827008829
8 16 4 0 495.803359077
32 32 16 0 382.842095478
4 16 16 1 371.909438175
32 32 2 1 424.377952417
16 16 8 1 421.91540131
16 32 8 0 471.017237554
2 32 8 1 330.539979509
32 32 32 1 334.275685503
8 16 32 1 424.832086734
32 16 4 0 387.066014103
2 16 8 1 402.716360422
16 32 16 1 349.139839964
8 32 8 1 365.942722864
32 32 4 1 290.741440004
8 16 8 0 420.813956622
32 16 1 0 426.29841142
4 32 8 0 319.610661033
32 16 16 1 396.403576837
2 32 1 0 243.772403267
32 16 1 1 516.779095116
1 16 4 0 332.1765163
8 32 8 0 467.412612059
16 32 4 1 357.36472935
1 32 16 1 223.084918337
2 16 16 0 384.344016439
16 32 8 1 427.285054665
2 16 32 0 384.950014693
1 32 16 0 294.730587637
2 16 1 1 278.83840561
8 16 16 1 427.722988173
32 32 8 0 431.912054064
32 32 1 1 427.50998319
4 16 32 1 253.170072896
1 32 1 1 200.005456165
4 16 8 0 458.74832531
4 16 16 0 248.174545956
16 16 1 1 447.063995756
2 32 2 0 363.430963562
4 32 8 1 335.746370456
8 32 1 1 293.168491541
16 32 16 0 447.146976695
16 32 2 1 393.602864756
2 16 8 0 396.101684262
16 32 32 0 312.332208481
32 32 4 0 483.951596897
4 16 1 0 345.847619617
2 32 32 0 411.964860804
2 16 16 1 321.509228796
2 16 4 1 388.36308795
4 32 1 0 348.2422656
16 32 1 1 404.420447487
32 32 2 0 477.699177952
8 16 16 0 487.371254151
4 16 8 1 413.447446233
8 16 1 1 354.599897491
8 16 4 1 453.36462119
1 32 32 0 330.639172925
16 16 2 1 464.819676527
1 32 2 1 233.77859933
4 16 4 0 391.698743344
2 32 32 1 382.530363522
2 32 16 1 218.950195259
8 32 2 1 411.567853344
1 32 8 1 310.268415468
32 32 1 0 421.959128869
4 32 32 1 389.372887639
16 32 4 0 424.075086248
32 32 32 0 389.309451526
1 16 32 0 369.094420157
8 32 16 1 363.208482276
4 16 1 1 251.186451436
16 16 4 0 462.162067977
4 16 2 0 375.566670069
8 32 1 0 351.090320181
4 32 4 0 296.609682112
1 32 2 0 254.957248386
16 16 32 1 378.055801429
1 16 16 0 325.306672388
1 32 8 0 357.975837415
16 16 16 1 396.859525395
4 32 16 0 416.524660518
1 32 1 0 210.026529296
1 32 4 1 305.524736735
1 32 4 0 296.512372156
8 32 4 0 398.803817038
32 32 8 1 420.137471473
32 16 16 0 354.394906767
1 16 16 1 267.708760848
