16 8 0 1 5263.82811085
2 8 4 1 2967.79177712
1 8 2 1 2330.52115193
1 4 1 0 2041.85062886
8 8 4 0 3977.85315196
8 4 8 0 2832.4639517
16 8 0 0 5554.74931548
4 8 1 0 4290.58153558
16 8 0 0 5665.47886083
16 4 0 1 3887.58118573
1 8 15 1 1988.40781435
8 4 8 1 3200.18036633
1 4 4 0 2030.17513691
4 4 12 1 2145.5588143
2 4 2 1 1909.29948881
4 4 4 1 2793.22235043
1 4 15 0 2318.13570286
16 8 0 1 5305.91832823
1 4 1 1 2085.409708
16 8 0 1 5831.56068846
16 2 0 0 4323.53013429
2 8 14 0 2066.04633544
4 8 4 1 2961.3580271
16 4 0 0 4078.76993315
16 4 0 1 4326.13228991
8 4 8 0 3155.16073607
4 8 1 1 4088.35791458
2 8 4 0 2440.55667299
16 8 0 0 4807.7772191
16 8 0 0 5474.83167139
8 8 8 1 3176.31471941
2 4 14 0 2196.96972739
8 8 8 1 3572.73339737
4 8 8 0 2842.5323984
1 8 8 1 2297.85651892
2 4 14 1 2175.59115756
2 4 1 0 1925.16225645
2 4 1 1 2561.72027197
1 16 15 1 1953.75804471
4 8 12 1 2788.69477322
8 8 2 0 4257.16074153
16 8 0 0 5722.48105234
1 4 8 0 2056.80305558
16 4 0 0 3867.67311257
4 4 12 1 2473.14333695
4 4 12 0 2228.58123887
8 4 8 1 3044.31891744
2 4 8 0 1666.06843903
16 8 0 0 5618.61389052
16 4 0 1 4284.09692202
1 8 4 0 2216.93221145
16 4 0 0 4110.08095221
16 8 0 1 4400.93383292
2 4 4 0 2898.04140571
8 4 1 1 3330.01263416
2 8 8 1 1950.88951086
8 8 1 0 4447.12302087
2 8 2 1 2340.85660953
1 8 8 0 1713.68510548
2 4 2 0 2510.24985901
2 8 14 1 1971.36849767
16 4 0 0 4139.37858657
16 8 0 0 4932.02146504
1 16 8 0 2368.53392636
2 8 8 0 2359.20527789
16 8 0 0 5427.11125805
4 4 2 1 3162.52521355
16 8 0 1 5978.04278527
1 16 2 0 2346.99448784
16 4 0 1 4252.56266216
16 4 0 1 3937.52956802
8 8 8 0 3422.64418421
1 8 4 1 2260.90941031
16 4 0 1 3883.08612835
16 4 0 0 3759.36737346
4 8 8 1 2695.2001696
1 4 15 0 2171.57774724
1 16 1 1 2075.47053725
16 4 0 1 3569.27785931
2 16 2 1 3264.50509753
8 4 8 1 3057.15897316
16 4 0 0 4324.42223009
1 16 15 0 2171.50126941
16 8 0 0 5327.34393849
1 16 4 1 1733.48340747
16 8 0 0 5308.96663866
4 8 2 0 3848.12293225
4 8 12 0 2446.39133439
16 8 0 1 5274.58172885
2 8 1 1 2834.37006205
1 8 15 0 2362.08275537
1 8 15 0 2457.04863948
8 8 8 0 2952.88648695
8 4 4 0 3189.93337982
1 16 15 0 2202.34994491
16 8 0 1 5516.42977676
1 4 15 1 1734.28618753
2 4 8 1 1844.47820199
2 8 14 1 2432.22026225
16 8 0 1 5041.71172291
16 4 0 0 3815.85274148
16 8 0 0 6431.48436223
4 8 2 1 3779.54989076
2 4 14 1 2104.80398889
16 4 0 0 3887.53046568
8 8 4 1 3889.04565528
8 8 8 1 3007.05482144
4 4 8 0 2593.076318
1 4 8 1 2192.14163885
4 8 4 0 3213.66235214
8 4 2 0 3411.7437694
2 8 14 0 2236.70378386
1 8 1 0 2104.10050886
16 2 0 1 4376.18525843
8 8 8 0 3176.14339686
1 4 4 1 1957.71135985
4 4 1 0 3299.74364651
4 4 1 1 3414.18057571
16 8 0 0 5253.63521546
8 4 4 1 3130.71811485
16 4 0 1 4132.95829227
8 8 1 1 4320.53328675
16 4 0 1 3860.70407947
16 4 0 1 4203.79426245
16 4 0 0 4420.57061451
1 4 2 1 1816.54377423
2 16 1 1 3044.83709082
1 16 15 1 1558.39094336
1 16 2 1 2036.89086797
4 4 2 0 3294.96022275
16 8 0 1 5895.59215937
8 8 2 1 3915.17519068
8 4 8 0 2322.89973952
2 4 14 0 2127.77334049
4 8 12 0 2511.64072907
1 8 1 1 2036.50311684
16 8 0 1 4447.03459861
4 8 12 1 2537.77343139
1 4 15 1 1780.36063262
2 16 1 0 2828.99781072
1 8 2 0 1753.8057411
4 4 4 0 2462.13062342
8 4 2 1 3563.26346889
2 8 2 0 3090.52260642
16 16 0 0 5797.0356443
1 1 2 0 1706.52661523
4 1 1 1 1688.64772808
4 32 12 1 2212.39338813
16 32 0 1 6406.70511759
1 1 1 0 1798.41006227
16 16 0 1 5559.81447138
4 16 4 0 3466.54645417
4 1 2 1 1573.69487599
16 32 0 0 6868.94629454
2 1 14 1 1703.28987916
4 16 4 1 3453.69806311
16 16 0 0 5295.70741833
4 16 12 0 2553.93570481
2 16 14 0 2623.35121694
2 1 8 1 1201.43083426
4 1 1 0 1633.83172927
16 32 0 1 5817.8237223
8 32 8 1 2543.58420827
1 32 2 0 1826.32974581
2 16 8 1 3077.09753947
16 16 0 1 5545.63712886
1 32 1 0 2377.41577842
16 16 0 1 5561.45990087
1 32 8 0 2101.45914288
2 32 1 1 3220.61878223
8 32 8 1 3350.45688256
8 32 8 0 3360.67973966
1 1 15 1 1377.89125977
8 32 1 0 5096.30715852
16 16 0 0 5752.05221231
16 16 0 1 5573.44231256
4 32 4 0 3891.19729073
8 32 8 0 3398.75348338
2 32 1 0 3210.26239137
2 1 8 0 1248.02731798
1 32 4 0 1869.77712644
8 16 8 1 2874.35476575
2 32 2 1 2812.33670634
16 32 0 0 6810.98064845
1 32 15 0 2293.56745605
4 16 1 0 4489.35936943
16 32 0 1 6260.72576805
4 16 12 1 2467.40789129
4 32 1 1 4518.12003334
8 16 8 1 3591.94273632
4 1 12 0 1738.86494475
2 16 8 0 3257.50017133
16 16 0 0 6150.28522259
16 16 0 1 5900.38391051
1 1 4 0 919.904724101
16 16 0 0 5751.95477727
1 32 8 1 1898.2676321
16 32 0 1 6208.02298214
2 16 4 0 3140.63748819
2 1 1 1 1390.85447781
16 32 0 1 6501.50340049
2 1 14 1 1746.79525703
4 32 2 0 4696.87431422
16 16 0 1 5518.84004161
16 16 0 0 6033.18951389
8 16 8 0 2954.25007771
4 32 2 1 4284.10787226
16 32 0 0 6473.76677266
16 16 0 1 5768.44850245
2 32 4 0 3098.72606371
2 1 2 1 1552.86173706
1 1 1 1 1668.9223107
1 32 15 1 2060.71707973
16 32 0 0 6343.23269958
2 32 4 1 3144.70108159
2 1 14 0 1487.97931273
1 32 1 1 1881.40890422
4 16 2 0 4285.46429851
16 16 0 1 5714.86014893
2 32 2 0 2219.27343376
2 32 8 1 2635.95058809
16 16 0 1 6230.98007479
16 32 0 0 6405.43305531
4 1 4 1 1741.15014216
8 16 1 0 5419.37178829
1 32 2 1 1960.29621701
4 32 12 0 2391.67267933
1 1 15 1 1778.78822737
4 1 8 0 1113.08312024
16 32 0 1 6097.86627301
16 32 0 1 5850.61691664
16 16 0 0 6278.18057451
16 16 0 1 5590.76721104
8 16 8 1 3415.56422616
4 1 8 1 1473.93054187
2 32 14 0 2093.26063895
8 16 8 0 3549.79242711
1 32 4 1 1624.15414194
1 32 15 0 1934.07500708
16 16 0 1 5509.36944413
1 1 15 0 1594.5071959
16 16 0 0 6057.44256626
16 32 0 1 6457.78128517
4 32 12 1 2752.82897105
2 16 4 1 2606.98649822
16 32 0 0 7124.26947494
16 32 0 0 6650.57189171
2 1 4 1 1086.85618652
2 16 14 1 2408.75767306
4 1 4 0 1498.03075179
8 16 2 1 4552.76919583
4 1 12 1 1469.88097777
16 16 0 0 5760.63745042
16 16 0 0 6172.64392348
16 16 0 0 6320.39876566
4 32 8 1 3299.16027338
8 32 2 0 4618.26777424
1 32 15 1 2347.65915168
8 32 4 1 4260.64258615
1 1 4 1 863.651280026
8 16 1 1 4231.47399484
4 16 12 1 2240.70596584
8 16 2 0 4286.44786628
2 32 14 1 1958.0826706
2 16 14 1 2279.58126384
2 32 8 0 3280.52203458
8 16 8 0 2665.6395986
4 16 8 1 3032.82361205
16 32 0 0 6543.99597225
1 1 15 0 1472.24160177
1 1 8 0 1656.09840779
8 16 4 0 4032.11824849
2 16 2 0 3050.24725162
8 32 2 1 4412.79930063
4 16 2 1 3724.9987779
8 32 8 1 3242.41986146
2 1 14 0 1637.84487578
4 32 8 0 3378.45398529
16 32 0 1 6739.90711767
4 32 1 0 4321.93826147
2 32 14 0 2029.59419044
4 16 1 1 4367.31087991
1 1 8 1 1788.55714161
16 32 0 0 6878.85370345
2 1 1 0 1189.82619196
16 32 0 0 6193.82901388
16 32 0 0 6548.54117483
4 32 4 1 2884.96136915
2 32 14 1 1898.92807856
2 1 2 0 1217.02844905
16 32 0 1 6319.34320739
4 16 12 0 2735.82885815
16 16 0 1 6028.52987453
8 16 4 1 3315.78679329
8 32 4 0 4390.99470885
4 1 2 0 1667.6951458
2 16 14 0 1924.39469125
16 32 0 0 6638.48459629
16 32 0 1 6260.13547345
4 32 12 0 2348.95363829
16 16 0 0 5336.77149037
16 32 0 1 6195.39526645
8 32 1 1 4661.67050909
1 1 2 1 1513.87467996
2 1 4 0 1313.52074935
4 16 8 0 3017.27611304
8 32 8 0 2347.79047124
8 2 2 1 2870.32318701
2 2 14 1 2020.20589356
16 1 0 0 2654.32107747
16 2 0 1 3847.76019671
8 4 1 0 4114.3711485
8 2 1 0 3353.9762669
8 1 4 0 1737.9211423
8 2 8 0 2403.35803985
1 4 2 0 2005.99538177
2 2 14 0 1793.85457279
16 1 0 1 3192.6956754
4 4 12 0 2346.37389222
4 2 12 1 2309.84851936
2 4 4 1 2640.85316596
4 1 12 1 1690.64468993
16 1 0 0 3637.40139629
1 2 1 1 1024.89705188
4 4 8 1 2747.96449991
2 2 4 0 1846.96118759
1 2 15 0 1723.64651736
1 2 2 0 2064.69314267
8 1 1 0 2520.98356191
16 2 0 0 4365.00998638
4 2 8 0 1552.08719199
2 2 14 1 2059.73382667
