1 8 4 0 859.639980733
4 2 4 1 1420.37454425
32 2 8 1 1837.26110552
16 2 16 1 1855.54923561
16 2 4 1 1816.5348433
2 4 32 1 1246.24297642
1 4 1 0 426.352451926
32 2 1 1 3452.3156536
2 8 2 0 1161.51008702
1 2 2 1 504.580582461
8 2 2 1 1822.0387048
32 2 16 1 758.85586042
1 8 8 0 390.02618563
8 4 32 0 1678.43268942
2 4 16 0 1099.77633141
1 4 2 0 579.834638378
1 2 4 0 930.297977255
1 8 8 1 1268.06874637
32 2 2 1 3458.12023336
1 2 16 1 421.015518132
2 2 32 0 811.742313337
2 2 32 1 973.672109599
2 8 1 1 1122.00649678
8 4 1 1 2044.4188813
4 4 1 1 1585.76981687
1 4 32 0 1696.51525291
16 4 8 1 2601.53634248
2 4 1 1 1136.46137823
8 4 8 1 1909.74706221
2 2 4 0 1025.58670737
2 4 16 1 723.807186395
16 4 4 0 2718.82061953
16 2 8 1 2587.29741607
8 2 1 1 2083.44684532
2 4 32 0 993.428233345
16 2 8 0 2534.91193451
1 8 1 0 1452.683088
8 4 16 1 1917.21329097
32 4 32 0 1610.03193275
8 2 1 0 2010.20316505
16 4 8 0 2244.64583074
8 2 16 0 1560.43528884
1 4 8 1 1807.10832607
1 2 16 0 690.020823761
2 2 2 1 1097.66325539
4 2 16 0 1326.61110554
2 2 8 1 922.637438157
16 4 1 0 2645.74332785
2 8 4 1 830.656194376
4 4 32 0 1258.39157065
4 4 4 0 1486.67162254
2 4 4 1 956.573136877
2 4 1 0 1207.37318214
32 4 4 0 3444.46322749
8 2 16 1 1798.78535124
1 2 8 0 1881.82919736
32 4 8 0 2947.63911994
8 2 4 0 2037.79715762
4 2 1 1 1409.59776551
4 2 16 1 1490.34744195
1 2 8 1 1299.26577086
8 4 1 0 2063.9861805
1 8 1 1 1416.95754914
1 2 32 0 979.688123575
16 4 32 1 1659.08304642
2 8 1 0 1055.95114811
32 2 8 0 1005.55008942
1 4 8 0 1565.69983427
8 2 8 0 2005.45219869
2 4 4 0 1011.81569627
32 2 4 0 1963.37660548
32 2 32 1 818.974518609
1 4 2 1 250.836630618
1 4 4 0 1346.53909738
1 8 32 0 1800.17872987
4 4 1 0 1430.01392903
32 4 2 0 3883.30291531
16 2 32 0 1636.07956849
8 4 2 0 1916.22428737
1 2 32 1 811.504004112
32 2 2 0 2960.0197732
8 4 32 1 1287.87867997
1 2 4 1 1357.3469317
32 4 2 1 3779.59374876
16 2 2 1 2685.16928074
32 4 4 1 3320.20726343
32 2 32 0 1281.79685255
1 4 16 1 1967.81176253
8 2 8 1 1973.93853933
32 4 1 0 3142.92761877
4 4 8 0 1343.39427381
4 2 2 0 1513.35234362
2 4 2 0 646.102538336
4 2 32 1 1298.49852
8 2 4 1 1711.16594123
4 4 8 1 1439.66989556
4 2 1 0 1341.52252162
4 2 4 0 1525.67546433
1 4 32 1 1888.1536689
2 2 16 0 955.570896771
8 4 4 1 1984.53089241
16 4 2 1 2748.04960514
2 2 8 0 996.865356942
16 2 4 0 2480.88339954
1 8 2 0 1539.84151682
4 4 16 1 1619.4236883
32 2 16 0 1176.15451136
32 2 4 1 2195.70116361
2 4 8 0 948.939007742
4 4 16 0 1517.27770839
1 2 1 0 1793.13043892
1 2 1 1 1141.96377273
2 4 8 1 997.126481855
4 4 2 1 1504.22459685
16 4 32 0 1915.10530523
2 8 2 1 1133.57618951
4 4 4 1 1483.63424509
1 4 4 1 1974.27456212
8 2 32 1 1364.28674976
32 2 1 0 3090.06542997
16 4 2 0 2931.07911295
32 4 16 1 2070.92602258
16 2 1 1 2691.44080492
4 2 8 1 1477.86713128
4 2 2 1 1544.21788911
8 4 8 0 1864.53565257
2 2 1 0 940.442099021
2 2 1 1 950.504629522
16 2 32 1 1260.42856515
32 4 8 1 3509.45867483
1 4 16 0 843.298685827
1 8 16 1 349.173000416
1 8 2 1 369.412680728
1 2 2 0 1362.44816097
2 2 4 1 901.891682785
8 2 32 0 1650.22178081
2 2 16 1 993.725428798
16 4 4 1 3107.45744015
8 2 2 0 2204.7282523
8 4 4 0 2014.37890958
16 4 1 1 2828.23011163
16 2 2 0 2014.89983824
1 8 4 1 791.693904508
8 4 2 1 2215.16352167
32 4 16 0 2066.25160256
32 16 2 0 2702.31263859
32 8 8 0 2157.00301786
32 8 1 1 3427.88655787
2 8 32 1 1081.29978529
8 8 16 1 2043.49003903
2 16 2 1 1115.93383138
8 8 4 1 1980.41777333
4 8 8 0 1348.03457321
16 16 2 0 3192.67380366
16 8 4 0 2385.09042793
1 16 4 0 474.553675345
4 16 32 1 1239.03714532
16 16 32 1 1683.34820132
8 8 32 0 1559.47346627
8 16 32 0 1562.79778908
32 16 8 1 170.101440099
16 16 16 0 2374.05399012
4 8 1 1 1610.34208797
1 16 2 0 1279.39475259
1 16 1 1 937.553783854
4 8 2 1 1578.58850099
4 8 32 1 1124.86807183
8 16 2 0 2031.060814
8 16 8 1 1939.4930073
16 16 32 0 1786.17530949
4 8 1 0 1514.75785448
4 8 32 0 1495.11944738
4 8 16 1 1388.3689965
1 16 4 1 432.841748865
32 16 1 1 3620.88925883
2 8 8 1 1003.9908716
4 8 4 0 1527.40439437
4 16 32 0 1086.51702445
8 8 1 0 2072.19647972
32 8 4 1 3077.68218371
8 8 2 1 1908.86679556
8 8 4 0 2003.82137045
16 8 2 0 2670.17121981
32 8 32 1 1762.36525604
1 16 16 0 1095.92985356
32 16 4 1 2303.90971547
16 8 1 1 2437.42317016
32 16 1 0 3303.01263392
8 8 2 0 2294.90017276
1 16 16 1 1105.80535692
16 16 8 0 2532.37484446
2 16 4 0 921.49746115
4 8 2 0 1723.06631644
4 16 16 1 1380.48966554
32 16 2 1 2512.96080163
8 8 1 1 1905.70379035
16 8 2 1 2415.36306493
2 8 16 1 1178.63672561
32 8 16 1 1455.60378598
1 16 32 1 1775.11943007
16 8 8 1 2790.59737545
16 8 32 0 1361.92934919
16 8 1 0 2723.47774839
16 16 4 1 2832.87387931
16 8 16 0 2248.19001101
2 16 32 0 538.834822248
4 16 2 0 989.592153537
2 16 2 0 1223.84428783
4 8 16 0 1336.6958344
16 8 8 0 2763.44221088
2 16 1 1 874.621691426
4 8 8 1 1407.79343167
1 16 32 0 736.454089531
32 16 8 0 1589.40585666
16 16 2 1 2918.42563859
8 16 4 0 1869.39134823
1 16 2 1 1280.42458511
8 8 32 1 1443.90554676
2 8 16 0 958.662927193
2 16 8 0 943.301775829
8 16 8 0 2066.67243758
2 16 32 1 925.137214096
1 16 1 0 775.681151103
2 8 8 0 854.802346644
32 8 4 0 3039.56004494
32 8 2 1 2836.65692221
8 8 8 1 2325.95332642
32 8 1 0 2521.76586182
2 16 1 0 1435.94744956
16 8 4 1 2307.00497113
2 16 4 1 965.424902289
8 16 16 1 1776.80636742
8 16 4 1 1840.01104731
4 8 4 1 1610.95969426
32 8 32 0 1837.78724468
16 8 32 1 1854.09629378
8 8 16 0 2165.62462664
16 16 8 1 2227.21774538
8 16 2 1 1994.49528174
16 16 16 1 2027.99540215
2 16 16 0 1154.93356862
4 16 1 1 767.716701299
4 16 16 0 1430.43771159
8 16 1 0 1976.9501888
4 16 4 0 879.184017798
4 16 4 1 1075.24792599
8 16 1 1 1969.62520935
1 16 8 0 1503.88691272
2 16 8 1 1195.05622243
32 16 4 0 2295.87923955
16 16 1 0 2722.03512415
4 16 1 0 786.896074561
32 8 2 0 2401.5888983
16 16 4 0 2578.60495946
2 16 16 1 1033.27129889
8 16 16 0 1801.60241721
4 16 2 1 824.033087581
4 16 8 1 1058.28307879
16 8 16 1 2138.82684992
32 8 8 1 2716.27169829
1 16 8 1 1302.96419506
8 8 8 0 2031.845625
16 16 1 1 2213.81579245
8 16 32 1 1379.9956744
2 8 32 0 1057.69282807
2 8 4 0 854.873029063
32 8 16 0 2431.11167589
4 16 8 0 1421.57579797
32 1 8 0 3128.43516969
8 1 8 0 2002.19716307
8 32 8 0 2160.16807281
2 32 4 1 854.646027049
16 1 32 1 2314.54396696
2 1 1 1 946.690577021
32 1 4 0 2878.27166427
32 32 4 0 3060.15403403
8 1 32 1 1750.25307911
32 16 16 0 2215.32989468
2 32 1 0 928.123795989
2 32 2 1 810.513112578
1 1 16 1 1590.49973812
16 1 8 1 2691.09411328
4 32 16 0 1504.10824294
8 1 2 1 1999.43612394
4 32 8 0 1780.01035626
16 32 2 1 2547.58098386
1 2 2 0 601.390377969
4 32 32 1 1404.72727883
16 1 32 0 1971.926986
1 32 32 0 664.906536858
32 32 16 1 1877.88480406
16 1 4 1 2322.23405079
32 1 1 1 2484.06856984
4 32 4 0 1427.75396772
16 32 16 1 2434.22651197
16 32 32 0 1961.87602374
32 32 32 0 1936.55539854
4 1 8 0 1404.96395594
16 32 32 1 1657.67253489
2 1 8 1 1026.97825918
4 1 2 1 1417.84063277
4 1 16 1 1435.40788033
32 1 2 0 2151.29954045
8 32 32 1 1693.53240476
32 32 2 1 3128.51123687
32 32 16 0 2348.24372694
2 1 16 1 943.704319474
32 32 1 1 2679.89139291
1 32 8 1 1041.53316275
4 1 1 1 1394.81520277
8 32 16 0 1810.93067485
4 32 2 0 1262.08956481
2 32 16 0 1052.41392754
2 1 8 0 967.087632947
16 1 16 1 2356.35875272
16 32 1 0 2632.69433053
8 1 32 0 1822.5883982
2 1 16 0 914.29639332
8 32 32 0 1293.61527278
4 32 1 0 1612.10822944
1 32 2 1 704.288517053
32 32 4 1 2556.27031767
2 1 32 1 984.688680342
8 32 8 1 1955.62566983
1 2 2 1 1101.96690485
1 32 2 0 1167.97818879
4 32 1 1 1456.94726193
16 1 2 0 2597.35089207
4 1 2 0 1455.48250166
1 2 4 1 1411.55023439
8 1 2 0 2077.73412047
8 1 1 1 1963.15540898
1 32 16 0 1041.02849603
16 1 4 0 2497.58175042
1 32 1 0 1113.90081795
16 32 8 0 2538.757772
4 1 16 0 1267.22080629
2 1 4 0 993.835395009
1 1 2 0 598.312932241
1 32 1 1 903.899540183
1 1 4 1 924.21556306
32 32 32 1 1610.36671079
2 1 4 1 940.236897013
8 1 4 1 1440.75487782
2 32 8 1 933.138598512
8 1 8 1 2030.4511625
32 32 1 0 3223.78844922
1 32 8 0 912.212704082
32 1 32 1 2648.23349951
1 2 1 1 943.983502302
32 1 1 0 2643.09392213
16 1 1 0 2046.50520584
16 32 8 1 2410.29454963
16 32 16 0 1810.51297111
2 32 4 0 920.623490142
2 32 2 0 1020.92987093
16 32 2 0 2808.84288059
32 1 16 1 3144.93108193
4 32 8 1 1447.75720491
32 32 2 0 3321.56564735
2 32 32 0 1091.98981662
4 1 4 1 1436.20543316
8 32 2 1 1585.7578711
32 1 16 0 2651.28255668
32 16 16 1 2070.17288446
16 1 2 1 1894.54397775
1 1 16 0 1412.23871062
2 32 8 0 744.475110795
2 1 1 0 949.320929889
32 16 32 0 1311.11398883
1 1 2 1 637.004426704
8 32 2 0 2014.60775794
8 32 4 1 1981.42172547
16 32 4 1 2873.93454042
4 1 4 0 1392.97486244
8 32 1 1 1774.58303741
1 1 4 0 1201.68761451
32 1 32 0 2330.54530079
1 1 8 1 1013.1058443
1 1 1 1 507.087591679
32 1 2 1 3278.75961684
16 1 16 0 2126.70157679
4 1 8 1 1349.39490845
2 1 2 0 888.878459783
32 1 4 1 2065.42039202
4 1 1 0 1425.85435381
2 32 16 1 993.005206696
1 32 16 1 616.813038934
1 1 32 1 975.914747399
1 1 8 0 1199.30088586
2 32 32 1 794.024977562
4 1 32 1 1332.03866267
1 32 4 1 1072.01801765
1 1 32 0 1081.26436985
2 1 2 1 1065.78492801
2 32 1 1 912.883271713
8 1 16 1 1568.66590214
4 32 32 0 1366.69227027
16 1 1 1 1626.00943204
32 32 8 1 2740.63400444
1 1 1 0 695.731972204
8 1 4 0 1583.10453228
16 1 8 0 1901.62531864
8 32 1 0 1874.0150397
4 1 32 0 1483.27007567
32 16 32 1 1299.33068269
4 32 4 1 1342.83451505
8 1 16 0 1644.98127706
2 1 32 0 1015.21124915
4 32 16 1 1534.3385982
8 32 4 0 1991.01772634
1 2 1 0 957.57327271
8 1 1 0 1949.97327275
1 32 4 0 707.592814718
16 32 4 0 2796.85552696
1 32 32 1 610.831368511
32 1 8 1 2343.51789737
4 32 2 1 1600.82676111
32 32 8 0 2787.74835754
8 32 16 1 1804.70044775
16 32 1 1 2518.4370325
16 2 4 1 2056.94448601
1 4 2 0 987.335178229
16 2 1 0 2261.18108905
1 8 16 1 1055.55223767
16 4 8 0 2157.91336137
8 4 8 0 1783.11327865
32 4 2 1 2516.2665486
8 4 16 1 1454.77963483
4 4 32 1 1036.7306598
2 8 16 1 786.200407186
2 4 16 0 853.884761529
16 2 16 0 2042.31082656
8 2 2 1 1606.74792744
4 2 32 0 1284.05230931
1 4 2 1 1150.6661889
4 2 4 1 1226.04916777
1 8 8 1 700.518133321
16 2 4 0 2218.1748161
1 4 8 1 1235.44371121
4 2 32 1 1213.20187993
32 4 32 0 2219.1764038
8 2 1 0 1631.11801833
4 4 1 1 1022.81301989
4 4 32 0 1123.2998449
32 2 2 1 2689.53713921
16 2 32 0 2147.95091187
4 4 4 0 1199.16534505
2 4 1 1 722.364590692
1 4 8 0 1019.03187435
32 2 32 0 1957.07571665
4 4 8 0 1038.68944407
2 2 1 0 827.508744267
2 2 4 0 1046.5046923
2 8 2 0 674.773252712
8 2 16 1 1494.99097709
1 4 1 0 931.34891019
16 2 32 1 2087.38074921
32 2 32 1 2357.37847844
2 2 16 0 878.79176099
1 4 1 1 937.571761184
4 4 2 1 1158.14324234
1 4 32 0 1307.68021346
8 4 32 1 1556.53432771
32 2 16 0 2476.11759516
8 4 8 1 1349.5846149
4 2 2 1 1103.89913914
8 2 8 0 1721.46148638
32 4 4 0 2774.00686686
1 8 2 0 657.991065702
16 2 8 1 2219.7619842
1 2 16 0 1330.91190706
8 2 32 1 1669.84979314
2 4 4 1 823.502810096
2 4 32 1 704.060686205
4 4 1 0 1076.64919638
2 8 1 0 812.469731256
32 4 1 0 2726.18908506
32 4 4 1 2651.16818146
16 2 16 1 1943.89009513
1 2 32 0 1272.02740579
4 2 8 0 1269.32799868
32 4 1 1 2633.61678339
4 2 8 1 1076.94637174
32 2 2 0 2527.70211233
32 2 4 1 2638.83387535
1 2 4 0 1034.46946653
1 2 32 1 1100.83744435
1 8 4 0 1198.03906187
16 4 16 0 1904.55875362
2 2 8 0 1124.25555067
2 2 32 1 1001.36296729
4 2 16 1 1143.10591492
2 2 8 1 838.890987209
16 4 4 0 2145.41537498
8 2 16 0 1446.10464015
2 8 4 0 815.788903094
8 2 1 1 1638.16075718
1 8 16 0 1211.382774
2 2 32 0 835.125755951
2 4 1 0 812.29992192
1 8 4 1 912.646163347
4 4 2 0 1147.38981951
1 2 8 0 882.680423275
1 8 32 1 460.002030862
16 4 16 1 2076.2121178
1 8 1 1 870.917672619
8 4 16 0 1410.23563914
1 4 16 0 1313.17570788
1 8 2 1 682.090411693
2 8 2 1 604.252813896
32 4 16 1 2332.23377101
8 2 2 0 1584.50321078
16 2 1 1 2080.6657911
16 4 8 1 2216.34585164
1 8 32 0 1043.9402636
2 2 2 1 1107.7960182
1 8 1 0 683.991618038
8 2 8 1 1523.98595206
2 2 4 1 846.960302844
4 2 2 0 1356.7698748
8 4 2 0 1554.06872032
1 8 8 0 976.89613078
1 2 16 1 779.212621349
4 4 8 1 1066.66685357
4 2 4 0 1062.80937505
2 4 2 0 749.264126252
16 4 2 1 2241.37066264
4 2 16 0 1366.2634467
2 2 2 0 910.030457023
32 2 4 0 2900.59339153
16 4 4 1 2172.06452715
32 4 16 0 2539.16062039
32 2 8 1 2718.38854985
8 2 4 0 1607.66929699
1 2 8 1 1112.36663924
8 4 4 1 1546.7389492
2 2 16 1 736.389863658
32 2 8 0 2619.59344952
2 4 4 0 774.145123294
2 4 8 0 747.782393898
8 4 2 1 1503.26650441
8 2 32 0 1711.47648612
16 4 32 0 1763.07356231
2 8 4 1 722.830613152
2 4 16 1 675.64971047
8 4 1 0 1556.99158782
16 2 2 0 2146.66080585
2 4 2 1 704.970086369
16 2 8 0 2182.68528694
4 4 16 1 1092.63579769
16 4 2 0 1908.42067381
1 4 4 0 1314.68860713
32 2 1 0 2347.23708716
8 4 32 0 1622.6010371
8 4 1 1 1711.75610182
4 4 4 1 1145.05989627
32 2 16 1 2156.71882943
4 4 16 0 1182.37463936
1 4 16 1 647.918568091
32 4 32 1 1837.54217947
1 4 32 1 575.666723222
2 8 1 1 739.358923505
8 2 4 1 1630.21200266
2 8 8 0 782.241115291
2 4 32 0 738.043835415
4 2 1 0 1403.97213989
4 2 1 1 1155.3428215
32 4 8 0 2386.43540389
16 2 2 1 2170.71547392
16 4 32 1 2042.06674495
2 4 8 1 705.171880231
16 4 1 1 1879.11005285
32 2 1 1 2808.78550988
1 4 4 1 657.892443272
8 4 4 0 1712.04608154
2 2 1 1 781.928345097
32 4 2 0 2396.6388786
16 4 1 0 1963.98550581
32 4 8 1 2708.4758874
2 8 8 1 697.253515484
4 16 1 1 991.077540271
4 8 1 1 1133.42837785
1 32 2 1 1173.69998996
4 8 8 0 1074.98757909
4 16 8 1 1093.64813209
4 16 32 1 1075.61551726
1 32 8 1 980.660669457
1 32 4 0 1296.17789126
8 16 16 0 1542.30050301
16 8 4 0 2056.04177864
1 32 32 1 1086.40915846
32 16 32 1 1054.19041397
8 16 32 1 1622.08561502
1 32 8 0 1304.66899175
2 32 16 1 730.33618944
16 16 32 0 2026.01218672
1 16 16 0 783.216590725
1 32 1 0 532.504453374
16 16 1 1 1866.08340314
32 8 16 1 2319.42355131
4 16 16 0 997.565516626
32 8 2 0 2599.85881492
4 16 1 0 1174.42478556
2 16 8 1 715.001335953
2 16 2 0 727.715868882
2 8 32 0 725.760922065
32 16 1 1 2385.6443072
16 16 16 1 1807.56978844
2 32 2 0 678.130955132
8 16 8 0 1455.6622271
4 8 32 0 1116.30247583
4 16 8 0 1159.6814827
4 16 2 1 997.872378252
16 16 4 1 1833.83371273
1 16 1 0 853.73825336
2 8 32 1 716.503834884
1 16 2 1 1360.64754761
1 32 1 1 942.213262579
8 8 4 0 1446.82190493
4 8 1 0 1104.31252562
16 8 4 1 1987.10268959
16 16 8 0 2005.28985611
32 16 16 0 1531.66893911
8 16 1 1 1437.72324878
2 16 2 1 743.727442764
32 16 4 0 2516.18760129
32 16 32 0 1531.66552722
1 16 1 1 714.383800832
32 16 8 1 2341.13390946
8 16 4 0 1583.62531109
32 16 1 0 2364.86810912
1 32 16 0 1061.23259898
32 8 2 1 2675.00023341
2 32 4 0 720.604053101
2 32 1 0 656.732427073
8 8 32 1 1444.92600949
4 8 2 0 1013.93819964
8 8 1 1 1399.97987872
16 8 2 1 2126.42133045
4 16 4 1 1035.48842273
8 16 32 0 1502.25442267
1 16 8 0 956.86999125
4 16 32 0 1228.53708173
2 32 32 0 828.701540581
16 16 32 1 1958.80143755
8 16 2 0 1487.37070107
32 8 16 0 2653.85076083
2 32 8 1 706.237543254
8 8 16 0 1529.46107842
32 16 2 0 2267.43916634
8 8 1 0 1470.57238505
4 32 1 1 1008.96192194
2 32 4 1 684.582742204
32 8 4 1 2608.04167824
1 16 4 1 1214.57435121
32 8 1 1 2361.28036821
4 8 32 1 1169.08728058
4 16 2 0 1009.70568065
8 8 16 1 1390.72704911
4 16 4 0 1025.94934811
16 16 1 0 2090.93294417
1 16 4 0 789.659515467
4 32 2 1 1068.53571952
2 16 4 1 755.521231737
16 8 32 0 1855.16290083
32 16 2 1 2448.04709975
32 16 8 0 2139.73202744
8 8 2 0 1438.1326384
1 32 32 0 1243.99099515
8 16 1 0 1347.24232341
16 8 1 1 1966.26554153
1 32 16 1 832.906474071
2 16 32 1 648.185091272
4 32 1 0 1103.00184022
32 8 4 0 2661.03626418
1 32 2 0 1245.23968504
32 16 4 1 2550.50378229
8 8 8 1 1496.80805103
2 32 1 1 710.676400386
32 16 16 1 1828.29997031
1 16 2 0 767.821939056
2 16 16 1 780.456077014
16 8 2 0 1867.9950324
4 16 16 1 1125.63603941
32 8 8 1 2507.85483352
4 8 4 1 1025.81645572
4 8 16 1 1004.87702119
8 8 8 0 1529.30565885
16 8 32 1 1915.10491109
32 8 1 0 2786.67124891
2 32 16 0 681.581919908
8 8 2 1 1443.14855256
16 16 2 1 1957.15575921
8 16 4 1 1631.75724863
2 32 2 1 757.496637107
16 8 16 0 1895.22779521
32 8 8 0 2473.08872009
2 16 8 0 832.958300415
16 8 8 1 2225.60704796
4 8 8 1 1045.83824339
1 16 16 1 1129.31364462
32 8 32 1 1818.51097261
2 16 1 1 736.254813609
2 16 1 0 711.536705412
16 16 4 0 1891.57879855
2 8 16 0 688.995367329
1 16 8 1 1023.98228797
16 16 16 0 1762.29969336
4 8 16 0 1033.21211203
8 16 2 1 1514.52732095
2 32 8 0 667.476092346
2 16 4 0 687.362514635
32 8 32 0 2494.14939511
2 16 16 0 746.915826983
2 16 32 0 627.378743924
1 32 4 1 547.351719355
16 16 8 1 1982.13651018
4 8 4 0 1108.51239865
2 32 32 1 704.819211295
1 16 32 1 611.58079128
8 8 32 0 1352.88226507
8 16 8 1 1623.76819389
16 8 8 0 2117.93710754
16 8 16 1 2054.56106589
16 16 2 0 2004.25495238
8 16 16 1 1660.89952784
4 8 2 1 1221.45859868
8 8 4 1 1447.69066777
16 8 1 0 1726.11613492
1 16 32 0 1506.29812774
4 32 8 0 1136.72741868
4 1 8 1 1156.23327863
1 1 16 1 678.676930523
2 1 16 0 782.416362568
16 32 32 1 1805.59417889
2 1 4 1 933.783965129
32 1 1 0 3025.83647028
2 1 8 1 933.071667261
32 1 16 1 2027.75235111
16 32 2 0 2009.90741027
16 1 16 0 1972.11892986
2 2 2 0 981.578555653
32 1 8 0 2008.89907332
4 2 8 0 1259.4907472
