2 32 4 0 1533.1776314
32 8 1 0 4968.12605835
32 16 1 1 4565.58453098
8 32 8 1 2601.37619969
1 16 16 1 2134.19311861
32 32 8 0 3067.46173173
32 8 4 0 4189.55223648
1 32 8 1 1065.09308739
4 32 16 1 1844.9038945
16 32 4 0 3851.38820646
16 32 1 0 4075.70258007
32 16 16 0 2603.51014634
1 16 8 1 2097.57748637
1 32 4 0 2132.97450381
8 32 32 0 1704.50208286
4 16 4 1 2154.52973231
32 16 16 1 2164.51894358
2 1 8 0 1359.79187116
32 32 8 1 3206.70638131
8 8 2 0 3316.85821517
16 16 2 1 4054.28417505
32 16 2 1 4333.56840452
8 8 8 1 2618.18590245
4 1 12 0 1394.49454475
1 32 32 0 785.903033474
8 16 4 0 2571.08126753
2 16 8 0 1684.34990926
1 1 4 0 1684.68034988
4 32 32 0 1313.69188932
32 8 4 1 4110.06255955
2 32 32 1 1830.15673599
16 16 1 0 3899.07967044
1 32 16 1 1803.31238494
16 8 16 1 2459.41767352
2 32 16 0 1594.68037835
32 8 16 1 2019.50554025
32 16 32 1 2362.12416619
2 32 1 1 1875.07671931
32 8 2 0 4928.61990727
8 32 2 0 3319.09478126
32 16 1 0 5182.58541297
16 8 8 1 3312.54565961
32 16 8 0 3107.88856925
2 1 1 1 1371.06159666
16 32 8 1 2513.30337804
1 1 1 1 1712.78352234
32 32 16 0 2583.57398081
1 32 1 0 1585.16801944
8 16 1 1 3492.57305232
1 32 16 0 2169.88537986
1 16 4 1 815.040471178
32 8 8 1 3224.71170683
1 16 1 0 2134.68625516
1 16 2 1 1876.85078883
32 8 32 1 2484.72339555
2 1 2 1 1502.7663366
4 16 8 1 2119.71064451
8 8 32 0 1934.51736599
1 32 32 1 637.523801949
16 32 16 0 2440.94018186
1 32 4 1 1158.68362341
2 16 1 0 1783.26015332
32 32 32 1 2678.08766555
4 16 8 0 2439.2363054
2 1 14 0 1466.91206217
16 32 4 1 3172.45159753
1 16 8 0 852.115032661
8 8 4 1 3222.26418547
32 32 16 1 2496.63316484
2 16 16 0 1879.29512954
4 32 32 1 1539.62242567
4 1 4 1 1961.67551218
16 16 32 0 2021.55926271
8 32 2 1 2935.28662372
8 32 1 0 3215.52528279
2 32 2 0 1807.88721237
8 16 2 0 2788.14775175
16 16 2 0 4215.54384414
4 1 8 0 1597.69437238
32 16 32 0 2416.2281191
32 8 32 0 2758.3205289
2 32 4 1 1674.73711724
8 8 2 1 3669.52944721
32 16 4 1 3913.85129003
4 1 8 1 1613.73390013
1 1 15 0 1431.82991367
4 16 1 1 2359.39703466
16 8 1 0 4254.13228944
4 32 16 0 1917.28339451
16 8 2 1 3430.26906392
32 16 8 1 3275.14253981
4 16 32 1 1773.69290696
8 8 16 1 2025.65832231
8 8 4 0 2530.66332093
2 32 16 1 1635.73995241
16 32 8 0 3158.05157944
32 8 8 0 3189.39701665
2 16 2 1 1657.1976613
1 32 2 0 2090.38616514
16 16 4 0 3968.82673826
16 8 32 0 2084.18834622
1 1 2 1 1655.32967034
2 1 4 1 1284.2860575
8 32 16 0 2544.92554908
8 32 16 1 1853.27398804
16 32 1 1 3816.51401224
16 8 32 1 2105.5413331
4 1 4 0 723.116497039
2 32 2 1 1606.40752968
16 16 4 1 3736.53874644
4 1 12 1 1454.29928137
2 16 32 0 2254.6815851
4 32 8 0 2093.5552477
16 8 8 0 2888.71673025
16 16 32 1 1708.22562154
8 32 32 1 1661.10373534
16 32 32 1 1621.03636281
1 16 2 0 1971.52218729
1 1 4 1 1467.99700326
32 8 1 1 5041.52072656
16 16 1 1 3904.57816628
4 16 2 0 2407.50139271
32 32 2 0 4541.22934069
1 16 4 0 2115.73569987
1 32 8 0 1574.61135238
2 16 1 1 1838.64701509
4 16 4 0 1966.53124327
8 16 16 0 2398.32821752
2 16 2 0 1906.33223443
8 16 32 0 2448.44536565
1 32 1 1 1866.98638512
8 16 1 0 3350.81782095
32 32 1 0 4358.32965784
32 32 4 1 3535.55288593
16 16 16 0 2461.69157937
8 8 1 0 3188.30048797
8 16 16 1 2474.34613228
2 32 32 0 1758.42229686
2 32 1 0 1473.45305041
2 16 4 0 1718.08126566
8 32 1 1 2951.64328956
16 16 16 1 2390.48979216
1 1 8 0 1718.43245571
8 16 8 0 2532.73538744
1 1 1 0 1571.52357513
16 32 2 0 3649.7787466
16 16 8 0 3214.17507192
2 1 14 0 1646.5210344
1 16 32 1 2192.50804566
16 8 1 1 4249.11541844
2 16 4 1 1589.77638091
4 32 2 1 2302.51270143
32 32 1 1 4403.85000023
8 32 4 0 3190.21816658
4 16 16 1 1881.27713315
4 32 2 0 2588.98944532
2 1 1 0 1465.60355354
2 32 8 0 1829.38191488
2 1 2 0 1525.25818682
4 32 4 1 2520.23390413
8 8 16 0 1652.13806567
8 8 32 1 1833.51466007
4 1 2 0 1793.98266495
4 32 4 0 2540.09598723
32 32 32 0 2604.12679527
32 32 2 1 4054.6029964
1 32 2 1 877.295139128
16 32 32 0 1898.87479515
16 16 8 1 2733.65524462
8 16 4 1 2737.37525636
32 16 4 0 4207.08228566
4 16 16 0 1844.02687965
4 32 1 1 2504.35040925
16 8 2 0 4379.54211657
2 16 16 1 1647.88702434
16 32 2 1 3954.39954977
1 16 16 0 2214.69689
2 1 4 0 1383.26587143
32 32 4 0 3937.6948324
4 16 1 0 2451.89399802
4 16 2 1 2293.32274114
8 16 8 1 3056.09301085
16 32 16 1 2194.52398788
2 32 8 1 1885.15103551
4 32 1 0 2192.11031842
1 16 1 1 580.290263228
1 16 32 0 1035.35272871
4 16 32 0 1637.9881663
8 2 2 1 2739.87706964
2 2 14 1 1697.77888872
16 1 0 0 3683.43754413
16 2 0 1 5149.75797907
8 4 1 0 4476.53085061
8 2 1 0 2844.02538115
8 1 4 0 1209.13028491
8 2 8 0 2397.55129846
1 4 2 0 1775.53674633
2 2 14 0 1547.63039815
16 1 0 1 4084.99537689
4 4 12 0 2209.38975048
4 2 12 1 2165.10914643
2 4 4 1 2109.51351012
16 1 0 0 3203.14853925
1 2 1 1 1528.79248793
4 4 8 1 2407.99189813
2 2 4 0 1930.9025926
1 2 15 0 1969.38722653
1 2 2 0 1700.53897442
8 1 1 0 2509.61686405
16 2 0 0 5332.6742807
4 2 8 0 2210.81533143
2 2 14 1 1731.59420609
1 4 1 0 729.978065057
2 2 14 0 1636.3768037
8 4 8 0 2410.42011114
8 2 4 1 2081.96706378
16 1 0 0 3613.84114101
4 2 4 1 1978.94029636
16 1 0 0 3274.41677422
16 2 0 1 5284.17134732
8 4 8 1 1393.2047936
16 1 0 1 3468.78677732
1 4 4 0 2078.62520191
4 4 12 1 1818.65580324
2 4 2 1 1624.02943492
4 4 4 1 2303.03295818
8 1 1 1 2027.39261193
16 1 0 1 3764.57368124
1 4 15 0 2023.41095558
8 1 4 1 2065.41295131
1 4 1 1 1609.20613011
16 2 0 0 4711.5885902
16 1 0 1 3326.88918263
2 2 2 1 1893.07236106
16 2 0 0 5266.48267396
4 2 4 0 1874.00726399
8 2 8 0 2822.01512328
8 4 8 0 1629.04341081
16 2 0 0 5233.99832362
8 1 2 0 2602.9335573
16 1 0 1 3145.10930585
16 1 0 0 2870.06192631
8 1 8 0 1616.11668543
16 1 0 1 3453.85023056
2 4 14 0 1979.52721444
2 4 14 1 2415.53287039
16 1 0 1 3543.55768752
2 4 1 0 2535.21173864
2 4 1 1 2018.78255329
16 2 0 1 4617.54065548
1 2 8 0 711.055602745
1 4 8 0 1650.26411913
4 2 8 1 2189.37335488
4 4 12 1 2465.78290566
8 2 8 1 2790.72969449
4 4 12 0 2259.47826275
8 4 8 1 3301.0281705
2 4 8 0 1850.96545233
16 4 0 1 5798.84120164
16 2 0 1 4845.01610996
16 2 0 1 4985.49357181
2 4 4 0 1818.9385963
16 2 0 1 4842.1412093
8 4 1 1 4208.70914908
2 2 1 1 1945.5293933
8 2 2 0 3129.91040104
2 4 2 0 2570.09591387
16 4 0 0 5397.15901491
16 1 0 1 3092.89192687
16 2 0 0 5034.888584
1 2 15 0 851.491460123
2 2 1 0 1227.56435473
16 1 0 0 3295.16125329
4 4 2 1 3357.60084458
8 1 8 1 2086.76913911
16 4 0 1 5944.18551748
4 2 1 1 2612.23083075
4 2 2 0 2629.53691775
1 4 15 0 704.77012383
16 1 0 0 3641.11761173
1 2 4 1 1290.46927739
16 1 0 1 3106.55275369
16 2 0 0 4770.38876786
8 4 8 1 2563.50740536
8 1 8 1 2118.93467707
16 1 0 0 3726.05664239
16 1 0 1 3490.03884779
1 2 1 0 1957.3218689
16 2 0 1 4538.81311127
16 2 0 0 4909.05505672
1 2 15 1 1662.82266138
8 2 8 0 2434.38252082
8 2 4 0 2381.35342918
8 2 1 1 3636.98836618
8 4 4 0 3619.7420126
16 2 0 0 5451.56881573
2 2 8 1 1687.32715929
16 2 0 1 5512.52861079
1 4 15 1 1996.94764708
2 2 2 0 1688.10621268
2 4 8 1 2245.23482583
1 2 4 0 1864.62679423
16 1 0 0 4258.76499134
16 1 0 1 3416.24747092
2 4 14 1 1961.59736275
4 2 12 0 1969.61335573
8 2 8 1 2822.15913604
4 4 8 0 1370.63710939
1 4 8 1 2231.92358334
16 2 0 1 3718.86917348
1 2 15 1 1972.9365378
8 2 8 1 2768.9990249
2 2 4 1 1628.52538039
8 4 2 0 3428.46787559
16 2 0 0 5208.56596906
16 2 0 1 4642.27305118
4 2 1 0 2116.03904284
4 2 2 1 2400.01595785
1 4 4 1 887.523838915
16 1 0 0 3416.91416911
4 4 1 0 3121.13941278
4 4 1 1 2510.77957682
4 2 12 1 1930.57015408
2 2 8 0 1862.56645927
8 4 4 1 3406.13628478
16 2 0 0 4924.25868862
16 2 0 0 4883.89887465
4 2 12 0 1948.75038282
16 4 0 1 5373.24081861
16 4 0 0 5988.46585432
1 4 2 1 2076.44594317
8 1 8 0 1933.69035405
16 1 0 0 3025.05307259
4 4 2 0 3090.85924238
8 1 8 1 2098.17775322
1 2 8 1 1547.81326465
4 1 12 0 1527.17892528
16 2 0 0 4515.64559169
8 4 8 0 2842.65328977
2 4 14 0 1994.13728513
1 2 2 1 2027.7101118
16 1 0 0 3333.00169366
1 4 15 1 743.663677201
16 1 0 1 4030.06237113
4 4 4 0 2764.96643277
8 4 2 1 3908.87963606
8 1 2 1 1760.10247704
16 2 0 1 5209.25283076
16 2 0 1 5199.42735285
16 4 0 1 5406.4885024
16 8 0 1 5941.34481391
1 8 15 1 1805.44742725
16 16 0 0 6270.3999077
1 16 4 0 2091.95577618
1 16 1 0 1859.44141678
16 4 0 1 6064.07510949
16 16 0 1 6789.78736814
2 8 1 0 2539.57253306
4 16 4 0 4286.37778266
16 8 0 1 6274.43136959
4 16 4 1 3820.20218758
16 4 0 0 5813.97602496
4 16 12 0 1883.79650626
2 16 14 0 2117.8575908
1 16 8 1 1969.72651391
16 4 0 0 3931.3757129
16 4 0 0 6088.98041211
2 16 8 1 1937.18995437
16 16 0 1 6515.17244251
16 8 0 1 6197.57212199
2 8 4 1 2803.11066691
16 16 0 1 6617.26365487
1 8 2 1 1737.36083411
8 8 4 0 3993.81277704
16 8 0 0 6459.39008578
16 16 0 0 6691.27794882
4 8 1 0 3690.10001248
16 16 0 1 6862.01123268
16 8 0 0 6334.36840952
16 4 0 1 5688.20363298
1 8 15 1 2023.57626913
8 16 8 1 2965.0058768
16 8 0 1 5987.25128369
4 16 1 0 4257.36342797
16 8 0 1 6073.44274397
4 16 12 1 2353.95396816
8 16 8 1 3085.68677925
2 8 14 0 2177.03805539
4 8 4 1 3448.79557511
2 16 8 0 2230.63042099
16 4 0 0 5398.5275113
16 4 0 1 5827.02330992
16 16 0 0 6477.96994931
4 8 1 1 4348.15034303
2 8 4 0 2502.07273815
16 8 0 0 6015.0084294
16 8 0 0 5616.55613257
8 8 8 1 2880.61420245
2 16 4 0 2450.40843693
16 16 0 1 5886.79353149
8 8 8 1 2583.89172346
4 8 8 0 3063.72348292
1 8 8 1 2127.14348339
16 16 0 0 6730.51206002
8 16 8 0 3148.64721581
16 16 0 1 6750.09026986
1 16 15 1 1681.94247555
4 8 12 1 2454.09513455
8 8 2 0 4294.65420631
16 8 0 0 6557.969551
16 4 0 0 5667.93169506
4 16 2 0 3271.87709573
16 16 0 1 6623.41094927
16 8 0 0 6234.89522898
16 16 0 1 6340.74894744
1 8 4 0 1480.30453021
16 4 0 0 5955.04693853
16 8 0 1 5713.06791162
8 16 1 0 5251.3701745
2 8 8 1 2076.95631353
8 8 1 0 5050.34433753
2 8 2 1 2757.85163639
1 8 8 0 2139.0240192
2 8 14 1 2129.56004408
16 8 0 0 6239.06771916
1 16 8 0 2079.3842133
2 8 8 0 1838.24766759
16 16 0 0 6961.49916565
16 16 0 1 6754.5814514
8 16 8 1 2474.27168934
16 8 0 0 6148.63957002
16 8 0 1 6257.25873956
8 16 8 0 3049.60008407
16 16 0 1 6839.79143409
16 16 0 0 6787.05244839
1 16 2 0 2139.95093086
16 4 0 1 5621.21315399
8 8 8 0 3013.90001665
1 8 4 1 1850.38848149
16 4 0 1 5906.05968664
16 4 0 0 6218.47074261
4 8 8 1 2068.71243887
1 16 1 1 2019.95853594
2 16 4 1 2554.1294077
16 4 0 1 6036.58409262
2 16 2 1 3006.33088958
2 16 14 1 2196.01649337
8 16 2 1 5077.54052452
16 4 0 0 5368.18673967
1 16 15 0 2172.33877897
16 16 0 0 6598.519609
16 8 0 0 6460.45187937
16 16 0 0 6802.29584325
1 16 4 1 1848.34367154
16 8 0 0 6131.79846766
4 8 2 0 3614.56966195
16 16 0 0 6734.15395938
4 8 12 0 2102.79829974
16 8 0 1 6466.11659764
2 8 1 1 2452.57766498
1 8 15 0 1790.46787346
1 8 15 0 2089.63046325
8 8 8 0 3006.33861643
8 16 1 1 4561.59546364
1 16 15 0 2202.51873657
4 16 12 1 1971.2955894
16 8 0 1 6386.40261659
8 16 2 0 5198.08744372
2 8 14 1 2007.68691992
16 8 0 1 5382.97596971
16 4 0 0 5830.33373509
2 16 14 1 1940.97178999
16 8 0 0 6038.59212288
4 8 2 1 3603.17532272
16 4 0 0 4988.9960586
8 8 4 1 3203.75445868
8 16 8 0 3219.35841478
4 16 8 1 3300.702581
8 8 8 1 3057.61710793
4 8 4 0 2761.72871125
8 16 4 0 4030.93921885
2 8 14 0 1413.0041211
1 8 1 0 1964.29680203
8 8 8 0 2121.17805548
2 16 2 0 2514.91390702
4 16 2 1 4127.00963554
16 8 0 0 6433.08475266
4 16 1 1 4558.40914792
16 4 0 1 5549.50049898
8 8 1 1 5343.22270589
16 4 0 1 5562.34542169
2 16 1 1 2942.58261498
1 16 15 1 2156.2232486
4 16 12 0 2282.8393118
16 16 0 1 6635.91311742
8 16 4 1 3968.38576598
1 16 2 1 1494.58019011
2 16 14 0 1806.82106922
16 8 0 1 6304.09466743
8 8 2 1 4311.08024144
4 8 12 0 2428.50916281
1 8 1 1 2048.10423807
16 8 0 1 6162.65416317
4 8 12 1 2305.81649
16 16 0 0 6690.49473176
2 16 1 0 3020.36388324
1 8 2 0 1082.26425148
4 16 8 0 2483.61485834
2 8 2 0 2572.50837668
