2 2 6 1 1058.32659415
1 32 2 1 1605.61966224
2 1 6 0 1305.24529516
8 32 0 0 2356.64625597
2 32 1 0 1079.70277642
2 32 4 0 1445.95645706
2 2 6 1 1186.40807761
8 1 0 0 1458.10664742
2 32 6 0 1969.41348401
8 32 0 1 2229.12583327
8 32 0 0 2357.33871394
8 32 0 0 2392.5101153
2 1 1 1 1171.1687939
2 1 4 1 1163.60946907
8 1 0 1 1383.72629878
8 32 0 1 2370.00209079
8 32 0 1 2435.7095424
8 1 0 0 1551.69889161
8 1 0 1 1766.34167429
4 1 1 0 1542.11558795
8 1 0 1 1495.14723868
8 1 0 0 1502.73851171
2 1 6 0 1282.14974042
8 1 0 1 1674.02520405
2 1 1 0 1281.76739942
1 2 7 0 1827.87213944
2 2 4 1 1614.04650711
4 32 1 1 2484.93492272
8 1 0 1 1585.87680159
1 1 7 0 1086.12576446
1 2 7 0 678.244493775
8 1 0 1 1297.47830967
4 1 1 1 1350.64187849
8 1 0 0 1553.75386107
8 32 0 1 2350.91712538
2 1 4 0 1307.66149158
2 1 2 1 915.974321164
4 1 4 1 1762.65057201
8 1 0 0 1589.10800921
4 1 4 1 975.119006821
2 2 1 1 1786.60942653
1 32 4 1 1030.89002006
8 1 0 1 1623.97032235
1 32 7 1 1682.16064617
2 2 2 1 1219.72950901
1 2 7 1 1128.74717149
4 32 4 1 2487.59984766
4 32 4 1 1851.52065475
4 1 2 0 1433.05589195
1 1 4 0 609.682232
1 2 7 1 1447.77709642
2 1 6 1 1422.73328159
1 1 2 0 1565.69516998
8 32 0 0 2413.97677889
8 32 0 0 2384.90115384
2 32 6 1 1587.8424077
8 1 0 1 1427.83033963
2 32 6 1 1891.82138509
8 32 0 1 2337.08765007
8 32 0 0 2144.03986846
1 2 1 1 1122.01974909
8 32 0 0 2427.03650739
8 1 0 0 1705.8910415
8 32 0 0 2514.89349735
1 32 7 0 1890.57732598
1 1 7 0 995.389167752
8 1 0 1 1435.57533287
8 32 0 1 2298.03879833
8 32 0 0 2486.97605139
1 2 2 0 1814.85042429
8 1 0 0 1683.34271828
1 2 7 0 807.974658722
8 32 0 1 2377.49259069
2 2 6 0 1306.65038397
8 32 0 1 2375.85824652
4 32 4 1 2346.18037387
4 1 4 1 1460.20846817
8 1 0 1 1512.46323253
8 1 0 1 1691.4940184
1 2 2 1 1376.66869512
2 2 2 0 2007.16662918
8 1 0 0 1377.7136665
8 32 0 1 2427.78707311
2 2 4 0 1051.1330775
8 1 0 1 1805.46107728
8 32 0 0 2463.94804827
8 1 0 0 1451.74943758
2 2 6 1 1407.40550421
8 1 0 1 1609.63968815
8 1 0 0 1647.46597571
1 32 4 0 987.130177487
1 2 1 0 1926.06513179
1 32 7 1 1780.15817354
8 1 0 0 1546.47714451
8 1 0 0 1315.53393991
8 32 0 1 2383.77999956
1 2 4 0 801.757832058
1 2 7 1 1488.30440355
1 1 4 1 1432.13451975
1 2 4 1 1469.08832254
8 1 0 0 1503.67107956
8 1 0 0 1450.41438596
2 2 1 0 2098.48921189
8 1 0 0 1669.37884092
8 32 0 1 2354.68499861
1 1 7 0 751.232917841
8 1 0 0 1493.08298477
8 32 0 1 2403.89226567
8 32 0 1 2306.03386437
4 32 4 0 2487.25131503
1 1 7 1 757.991446327
2 1 2 0 1375.7928142
8 32 0 1 2324.00076847
2 32 1 1 2607.25396332
4 1 4 0 1761.92743732
1 1 2 1 1161.55205892
2 1 6 1 996.250073313
4 1 4 0 998.04630097
4 1 4 0 1256.74624032
2 32 2 1 2515.9669225
1 32 7 1 1379.30389802
8 32 0 1 2346.30779623
1 32 2 0 1682.9219146
4 32 4 0 2423.04552291
4 32 1 0 2503.20700565
2 32 6 1 1403.47131384
1 32 7 0 1518.49539934
8 1 0 1 1510.68105377
1 32 7 0 1036.8734663
2 1 6 0 1267.93427465
1 1 1 0 1006.44454556
4 32 2 1 2378.70861508
8 32 0 0 2331.39316452
4 1 2 1 1417.15224176
1 1 7 1 1380.70012112
2 1 6 1 868.516501915
8 1 0 1 1665.73082112
2 32 6 0 1965.5610699
8 1 0 1 1675.54435783
4 32 4 0 2431.51581696
8 32 0 0 2455.76359766
4 32 4 0 2408.21099744
8 1 0 1 1412.26465521
2 8 1 0 2279.87356357
2 4 4 0 1928.35257606
8 4 0 0 2140.88500679
8 2 0 1 1771.62201451
8 4 0 1 2001.18487778
8 4 0 1 1915.22378808
4 8 2 1 2294.84022185
8 4 0 0 2080.77117104
1 8 7 1 949.281888527
4 2 4 1 1763.938359
4 4 4 0 1674.06876471
8 2 0 0 2089.49173511
8 2 0 0 1847.59691159
4 8 2 0 2391.43003009
1 4 7 0 1073.64540433
8 4 0 1 2044.19673323
4 2 2 1 2086.57892934
8 2 0 0 1798.78507963
2 4 2 1 1955.1872778
2 2 6 0 1596.16137497
2 4 2 0 2352.99522328
4 2 4 0 2067.57702623
8 2 0 0 1845.20024784
8 4 0 0 2113.34615676
1 4 7 1 1764.37736263
2 8 4 1 2252.71103136
2 8 2 0 2012.19600325
8 4 0 0 1949.03585845
4 4 2 0 2061.48313264
8 4 0 1 2045.46403621
1 8 7 1 1803.66725554
8 4 0 1 2095.08163294
1 8 1 1 2153.62780714
8 4 0 1 2137.92733722
4 2 4 1 2363.84413107
4 8 4 1 2514.43932642
8 2 0 0 1938.61185006
2 8 6 0 1421.11231652
8 4 0 1 2066.80813079
8 2 0 0 2018.36633537
8 2 0 1 1904.81799452
2 4 6 1 1848.76320018
8 2 0 1 1987.30799962
4 2 1 0 1820.95606975
4 4 4 1 2197.89905442
8 2 0 0 1922.71845706
8 2 0 0 1865.44472047
4 2 4 1 1836.13001254
1 8 2 1 2068.99628653
8 4 0 0 1921.61600327
1 4 7 1 1374.93118962
4 8 4 1 2540.59715731
8 2 0 1 1848.79269904
2 4 6 1 1753.48095198
8 4 0 0 2115.95176209
2 4 6 0 1862.77688836
2 8 6 1 2069.2144286
8 2 0 1 1858.90109611
8 2 0 0 1932.57164944
4 8 1 1 2327.7852248
8 2 0 0 2108.96026032
8 4 0 1 2011.50504358
8 4 0 0 2260.49325854
8 2 0 1 1913.24973229
8 2 0 0 1988.06599403
2 4 1 1 2349.55035553
8 2 0 1 1840.46998591
4 2 4 0 2008.5024752
1 4 2 0 1826.99408563
8 4 0 0 2024.13505953
8 8 0 0 2300.35246253
8 2 0 1 1855.38971162
2 8 6 0 2102.33475189
8 4 0 1 1837.26539273
8 4 0 1 2025.37556791
8 4 0 0 2162.53127049
1 8 7 0 1982.65917138
1 8 4 1 2181.23606125
8 4 0 0 1880.71720782
8 2 0 1 1883.3036227
4 4 1 0 2404.32108768
4 2 4 0 1721.93479155
1 8 7 0 2177.8183044
4 4 1 1 2095.12639338
4 4 4 0 2291.13050964
8 2 0 1 2128.48158201
1 8 7 0 1053.36804752
8 8 0 1 2371.71750854
1 4 1 1 1648.56343421
1 8 1 0 1020.18096758
8 2 0 1 1856.91115209
8 4 0 0 1948.327776
4 8 4 1 2465.4856918
2 8 4 0 1549.7606794
4 8 4 0 2298.67341467
2 8 2 1 2082.88965931
4 4 4 0 2475.04278557
8 2 0 1 1843.02011006
2 8 6 0 1710.33635454
4 4 2 1 2115.9449048
8 2 0 0 1688.45636403
8 2 0 0 1824.91672716
4 4 4 1 2464.03435723
1 8 4 0 1021.92106538
8 4 0 0 1955.9051666
8 2 0 0 2016.34476427
2 4 6 0 1758.01754769
1 4 2 1 1610.93263942
4 8 4 0 2313.17611365
4 8 1 0 2502.97398653
4 4 4 1 2540.47096446
8 2 0 1 1919.54906067
4 4 4 1 1948.842277
1 4 7 0 1668.26276385
8 2 0 0 1895.05415881
8 4 0 0 2254.4923842
4 8 4 0 2132.5416311
1 8 7 1 1429.4557478
1 4 4 0 1900.24431494
2 4 4 1 1657.80707468
8 4 0 0 2119.67659244
8 4 0 1 1985.29870319
8 4 0 1 2039.30058557
4 8 4 1 2354.96148699
8 2 0 0 1889.02931974
2 8 6 1 2063.87507188
8 4 0 0 1993.84336768
1 4 4 1 1167.68802451
8 4 0 1 2080.10518953
8 4 0 0 1932.70447386
8 4 0 1 1866.2142944
4 2 1 1 1986.63223858
4 2 4 0 1431.62676633
2 4 6 0 2081.51999199
4 2 2 0 1782.78728249
4 8 4 0 2633.05556452
8 2 0 1 2148.52779337
8 2 0 0 1807.6457979
8 4 0 1 2020.13826111
2 4 1 0 1921.28582114
8 4 0 1 1916.30259203
8 4 0 0 2064.49973952
8 2 0 1 1936.05742782
8 2 0 1 1939.08543318
4 2 4 1 2107.269231
4 4 4 0 1933.76284299
2 8 1 1 2561.95529568
2 4 6 1 2032.02941722
8 4 0 0 2064.21462497
8 2 0 0 1980.4424183
8 2 0 1 1853.17473229
1 4 7 1 1849.8987876
8 4 0 1 1994.07222381
8 4 0 1 2109.82313
1 4 7 0 996.238942714
8 8 0 1 2266.84456599
1 4 1 0 1941.88623776
1 8 2 0 958.209984292
8 2 0 1 1882.67383408
2 8 6 1 2134.28356222
8 8 0 0 2343.2129383
8 32 0 0 2464.09889228
8 8 0 0 2238.9755626
8 32 0 0 2399.70484174
8 8 0 0 2044.4234176
8 32 0 1 2460.76469204
8 16 0 0 2136.5558954
4 32 4 1 2462.65027057
8 16 0 1 2449.26303986
8 16 0 1 2438.44869171
8 32 0 0 2474.59167974
2 32 4 1 1845.10670593
4 16 4 0 2355.67137297
8 16 0 1 2104.70376418
8 32 0 0 2449.85028528
4 32 2 0 2543.4685856
2 32 6 0 1745.20636434
8 8 0 1 2361.86800493
8 16 0 0 2263.77355336
8 8 0 0 2278.92542886
8 8 0 0 2388.93995496
8 8 0 1 1778.03911037
1 16 2 1 1859.1724993
2 16 6 1 2096.59152325
2 32 2 0 3075.12409926
8 8 0 1 2261.78041813
