8 4 1 0 3483.23514693
8 2 1 0 3448.14659192
4 1 2 1 1781.78150354
8 1 4 0 1794.76510781
8 2 8 0 2718.45889065
1 4 2 0 2384.17185204
2 2 14 0 1835.34743845
16 1 0 1 3332.5600885
4 4 12 0 2500.01713254
4 2 12 1 1793.3749546
2 4 4 1 2592.42711427
4 1 12 1 1493.72849206
16 1 0 0 2847.80340232
1 2 1 1 1586.49823985
4 4 8 1 2779.70000973
2 2 4 0 1754.17685161
1 2 15 0 1723.87704551
1 2 2 0 1968.22397162
8 1 1 0 2624.12221596
16 2 0 0 3058.23028883
4 2 8 0 2164.73061106
2 2 14 1 1898.71973056
1 4 1 0 2170.20644186
2 2 14 0 1988.45652599
8 2 4 1 2395.59573935
16 1 0 0 3195.07242551
4 2 4 1 2396.78862902
16 1 0 0 3477.12739318
16 2 0 1 4794.51000276
8 4 8 1 3078.85944262
16 1 0 1 2776.06207166
1 4 4 0 872.704607454
4 4 12 1 2619.79334788
2 4 2 1 2457.13596665
4 4 4 1 2884.39366071
8 1 1 1 2293.83280776
16 1 0 1 2953.416791
1 4 15 0 1309.63105259
8 1 4 1 1852.62625816
1 4 1 1 1891.54039772
16 2 0 0 4582.63239997
16 1 0 1 3563.72183343
2 2 2 1 1866.17939129
4 1 12 0 1899.07959373
16 2 0 0 4472.38289262
4 2 4 0 2325.29352441
8 2 8 0 2954.34834968
8 4 8 0 2996.23129116
16 2 0 0 3577.23385255
8 1 2 0 2377.49395861
16 1 0 1 3435.2494319
16 1 0 0 3327.5310835
8 1 8 0 2067.23384342
16 1 0 1 3084.7604849
2 4 14 0 2061.57875317
2 4 14 1 1457.22076041
16 1 0 1 3621.68778879
2 4 1 0 2195.04898514
2 4 1 1 2356.52689233
16 2 0 1 4652.22952619
1 2 8 0 2026.32420434
1 4 8 0 2047.63607398
4 2 8 1 1934.27291371
4 4 12 1 2522.74994493
8 2 8 1 2744.24142183
4 4 12 0 2193.33945113
2 4 8 0 2386.30374199
16 2 0 1 4635.02824803
16 2 0 1 4360.25012107
4 1 4 1 1677.40404163
2 4 4 0 1866.42426565
16 2 0 1 3197.37604413
8 4 1 1 4211.13714702
2 2 1 1 1914.81653113
8 2 2 0 3206.32118006
4 1 8 0 1529.36880167
2 4 2 0 1690.20156051
16 1 0 1 2961.63177073
16 2 0 0 4598.68156125
1 2 15 0 1903.24922053
8 1 8 0 2075.16199228
2 2 1 0 2040.7395321
16 1 0 0 3274.49463143
4 4 2 1 3055.1716122
4 1 8 1 1489.15319574
8 1 8 1 2114.97575985
4 2 1 1 2768.29695191
4 2 2 0 2473.64755782
1 4 15 0 2019.3919217
16 1 0 0 3791.89568303
1 2 4 1 1944.63931881
16 1 0 1 3708.30196939
16 2 0 0 4487.12979364
8 4 8 1 1841.09705197
8 1 8 1 1864.94232372
4 1 4 0 1624.23716583
16 1 0 0 3530.4046622
4 1 12 1 1670.44301703
16 1 0 1 3495.51069667
1 2 1 0 1768.81945135
16 2 0 1 2919.55212372
16 2 0 0 1800.72009014
1 2 15 1 1930.35921091
8 2 8 0 2760.91736636
8 2 4 0 2398.84226452
8 2 1 1 3598.69149366
8 4 4 0 3144.40536466
16 2 0 0 3279.42686916
2 2 8 1 2038.76964373
16 2 0 1 3525.16505536
1 4 15 1 2079.28511883
2 2 2 0 1906.47484832
2 4 8 1 2077.74196703
1 2 4 0 1835.44139873
16 1 0 0 3205.49871723
16 1 0 1 2918.2240709
2 4 14 1 2115.14111582
4 2 12 0 2026.6403984
8 2 8 1 2700.57781356
4 4 8 0 2058.47452351
1 4 8 1 2215.95630081
16 2 0 1 3664.70084369
1 2 15 1 2024.1064512
8 2 8 1 1737.27878829
2 2 4 1 2016.08262773
8 4 2 0 2280.49781159
16 2 0 0 4822.43084922
16 2 0 1 4473.83493187
4 2 1 0 2499.85093119
4 2 2 1 2435.90065947
1 4 4 1 1873.68238894
16 1 0 0 3442.70553262
4 4 1 0 3118.73355111
4 4 1 1 3616.29722625
4 2 12 1 2035.84550221
2 2 8 0 1841.85796273
8 4 4 1 2968.17814828
16 2 0 0 4842.9698858
16 2 0 0 4759.05722949
4 2 12 0 1945.84450317
1 4 2 1 1018.8064163
8 1 8 0 2037.04693365
16 1 0 0 2744.43431101
4 4 2 0 3078.42839651
4 1 2 0 1751.17690783
8 1 8 1 1899.26409731
1 2 8 1 2092.32766475
4 1 12 0 1571.7590086
16 2 0 0 4717.34437227
2 4 14 0 1481.62945406
1 2 2 1 1972.59707097
16 1 0 0 3683.79634524
1 4 15 1 2158.95867961
16 1 0 1 3775.85931677
4 4 4 0 2456.54144761
8 4 2 1 3287.99664097
8 1 2 1 1838.69845625
16 2 0 1 4514.8865015
16 2 0 1 4773.20634209
16 4 0 1 6283.31113189
16 8 0 1 6116.87758467
1 8 15 1 2335.97096535
16 16 0 0 6006.78993155
1 16 4 0 1190.34204424
1 16 1 0 1901.20654315
16 4 0 1 5707.92330781
2 8 1 0 2718.25373535
4 16 4 0 3088.26417455
16 8 0 1 6542.08129945
4 16 4 1 3111.71601338
16 4 0 0 5981.33385926
4 16 12 0 2356.09342668
2 16 14 0 2187.32546455
1 16 8 1 1879.21802104
16 4 0 0 6212.35416194
16 4 0 0 5672.06360608
2 16 8 1 1890.61385544
16 8 0 1 5916.89806225
2 8 4 1 2939.67377647
16 16 0 1 6107.82165638
1 8 2 1 2148.38882471
8 8 4 0 3616.82620646
8 4 8 0 3030.63013013
16 8 0 0 6401.8664224
4 8 1 0 3826.63650273
16 16 0 1 6012.421961
16 8 0 0 6380.25985035
16 4 0 1 6151.96817389
1 8 15 1 2538.19469608
8 16 8 1 3106.88263707
16 8 0 1 6329.4739172
4 16 1 0 3880.03599731
16 8 0 1 6336.4639329
4 16 12 1 2233.79522393
8 16 8 1 2962.39767295
2 8 14 0 2283.23378927
4 8 4 1 2949.1033501
2 16 8 0 2913.62805069
16 4 0 0 5856.51073173
16 4 0 1 6011.52493324
16 16 0 0 6484.01476134
4 8 1 1 3873.56123301
2 8 4 0 2792.86412142
16 8 0 0 6144.29936907
16 8 0 0 6534.37966462
8 8 8 1 3422.80415486
2 16 4 0 2782.94251487
16 16 0 1 5549.72839494
8 8 8 1 2701.34806429
4 8 8 0 2623.67799598
1 8 8 1 1854.6561203
8 16 8 0 3197.67338323
16 16 0 1 5362.92451671
1 16 15 1 2083.48688959
4 8 12 1 1651.47245813
8 8 2 0 4515.02306624
16 8 0 0 6409.41410346
16 4 0 0 6070.53845188
8 4 8 1 3114.24623718
4 16 2 0 4387.47168204
16 16 0 1 5781.09930387
16 8 0 0 6084.44459206
16 4 0 1 5195.44062852
1 8 4 0 2293.64479292
16 4 0 0 5957.16975049
16 8 0 1 6351.43691009
8 16 1 0 4658.23277889
2 8 8 1 2591.13711903
8 8 1 0 5005.69787451
2 8 2 1 2692.17432324
1 8 8 0 1980.19613113
2 8 14 1 1979.5862982
16 4 0 0 5705.23212395
16 8 0 0 6634.09639069
1 16 8 0 2139.30725968
2 8 8 0 2606.60461357
16 16 0 0 5194.42123359
16 16 0 1 5480.91019831
8 16 8 1 3334.12361848
16 8 0 0 6367.43838483
16 8 0 1 6513.98476039
8 16 8 0 2476.24945471
16 16 0 0 5782.61124711
1 16 2 0 1979.7442286
16 4 0 1 5298.31820679
16 4 0 1 6129.62922304
8 8 8 0 2833.00423238
1 8 4 1 1719.20229363
16 4 0 1 6035.06516581
16 4 0 0 6242.62370543
4 8 8 1 2669.28809834
1 16 1 1 1804.38035454
2 16 4 1 3037.86312956
16 4 0 1 5723.54849631
2 16 2 1 3433.31793313
2 16 14 1 2153.80820362
8 16 2 1 5155.87686055
16 4 0 0 6534.55954728
1 16 15 0 1977.97247518
16 16 0 0 5906.10200752
16 8 0 0 6682.90748541
16 16 0 0 5545.95903409
1 16 4 1 1997.0034736
16 8 0 0 6511.68003271
4 8 2 0 3722.1765065
4 8 12 0 1505.61929787
16 8 0 1 6065.63263462
2 8 1 1 2955.18443382
1 8 15 0 1872.0314107
1 8 15 0 1696.48590657
8 8 8 0 2912.18566592
8 16 1 1 4993.02278554
1 16 15 0 1769.18930293
4 16 12 1 2275.70393337
16 8 0 1 6276.81419416
8 16 2 0 4496.79667505
2 8 14 1 2080.99872202
16 8 0 1 6238.10235926
16 4 0 0 6308.51697223
2 16 14 1 1857.64973056
16 8 0 0 6157.39039143
4 8 2 1 3650.87021633
16 4 0 0 6141.89208137
8 8 4 1 3398.85175979
8 16 8 0 3157.24666511
4 16 8 1 2759.56781364
8 8 8 1 2971.11932444
4 8 4 0 2992.18770125
8 16 4 0 4461.3458846
2 8 14 0 1961.03713004
1 8 1 0 2417.49624167
8 8 8 0 2727.65478857
2 16 2 0 2782.09202171
4 16 2 1 3697.74077618
16 8 0 0 6746.75823718
4 16 1 1 3840.01860568
16 4 0 1 6275.61718284
8 8 1 1 4831.67462537
16 4 0 1 6368.68241454
16 4 0 1 5413.87299194
16 4 0 0 5325.42684915
2 16 1 1 3042.31977354
1 16 15 1 2002.84518965
4 16 12 0 2265.47093029
16 16 0 1 5391.55151846
8 16 4 1 3248.25303756
1 16 2 1 1752.97008659
2 16 14 0 1756.18299653
16 8 0 1 6327.87301591
8 8 2 1 4278.77609414
8 4 8 0 3019.67486239
4 8 12 0 2409.96335085
1 8 1 1 2011.2935057
16 8 0 1 6556.85012589
4 8 12 1 2826.69021848
2 16 1 0 2737.87472869
1 8 2 0 2206.16147997
4 16 8 0 2713.52052403
2 8 2 0 2929.70082086
1 1 2 0 1800.13634182
16 1 0 0 2570.39005405
4 1 1 1 1691.95606577
4 32 12 1 1865.51050547
16 32 0 1 6788.49084188
1 1 1 0 690.118619595
16 16 0 1 6528.61329288
