32 1 16 1 2069.0567707
1 1 1 0 536.291386455
2 1 2 0 776.441651802
32 1 8 1 2272.76928036
1 2 16 0 690.020823761
8 1 8 1 1584.95411058
4 1 32 1 1052.89430426
2 1 8 1 1064.13527735
8 1 16 0 1597.73656082
2 1 1 1 861.986125744
2 2 32 0 811.742313337
2 1 8 0 901.681277669
2 2 8 1 922.637438157
2 2 16 0 955.570896771
2 1 32 0 703.706856786
4 1 16 1 993.449475025
4 2 32 0 1262.49576343
16 1 8 0 1941.40549921
16 1 16 1 1587.15982753
1 1 16 0 1494.08440559
1 2 2 1 504.580582461
2 1 4 0 862.333606975
8 1 1 1 1771.27860515
4 1 4 0 876.360153208
4 1 8 1 788.270841887
32 1 2 1 3205.14061074
2 1 1 0 1153.08156214
4 2 32 1 1298.49852
2 1 2 1 789.175632943
1 2 8 0 1881.82919736
4 2 16 0 1326.61110554
4 2 1 0 1341.52252162
2 2 1 0 940.442099021
1 2 2 0 1362.44816097
8 2 8 1 1973.93853933
1 2 32 0 979.688123575
1 1 1 1 337.68304193
8 2 4 0 2037.79715762
1 1 32 0 1078.21286181
1 1 4 0 1077.26181241
8 2 2 0 2204.7282523
8 1 2 1 950.002004311
8 1 8 0 1736.93802743
4 1 8 0 1113.44471241
8 1 2 0 1759.51659049
2 2 32 1 973.672109599
32 1 32 1 1543.90032885
4 2 4 0 1525.67546433
1 2 4 1 1357.3469317
4 1 32 0 1135.14389231
4 2 4 1 1420.37454425
4 2 2 0 1513.35234362
4 1 16 0 1226.27933126
4 1 4 1 943.282263856
1 1 8 0 1480.49592317
16 1 4 1 2148.54338564
16 1 4 0 2310.48207937
32 1 4 0 2796.20097147
8 1 4 0 1756.40032311
8 1 32 0 1450.61852385
8 2 1 0 2010.20316505
8 2 2 1 1822.0387048
16 1 16 0 2253.81006881
32 1 1 1 3163.59777743
4 2 16 1 1490.34744195
1 1 32 1 394.929915298
4 2 8 0 1380.07927966
32 1 16 0 1707.13945969
1 2 16 1 421.015518132
16 1 1 1 2446.05252126
4 1 1 1 1219.16187233
2 2 4 1 901.891682785
16 1 8 1 2133.98840811
8 2 1 1 2083.44684532
1 1 2 1 617.504419306
4 2 8 1 1477.86713128
32 1 8 0 2392.10416623
4 2 1 1 1409.59776551
16 1 32 0 1149.59807345
1 2 4 0 930.297977255
32 1 32 0 1414.71441844
1 1 16 1 391.361120189
16 1 2 0 2239.46835475
32 1 2 0 2595.04568996
16 1 2 1 1965.03926852
1 1 8 1 1326.95372725
1 1 2 0 1074.89581714
1 2 1 0 1793.13043892
8 1 32 1 1428.84242808
16 1 32 1 1482.53810811
2 2 16 1 993.725428798
32 1 4 1 2795.37903928
2 1 16 0 835.325205601
2 2 2 0 850.92627556
4 2 2 1 1544.21788911
8 1 1 0 1467.92528998
1 2 32 1 811.504004112
2 2 2 1 1097.66325539
1 2 1 1 1141.96377273
2 1 4 1 868.423201461
8 2 4 1 1711.16594123
2 2 8 0 996.865356942
8 1 4 1 1457.80687989
2 1 16 1 848.633134519
4 1 2 1 736.749609156
2 2 1 1 950.504629522
2 2 4 0 1025.58670737
32 1 1 0 2808.7020461
16 1 1 0 2385.10148164
4 1 1 0 1169.23898848
1 2 8 1 1299.26577086
8 1 16 1 1320.28683789
4 1 2 0 1200.174682
2 1 32 1 889.219530407
1 1 4 1 428.021332461
8 4 2 1 2215.16352167
32 2 8 0 1005.55008942
4 4 16 1 1619.4236883
16 4 32 0 1915.10530523
4 4 1 0 1430.01392903
16 2 4 0 2480.88339954
16 2 1 0 2388.64441767
16 2 8 0 2534.91193451
4 4 8 1 1439.66989556
4 4 8 0 1343.39427381
4 4 4 1 1483.63424509
8 2 8 0 2005.45219869
32 2 4 1 2195.70116361
1 4 16 0 843.298685827
1 4 16 1 1967.81176253
8 4 4 1 1984.53089241
16 4 4 1 3107.45744015
2 4 32 0 993.428233345
32 2 1 0 3090.06542997
1 4 8 1 1807.10832607
16 2 2 0 2014.89983824
2 4 8 0 948.939007742
16 2 1 1 2691.44080492
4 4 2 0 1504.52723098
32 2 4 0 1963.37660548
32 2 32 0 1281.79685255
1 4 2 1 250.836630618
32 2 1 1 3452.3156536
32 2 32 1 818.974518609
32 2 16 0 1176.15451136
32 2 2 0 2960.0197732
8 4 8 1 1909.74706221
4 4 32 0 1258.39157065
16 2 32 0 1636.07956849
2 4 8 1 997.126481855
4 4 16 0 1517.27770839
16 4 8 1 2601.53634248
8 4 16 1 1917.21329097
8 4 16 0 1850.82726115
16 4 16 1 1971.90387349
16 4 1 0 2645.74332785
8 4 8 0 1864.53565257
16 2 16 0 1975.57813296
8 2 16 0 1560.43528884
2 4 2 0 646.102538336
8 4 32 0 1678.43268942
16 4 8 0 2244.64583074
16 2 16 1 1855.54923561
8 2 32 1 1364.28674976
2 4 2 1 974.896255585
2 4 4 1 956.573136877
8 2 32 0 1650.22178081
8 4 32 1 1287.87867997
16 2 32 1 1260.42856515
1 4 4 0 1346.53909738
8 2 16 1 1798.78535124
16 4 2 1 2748.04960514
1 4 32 1 1888.1536689
1 4 4 1 1974.27456212
2 4 32 1 1246.24297642
32 4 2 0 3883.30291531
32 4 1 0 3142.92761877
2 4 16 1 723.807186395
8 4 4 0 2014.37890958
1 4 1 0 426.352451926
32 4 1 1 3665.90977826
16 2 8 1 2587.29741607
8 4 1 0 2063.9861805
16 4 32 1 1659.08304642
8 4 1 1 2044.4188813
1 4 32 0 1696.51525291
4 4 2 1 1504.22459685
16 4 16 0 2306.91361211
4 4 32 1 1276.7220099
16 4 2 0 2931.07911295
32 4 2 1 3779.59374876
2 4 1 1 1136.46137823
32 2 2 1 3458.12023336
2 4 16 0 1099.77633141
32 2 16 1 758.85586042
1 4 1 1 595.822493128
4 4 4 0 1486.67162254
1 4 8 0 1565.69983427
16 4 4 0 2718.82061953
16 4 1 1 2828.23011163
16 2 4 1 1816.5348433
2 4 1 0 1207.37318214
16 2 2 1 2685.16928074
8 4 2 0 1916.22428737
1 4 2 0 579.834638378
2 4 4 0 1011.81569627
4 4 1 1 1585.76981687
32 2 8 1 1837.26110552
16 8 1 0 2723.47774839
32 8 1 1 3427.88655787
16 8 32 0 1361.92934919
1 16 4 0 474.553675345
32 4 32 1 1443.14023031
2 8 16 1 1178.63672561
2 16 8 1 1195.05622243
4 8 32 1 1124.86807183
2 8 8 1 1003.9908716
1 8 2 0 1539.84151682
1 16 32 1 1775.11943007
32 4 16 1 2070.92602258
8 16 1 1 1969.62520935
8 16 32 1 1379.9956744
4 8 8 1 1407.79343167
2 16 4 0 921.49746115
4 16 16 0 1430.43771159
16 8 16 0 2248.19001101
4 16 8 0 1421.57579797
16 8 8 0 2763.44221088
32 8 32 1 1762.36525604
16 8 4 0 2385.09042793
1 16 32 0 736.454089531
32 8 8 0 2157.00301786
4 8 4 0 1527.40439437
32 4 4 0 3444.46322749
1 16 2 1 1280.42458511
32 8 2 1 2836.65692221
8 8 32 1 1443.90554676
2 16 16 1 1033.27129889
8 16 2 0 2031.060814
4 16 4 1 1075.24792599
32 8 8 1 2716.27169829
8 8 8 1 2325.95332642
4 16 32 1 1239.03714532
2 8 1 1 1122.00649678
4 8 16 0 1336.6958344
4 16 32 0 1086.51702445
1 8 32 0 1800.17872987
32 8 4 0 3039.56004494
1 8 4 1 791.693904508
2 16 32 1 925.137214096
8 8 32 0 1559.47346627
16 8 4 1 2307.00497113
2 8 16 0 958.662927193
1 16 4 1 432.841748865
32 8 16 0 2431.11167589
32 4 8 1 3509.45867483
2 8 4 0 854.873029063
4 16 2 0 989.592153537
4 16 8 1 1058.28307879
4 8 2 0 1723.06631644
8 8 4 1 1980.41777333
1 8 16 0 541.006575434
1 8 32 1 652.565524693
1 8 2 1 369.412680728
16 16 1 0 2722.03512415
32 8 4 1 3077.68218371
2 8 1 0 1055.95114811
1 8 8 1 1268.06874637
16 8 1 1 2437.42317016
1 16 1 1 937.553783854
8 16 32 0 1562.79778908
4 8 16 1 1388.3689965
8 16 2 1 1994.49528174
2 8 2 0 1161.51008702
1 16 8 0 1503.88691272
32 8 32 0 1837.78724468
4 16 4 0 879.184017798
32 4 4 1 3320.20726343
8 8 8 0 2031.845625
2 8 4 1 830.656194376
32 8 2 0 2401.5888983
1 16 8 1 1302.96419506
8 8 16 1 2043.49003903
2 16 1 0 1435.94744956
4 16 1 1 767.716701299
4 8 8 0 1348.03457321
1 8 16 1 349.173000416
1 16 1 0 775.681151103
1 16 2 0 1279.39475259
2 8 32 0 1057.69282807
8 8 2 0 2294.90017276
8 8 4 0 2003.82137045
8 16 8 1 1939.4930073
8 16 16 1 1776.80636742
2 16 32 0 538.834822248
2 8 2 1 1133.57618951
1 8 1 0 1452.683088
2 16 2 0 1223.84428783
1 16 16 0 1095.92985356
2 16 2 1 1115.93383138
1 16 16 1 1105.80535692
8 16 16 0 1801.60241721
32 4 32 0 1610.03193275
16 8 32 1 1854.09629378
4 8 32 0 1495.11944738
16 8 8 1 2790.59737545
32 4 16 0 2066.25160256
2 8 8 0 854.802346644
8 16 8 0 2066.67243758
32 4 8 0 2947.63911994
1 8 1 1 1416.95754914
2 16 8 0 943.301775829
2 16 4 1 965.424902289
8 16 1 0 1976.9501888
2 16 16 0 1154.93356862
4 8 1 0 1514.75785448
8 8 1 0 2072.19647972
4 8 1 1 1610.34208797
2 16 1 1 874.621691426
8 8 16 0 2165.62462664
1 8 4 0 859.639980733
4 8 4 1 1610.95969426
2 8 32 1 1081.29978529
16 16 2 1 2918.42563859
4 16 1 0 786.896074561
8 16 4 1 1840.01104731
1 8 8 0 390.02618563
16 8 16 1 2138.82684992
16 16 2 0 3192.67380366
32 8 16 1 1455.60378598
8 16 4 0 1869.39134823
4 16 16 1 1380.48966554
16 8 2 1 2415.36306493
16 16 1 1 2213.81579245
4 8 2 1 1578.58850099
4 16 2 1 824.033087581
8 8 2 1 1908.86679556
16 8 2 0 2670.17121981
8 8 1 1 1905.70379035
32 8 1 0 2521.76586182
32 16 32 1 1299.33068269
32 16 1 0 3303.01263392
32 16 16 1 2070.17288446
32 16 2 1 2512.96080163
32 16 4 1 2303.90971547
32 16 4 0 2295.87923955
8 32 8 0 2160.16807281
1 32 8 0 912.212704082
4 32 2 1 1600.82676111
8 32 1 1 1774.58303741
1 32 4 1 1072.01801765
32 32 4 0 3060.15403403
4 32 16 0 1504.10824294
16 16 8 1 2227.21774538
32 32 16 0 2348.24372694
8 32 4 1 1981.42172547
16 32 1 0 2632.69433053
8 32 2 1 1585.7578711
16 32 32 0 1961.87602374
2 32 1 0 928.123795989
16 32 4 0 2796.85552696
32 32 32 1 1610.36671079
16 16 8 0 2532.37484446
2 32 2 0 1020.92987093
16 32 8 1 2410.29454963
16 32 16 1 2434.22651197
1 32 1 0 1113.90081795
16 32 8 0 2538.757772
16 16 32 1 1683.34820132
32 32 8 0 2787.74835754
1 32 32 1 610.831368511
16 32 2 1 2547.58098386
4 32 16 1 1534.3385982
8 32 16 0 1810.93067485
32 32 2 1 3128.51123687
8 32 32 1 1693.53240476
32 16 8 1 170.101440099
2 32 4 0 920.623490142
4 32 1 1 1456.94726193
32 32 16 1 1877.88480406
16 32 32 1 1657.67253489
8 32 16 1 1804.70044775
2 32 32 0 1091.98981662
32 32 4 1 2556.27031767
8 32 1 0 1874.0150397
32 16 32 0 1311.11398883
2 32 1 1 912.883271713
1 32 32 0 664.906536858
1 32 16 1 616.813038934
2 32 4 1 854.646027049
32 32 1 0 3223.78844922
32 32 1 1 2679.89139291
1 32 16 0 1041.02849603
32 16 8 0 1589.40585666
16 16 32 0 1786.17530949
8 32 2 0 2014.60775794
8 32 4 0 1991.01772634
1 32 2 1 704.288517053
32 16 1 1 3620.88925883
1 32 2 0 1167.97818879
2 32 8 0 744.475110795
32 32 8 1 2740.63400444
32 16 2 0 2702.31263859
32 32 2 0 3321.56564735
16 32 1 1 2518.4370325
1 32 4 0 707.592814718
16 16 4 0 2578.60495946
4 32 4 0 1427.75396772
2 32 16 0 1052.41392754
8 32 32 0 1293.61527278
4 32 32 1 1404.72727883
16 32 16 0 1810.51297111
4 32 32 0 1366.69227027
32 32 32 0 1936.55539854
4 32 8 1 1447.75720491
4 32 2 0 1262.08956481
32 16 16 0 2215.32989468
16 16 4 1 2832.87387931
1 32 1 1 903.899540183
4 32 4 1 1342.83451505
16 16 16 0 2374.05399012
16 32 4 1 2873.93454042
16 16 16 1 2027.99540215
2 32 16 1 993.005206696
2 32 8 1 933.138598512
4 32 8 0 1780.01035626
4 32 1 0 1612.10822944
16 32 2 0 2808.84288059
2 32 2 1 810.513112578
2 32 32 1 794.024977562
1 32 8 1 1041.53316275
8 32 8 1 1955.62566983
