16 32 2 0 1508.68239101
2 32 16 1 493.57403488
16 16 32 0 1698.81804672
1 16 16 0 496.890950687
1 32 1 0 746.337810761
16 16 1 1 1937.26586202
32 8 16 1 2294.42830872
4 16 16 0 1058.15479698
32 8 2 0 2721.3547952
8 32 8 1 1418.17260108
4 16 1 0 919.946331118
2 16 8 1 446.97155698
8 32 1 0 1265.35626629
4 32 4 0 826.603586433
2 16 2 0 482.270591256
32 16 1 1 2532.70287736
8 32 2 0 1250.27071976
16 16 16 1 1516.03220904
2 32 2 0 467.977719501
8 16 8 0 1478.39321244
4 8 32 0 966.185514053
4 16 8 0 1059.15534013
4 16 2 1 715.274892285
8 32 8 0 930.341687119
16 16 4 1 1767.58097743
1 16 1 0 797.774847156
1 16 2 1 1421.14805289
1 32 1 1 671.932683687
8 8 4 0 1481.75830132
16 8 4 1 2010.11474693
16 16 8 0 1302.22741026
32 16 16 0 2311.80561842
8 16 1 1 1317.48750964
2 16 2 1 743.679532237
32 16 4 0 2359.37518947
32 16 32 0 2074.08655888
1 16 1 1 1025.06096945
32 16 8 1 2070.79179239
8 16 4 0 1477.17747191
32 16 1 0 2350.25907418
1 32 16 0 407.660241174
32 8 2 1 2478.33690238
2 32 4 0 554.775186942
2 32 1 0 549.99898429
8 8 32 1 1500.03626726
8 8 1 1 1553.79246875
16 8 2 1 2115.16939926
4 16 4 1 840.405433898
8 32 16 1 947.061126268
8 16 32 0 1416.06158142
1 16 8 0 1050.62196203
4 16 32 0 1096.0886119
4 32 2 0 1110.29118599
2 32 32 0 663.331802821
16 16 32 1 1551.54589621
8 16 2 0 1571.31165194
32 8 16 0 2326.20991059
8 32 32 0 1316.18986929
2 32 8 1 568.628049952
8 8 16 0 1395.91180803
32 16 2 0 2102.2931096
16 32 2 1 1425.42689077
8 8 1 0 1584.79621005
4 32 1 1 926.059862827
2 32 4 1 556.513096564
32 8 4 1 2577.81630558
1 16 4 1 924.389079241
32 8 1 1 2755.05015656
4 8 32 1 1103.04216734
4 16 2 0 973.145284557
8 8 16 1 1500.08970085
4 16 4 0 1417.11649659
16 16 1 0 1893.02049793
1 16 4 0 529.566870003
4 32 2 1 1107.8516126
2 16 4 1 539.217893575
8 32 2 1 1369.60316045
16 8 32 0 2011.65900375
32 16 2 1 2198.04356156
32 16 8 0 2350.72259837
8 8 2 0 1513.3664244
1 32 32 0 771.664286562
8 16 1 0 1415.78310696
16 8 1 1 1811.31668105
1 32 16 1 972.647202499
2 16 32 1 578.631778928
4 32 1 0 1165.72907039
32 8 4 0 2593.79831264
1 32 2 0 1245.31764906
32 16 4 1 1948.2723413
8 8 8 1 1613.44569646
2 32 1 1 526.815174552
32 16 16 1 2381.48487543
1 16 2 0 1087.13740795
2 16 16 1 584.406740243
16 8 2 0 2030.31191592
4 32 32 0 923.564782227
4 16 16 1 1135.9277634
16 32 1 1 1669.43107433
32 8 8 1 2283.8385497
16 32 1 0 1446.29003622
4 32 16 0 848.967562201
8 8 8 0 1442.99243106
16 8 32 1 1944.85233332
32 8 1 0 2408.66721983
2 32 16 0 565.738996515
8 8 2 1 1576.21472526
4 32 16 1 832.632261173
16 16 2 1 2167.10447434
4 32 32 1 665.268135255
8 32 4 0 1258.8517331
8 16 4 1 1415.52423258
2 32 2 1 577.779500052
16 8 16 0 2004.63442796
32 8 8 0 2862.39226731
2 16 8 0 576.119990834
4 32 8 1 716.557063454
16 8 8 1 1957.33093508
1 16 16 1 917.587364898
32 8 32 1 2294.67970528
2 16 1 1 746.68614875
8 32 1 1 1198.86599864
2 16 1 0 656.024405551
16 16 4 0 1541.76810561
1 16 8 1 1425.62893644
16 16 16 0 1496.3766173
8 16 2 1 1438.11976863
2 32 8 0 614.212552214
2 16 4 0 620.947945364
32 8 32 0 2327.40395891
2 16 16 0 554.831598893
2 16 32 0 524.50854722
1 32 4 1 1201.62426925
16 16 8 1 1444.94537294
2 32 32 1 532.605077931
4 32 4 1 917.232490979
1 16 32 1 1184.52663822
8 8 32 0 1578.77280773
8 16 8 1 1365.69122377
8 32 4 1 1400.15542376
16 8 8 0 2166.00712351
16 8 16 1 2082.15249623
16 16 2 0 1719.59634472
8 32 32 1 1455.41339899
8 16 16 1 1299.81916874
8 8 4 1 1516.85482195
16 8 1 0 1908.72600538
1 16 32 0 408.613861191
16 32 4 1 1435.99852276
8 32 16 0 1297.59850283
4 1 8 1 794.207086737
1 1 16 1 594.915643316
2 1 16 0 523.466424644
16 32 32 1 1082.72862183
2 1 4 1 594.151660582
32 1 1 0 2619.18824004
2 1 8 1 819.576760314
32 1 16 1 1966.8897574
16 1 16 0 1516.85468901
2 2 2 0 922.488538382
32 1 8 0 2380.80021506
16 1 4 1 1806.7822346
32 32 16 0 1919.5448944
1 2 2 1 1119.7861487
8 1 32 1 865.116530981
4 1 2 1 1032.32394289
16 1 4 0 1998.47804004
32 32 16 1 1526.63095408
8 1 2 1 1564.25128682
1 2 4 0 1517.65620726
4 1 16 1 1028.08483931
1 2 16 1 347.935430886
2 2 32 1 776.944237782
32 32 8 1 2222.02172889
32 32 2 1 2183.54662402
16 1 1 0 2029.67251146
2 2 4 0 988.008148738
8 1 1 0 1213.45208017
4 1 1 0 1158.96307739
1 2 16 0 1314.46097798
2 2 2 1 1131.59796553
32 1 32 1 1320.45288063
1 1 1 1 428.149489244
16 1 16 1 1742.58543328
1 1 2 1 690.172547941
8 1 1 1 1612.22012561
2 2 8 1 805.762610147
32 32 4 0 2483.12344469
32 1 32 0 1509.67250293
32 1 16 0 2135.70263701
16 1 8 1 1430.61002507
32 32 2 0 2566.66742951
4 1 2 0 1135.44993684
32 1 1 1 2525.82614111
1 1 32 1 404.485545073
1 2 8 0 1795.42537901
4 1 4 1 902.199377263
1 2 8 1 802.153974241
16 32 32 0 1070.58088798
2 1 32 1 678.394977316
2 1 8 0 726.092262275
1 2 32 0 1047.87776139
8 1 16 0 879.493718006
16 1 32 0 973.428381185
1 1 2 0 878.103604861
32 32 4 1 2412.5750106
2 1 2 1 747.385208226
1 2 32 1 344.424488927
32 1 4 0 2598.32434583
1 2 4 1 360.596778642
32 32 1 1 2117.46309792
32 32 8 0 2125.49410892
2 1 1 1 728.645438022
1 1 32 0 1127.70250573
4 1 1 1 930.652583697
32 32 32 1 1886.48178227
32 1 4 1 1821.47392265
8 1 8 1 1378.37357151
4 1 32 1 772.831604841
16 1 32 1 888.169091269
8 1 16 1 1197.66493383
1 1 1 0 259.655665946
4 1 32 0 882.288512588
2 2 16 0 1004.17194092
32 1 8 1 2458.19171705
2 2 8 0 1032.01077591
8 1 8 0 1474.46965439
2 1 16 1 935.763312253
16 32 8 1 1762.604867
16 1 2 1 2074.82849276
1 1 8 1 418.525722673
4 1 16 0 868.392792995
16 1 1 1 1966.94719886
1 2 1 0 2125.09681147
16 32 16 0 1552.53596869
8 1 4 0 1468.0389647
1 2 1 1 347.237561849
8 1 4 1 1292.35869533
1 1 4 0 390.051804485
4 1 8 0 1107.3822329
2 1 32 0 661.629021077
8 1 32 0 734.797287597
16 32 16 1 1759.36847181
32 32 1 0 2462.33111809
32 1 2 1 2669.32410035
32 32 32 0 1911.55165587
16 32 8 0 1804.19812156
1 1 8 0 899.96269112
2 1 4 0 616.002268375
2 2 1 0 1128.9777546
16 1 2 0 1721.48444448
1 1 16 0 474.181952177
2 2 1 1 975.874360063
16 1 8 0 1457.86786213
2 1 2 0 553.807848218
1 2 2 0 1815.61088431
2 2 4 1 919.263389878
2 2 16 1 865.116553285
2 1 1 0 575.288145353
8 1 2 0 1510.09686701
1 1 4 1 1017.15423405
4 1 4 0 878.774617734
32 1 2 0 2304.58035299
16 32 4 0 1800.1869254
4 4 32 1 1078.2763932
1 8 16 0 1163.76208651
16 4 16 1 2140.77829685
1 4 1 1 993.105155349
4 2 32 0 810.95796603
8 4 16 0 2003.2742201
4 4 2 0 1591.97244021
16 4 16 0 2607.02181816
1 8 32 1 1402.0357431
16 2 16 0 2049.04793348
32 4 1 1 3515.68479751
2 4 2 1 1090.20488539
32 4 32 1 1663.99237017
16 2 1 0 2138.34444971
4 2 8 0 1571.22827664
1 8 4 0 1651.51272223
4 2 4 1 1460.60709136
32 2 8 1 2267.019715
16 2 16 1 2140.80902817
16 2 4 1 2769.32265129
2 4 32 1 1044.19185981
1 4 1 0 396.466694983
32 2 1 1 2928.96678783
2 8 2 0 1061.62675277
8 2 2 1 1990.17094731
32 2 16 1 1805.76845624
1 8 8 0 473.318011503
8 4 32 0 1305.9687133
2 4 16 0 965.521403843
1 4 2 0 924.371578717
2 8 8 1 1216.93396204
1 8 8 1 1789.808342
32 2 2 1 3378.69391062
2 2 32 0 870.370057725
2 8 1 1 1143.34577242
8 4 1 1 2039.61390012
4 4 1 1 1466.50573736
1 4 32 0 1576.92308908
16 4 8 1 2042.92678527
2 4 1 1 1031.17669352
8 4 8 1 2084.54215203
2 4 16 1 1163.97479512
16 4 4 0 2444.02917792
16 2 8 1 2165.56704273
8 2 1 1 1899.17951097
2 4 32 0 949.463693411
16 2 8 0 2493.86985462
1 8 1 0 1583.21239122
8 4 16 1 2058.75538843
32 4 32 0 1568.27830617
8 2 1 0 1644.60557696
16 4 8 0 2320.08269939
8 2 16 0 1502.06282916
1 4 8 1 825.075539299
4 2 16 0 1427.69287879
16 4 1 0 2206.72871968
2 8 4 1 1181.37616192
4 4 32 0 920.22772822
4 4 4 0 1620.90008192
2 4 4 1 1063.96887376
2 4 1 0 1212.17698483
32 4 4 0 3021.37764072
8 2 16 1 1650.58194319
32 4 8 0 3067.19105108
8 2 4 0 2023.94900976
4 2 1 1 1350.86924916
4 2 16 1 1474.39534181
8 4 1 0 1983.01686865
1 8 1 1 1829.5385359
16 4 32 1 1517.35868471
2 8 1 0 1265.23129528
32 2 8 0 2593.18721052
1 4 8 0 920.007889761
8 2 8 0 1689.64887739
2 4 4 0 1097.95445772
32 2 4 0 2863.69843074
32 2 32 1 1344.79744459
1 4 2 1 1207.59170274
1 4 4 0 369.062583416
1 8 32 0 434.057972348
4 4 1 0 1349.65605183
32 4 2 0 3402.95019175
16 2 32 0 1710.07645064
8 4 2 0 2198.90451497
32 2 2 0 3462.18817933
8 4 32 1 1493.1437578
32 4 2 1 3290.81446617
16 2 2 1 2256.21441944
32 4 4 1 3135.458164
32 2 32 0 1217.27927512
1 4 16 1 1033.73866102
8 2 8 1 1764.27007153
32 4 1 0 3074.21600469
4 4 8 0 1390.38628619
4 2 2 0 1377.81489649
2 4 2 0 1408.12587824
4 2 32 1 962.932430641
8 2 4 1 1952.44537374
4 4 8 1 1682.61808075
4 2 1 0 1435.75616701
4 2 4 0 1530.36550519
1 4 32 1 401.87251012
8 4 4 1 1890.91210631
16 4 2 1 2431.88154736
16 2 4 0 2752.41242096
1 8 2 0 1307.51914955
4 4 16 1 1379.60714791
32 2 16 0 1766.16162479
32 2 4 1 2995.87591138
2 4 8 0 869.187005798
4 4 16 0 1194.48598869
2 4 8 1 1196.47249317
4 4 2 1 1724.95516687
16 4 32 0 1771.91792485
2 8 2 1 1276.11405139
4 4 4 1 1494.83437061
1 4 4 1 1463.60892776
8 2 32 1 1402.06828053
32 2 1 0 3568.00527352
16 4 2 0 2653.71708526
32 4 16 1 2457.40096059
16 2 1 1 2296.77647688
4 2 8 1 1523.99782899
4 2 2 1 1440.75730568
8 4 8 0 2029.08955877
16 2 32 1 1285.3916873
32 4 8 1 3038.54437694
1 4 16 0 1097.44241732
1 8 16 1 1440.5733116
1 8 2 1 367.302642377
8 2 32 0 1301.79001602
16 4 4 1 2352.82103698
8 2 2 0 1789.5286426
8 4 4 0 1643.01802507
16 4 1 1 2580.59444683
16 2 2 0 2576.98391051
1 8 4 1 1156.98702858
2 8 4 0 1142.55042355
8 4 2 1 1858.28629131
32 4 16 0 2505.36876835
32 16 2 0 3189.28334254
2 32 4 1 1105.25017409
32 8 8 0 2896.19289466
32 8 1 1 3107.75226918
2 8 32 1 933.21355921
8 8 16 1 2254.52322835
2 16 2 1 1095.06076183
8 8 4 1 2035.37854585
4 8 8 0 1648.89363757
32 16 16 0 2329.87230816
16 16 2 0 2451.31568157
16 8 4 0 2375.23745417
2 32 1 0 1193.64861685
1 16 4 0 972.999138024
2 32 2 1 1103.01099547
4 16 32 1 1330.77534038
16 16 32 1 1197.10287686
8 8 32 0 2001.00869742
8 16 32 0 1067.17509075
32 16 8 1 3027.1770252
16 16 16 0 2433.75492607
4 8 1 1 1607.28947823
1 16 2 0 1282.18649889
1 16 1 1 1286.66160535
4 8 2 1 1540.94358259
4 8 32 1 1402.7835479
8 16 2 0 2348.52632203
8 16 8 1 1974.84915053
16 16 32 0 1561.10397762
4 8 1 0 1475.41896126
4 8 32 0 1355.70426994
4 8 16 1 1263.61873203
1 16 4 1 374.82152927
32 16 1 1 3235.11681803
1 32 32 0 353.551709981
4 8 4 0 1404.66280519
4 16 32 0 1222.4617447
8 8 1 0 2025.05400665
32 8 4 1 3185.60595905
8 8 2 1 2166.50481144
8 8 4 0 1888.05579764
16 8 2 0 2514.89322248
1 32 8 1 1444.75113346
32 8 32 1 1406.33993758
1 16 16 0 1539.58719499
32 16 4 1 2666.05723811
2 32 16 0 1279.65980999
16 8 1 1 2770.19510294
32 16 1 0 2959.78713454
4 32 1 0 1548.38314248
1 32 2 1 1084.75327069
8 8 2 0 2073.15450249
1 16 16 1 337.211654989
16 16 8 0 2565.26640882
2 16 4 0 1295.78306779
4 8 2 0 1559.01712009
4 16 16 1 1309.40211032
32 16 2 1 2884.99717198
8 8 1 1 1855.90963449
16 8 2 1 2575.75277276
2 8 16 1 1038.66728019
1 32 2 0 1847.71448912
32 8 16 1 2448.19353174
4 32 1 1 1534.52878428
1 16 32 1 1378.67990639
16 8 8 1 2062.60029041
16 8 32 0 1682.90889155
16 8 1 0 2615.80956485
16 16 4 1 2120.04143749
1 32 16 0 655.385872321
16 8 16 0 1909.69958637
2 16 32 0 725.270206554
1 32 1 0 1387.64542929
4 16 2 0 1555.28513449
1 32 1 1 406.683259802
2 16 2 0 976.665218055
2 32 8 1 1078.17559744
4 8 16 0 1504.27715621
16 8 8 0 2354.53974888
2 16 1 1 1181.82831486
1 32 8 0 363.005183883
4 8 8 1 1424.16931787
2 32 4 0 860.939758206
2 32 2 0 1166.4993603
1 16 32 0 304.851909533
32 16 8 0 2470.08769931
16 16 2 1 2568.17072637
8 16 4 0 1899.72702431
1 16 2 1 1084.69008884
8 8 32 1 1602.83473031
2 8 16 0 1091.80746888
2 32 32 0 1163.1890122
2 16 8 0 1228.02195278
32 16 16 1 2441.54011608
8 16 8 0 1714.18704485
2 16 32 1 1265.03847086
1 16 1 0 386.086640643
2 8 8 0 1352.5965772
2 32 8 0 1181.58111202
32 8 4 0 2768.66903862
32 8 2 1 3201.39977135
8 8 8 1 1947.51943019
32 16 32 0 1931.44168151
32 8 1 0 3923.51113042
2 16 1 0 1029.14976946
16 8 4 1 2774.18092907
2 16 4 1 1128.80357158
8 16 16 1 1979.0288793
8 16 4 1 2257.69737288
4 8 4 1 1409.10412389
32 8 32 0 1521.29619696
16 8 32 1 2023.58083149
8 8 16 0 1920.23678694
16 16 8 1 2122.8723023
8 16 2 1 2015.25491501
16 16 16 1 2306.40692298
2 16 16 0 1040.72575895
2 32 16 1 1173.54324692
1 32 16 1 1822.82865364
4 16 1 1 1747.8646488
4 16 16 0 1231.06423319
8 16 1 0 2149.1204447
4 16 4 0 1510.67071522
4 16 4 1 1531.67129989
2 32 32 1 900.231995307
8 16 1 1 1961.93500816
1 16 8 0 1140.96429007
1 32 4 1 404.350131971
2 16 8 1 1153.75079636
32 16 4 0 2980.80596299
16 16 1 0 2701.36127434
2 32 1 1 1155.18548667
4 16 1 0 1171.3211578
32 8 2 0 3331.18087991
16 16 4 0 2556.21396019
2 16 16 1 1271.47019449
8 16 16 0 1750.97819523
4 16 2 1 1543.55965141
4 16 8 1 1430.46488477
16 8 16 1 2272.38888945
32 16 32 1 1765.74887274
32 8 8 1 2730.94518331
1 16 8 1 938.033176572
8 8 8 0 1730.34743961
16 16 1 1 2476.8034539
8 16 32 1 1865.15901754
2 8 32 0 1174.50401389
1 32 4 0 1116.82384961
1 32 32 1 1239.70086146
4 32 2 1 1366.6671542
32 8 16 0 2315.17312167
4 16 8 0 1672.97126569
32 1 8 0 1790.1852364
8 1 8 0 1504.92612045
8 32 8 0 1462.63927786
16 1 32 1 2384.36787751
2 1 1 1 1045.22860186
32 1 4 0 1705.46855432
8 2 2 1 1479.16049123
32 32 4 0 3293.3006842
4 2 32 0 1303.2182877
8 1 32 1 1936.38910978
4 2 4 1 917.03251287
1 1 16 1 506.222991284
4 2 32 1 1059.06165125
16 1 8 1 2556.28945987
8 2 1 0 1483.50805714
4 32 16 0 1428.43835568
8 1 2 1 2153.17402147
4 32 8 0 1439.15906915
16 32 2 1 2465.58369298
1 2 2 0 183.313060372
4 32 32 1 1492.64061808
16 1 32 0 2393.01126837
2 2 1 0 752.870759571
32 32 16 1 2070.7069982
2 2 4 0 785.553722349
16 1 4 1 1894.21313954
32 1 1 1 2391.96778727
4 32 4 0 1473.29582163
16 32 16 1 2363.53129412
16 32 32 0 1642.9075566
32 32 32 0 1734.69896138
2 2 16 0 259.288961173
4 1 8 0 1438.91747565
16 32 32 1 1486.71587446
2 1 8 1 864.844774405
4 1 2 1 1071.94141729
4 1 16 1 927.787472393
32 1 2 0 2928.46156177
8 32 32 1 1601.96192822
32 32 2 1 3017.72551239
4 2 2 1 1285.95160869
32 32 16 0 2222.40237333
2 1 16 1 737.504033836
32 32 1 1 3200.37515784
4 1 1 1 1235.19448096
8 32 16 0 1883.6610315
4 32 2 0 1457.29221781
2 1 8 0 463.064755313
16 1 16 1 1887.45863297
16 32 1 0 2577.51743383
8 1 32 0 1792.23122454
2 1 16 0 1047.15232468
8 32 32 0 1896.53754641
32 32 4 1 2856.78978061
2 1 32 1 773.413418329
8 32 8 1 1764.09647161
1 2 32 0 1087.7575855
4 2 8 0 1100.48106465
1 2 2 1 366.56511565
4 2 8 1 1076.50414455
1 2 4 0 1144.45780459
16 1 2 0 1867.08665181
1 2 32 1 728.437126153
4 1 2 0 1598.43689235
2 2 8 0 812.467866303
2 2 32 1 222.331732484
1 2 4 1 911.085704105
4 2 16 1 1211.45812182
2 2 8 1 985.780474834
8 1 2 0 1417.30515389
8 1 1 1 1748.50045336
16 1 4 0 2552.79999981
16 32 8 0 2402.87575919
4 1 16 0 1246.00572675
2 1 4 0 889.369652353
1 1 2 0 1008.63286151
8 2 1 1 1328.13378741
1 1 4 1 1175.03718538
32 32 32 1 1259.8298439
2 2 32 0 331.98149513
2 1 4 1 1229.91275133
8 1 4 1 1788.36553097
1 2 8 0 168.209369732
8 1 8 1 1895.41899796
32 32 1 0 3067.22581729
32 1 32 1 1224.09929954
1 2 1 1 173.175504417
32 1 1 0 2530.44811349
16 1 1 0 2181.05741925
16 32 8 1 2459.38918943
16 32 16 0 2329.12533805
8 2 2 0 1436.48733879
2 2 2 1 251.438546749
16 32 2 0 2721.59673646
32 1 16 1 1771.80919929
2 2 4 1 1016.74928774
4 2 2 0 1007.69692178
4 32 8 1 1509.84178514
32 32 2 0 3348.34480517
4 1 4 1 1388.31852288
8 32 2 1 2098.87757504
1 2 16 1 855.647064725
32 1 16 0 1929.67076312
16 1 2 1 2551.45500284
1 1 16 0 212.826831591
4 2 4 0 1098.99472658
2 1 1 0 862.932503669
4 2 16 0 937.258819468
2 2 2 0 561.186030147
1 1 2 1 307.425469437
8 32 2 0 2047.4616678
8 32 4 1 1988.18916309
16 32 4 1 2387.0150126
4 1 4 0 1330.79403933
8 32 1 1 2024.3648788
1 1 4 0 982.251087112
1 2 8 1 443.232421639
32 1 32 0 1331.19391365
1 1 8 1 158.445248274
2 2 16 1 351.420260737
1 1 1 1 359.104092326
32 1 2 1 3097.81020442
16 1 16 0 2183.44003148
4 1 8 1 1099.60170008
2 1 2 0 1076.42156047
32 1 4 1 2040.23765588
4 1 1 0 1197.98997552
1 1 32 1 209.524058232
1 1 8 0 266.244896754
4 1 32 1 1261.59974902
1 1 32 0 284.746706237
2 1 2 1 699.806771636
8 2 4 1 1748.29166688
8 1 16 1 1928.224399
4 32 32 0 1354.280412
16 1 1 1 2179.0704436
4 2 1 0 1055.06406885
4 2 1 1 1189.98288401
32 32 8 1 2751.08329272
1 1 1 0 515.813521202
8 1 4 0 2063.84403655
16 1 8 0 2347.79216469
8 32 1 0 2057.36379613
4 1 32 0 1193.18554844
4 32 4 1 1467.51195786
8 1 16 0 1712.00717547
2 1 32 0 932.810825209
4 32 16 1 1541.51171472
8 32 4 0 2114.6212816
1 2 1 0 933.9651292
8 1 1 0 1643.89524627
16 32 4 0 2428.48203504
2 2 1 1 957.613936836
32 1 8 1 2144.55018947
32 32 8 0 2446.18622693
8 32 16 1 1945.02230338
16 32 1 1 2275.73954531
16 2 4 1 1749.302884
1 4 2 0 902.690148678
4 8 1 1 1047.15630497
16 2 1 0 1897.19881852
4 8 8 0 1003.76146327
1 8 16 1 1024.44715348
16 4 8 0 2005.37238106
8 4 8 0 1554.48096305
32 4 2 1 2424.76288543
8 4 16 1 1522.25469116
4 4 32 1 1176.11474553
2 8 16 1 717.920525232
2 4 16 0 492.156677515
16 2 16 0 2098.99563553
1 4 2 1 235.252111295
1 8 8 1 710.392229806
16 2 4 0 1995.35946664
1 4 8 1 236.329394393
32 4 32 0 1790.63297754
4 4 1 1 1133.80371522
4 4 32 0 1017.07818486
32 2 2 1 2763.30757154
16 2 32 0 1762.18034095
4 4 4 0 1023.18159978
2 4 1 1 719.2661876
1 4 8 0 488.498568791
32 2 32 0 2222.94031665
4 4 8 0 1208.7097967
2 8 32 0 904.945895095
2 8 2 0 745.499861194
8 2 16 1 1539.45641087
