1 4 7 0 991.293003559
8 4 0 1 1870.86665425
4 2 2 1 1807.98405367
8 2 0 0 2046.45927992
2 4 2 1 1839.6848222
2 2 6 0 1275.07022963
2 4 2 0 1720.56565984
4 2 4 0 1927.77605967
2 2 6 1 1352.57496427
8 2 0 0 1980.94373341
1 4 7 1 1101.10723204
2 2 6 1 1431.37051648
8 1 0 0 1609.65782356
4 4 2 0 2250.11616479
8 4 0 1 2192.64630208
8 4 0 1 2288.09725427
4 2 4 1 1861.06116968
8 2 0 0 1933.46262219
8 4 0 1 2135.82143096
8 2 0 0 2011.93442881
8 2 0 1 1905.87362974
8 1 0 1 1655.61099854
2 4 6 1 1465.22798066
8 1 0 0 1772.74555095
8 2 0 1 2000.83680825
8 1 0 1 1640.91019702
8 1 0 1 1870.12724406
4 2 1 0 1866.1011269
4 4 4 1 1712.9394622
8 1 0 0 1862.72111915
8 1 0 1 1536.68113753
8 2 0 0 1766.30147602
8 2 0 0 1855.32219917
1 2 7 0 967.91878145
2 2 4 1 1695.27299501
4 2 4 1 1669.38812437
8 1 0 1 1572.89918278
1 4 7 1 1799.11393917
8 2 0 1 1858.62094568
2 4 6 1 1798.13183408
1 2 7 0 1623.95902666
8 4 0 0 2219.13545215
2 4 6 0 1985.64354352
8 1 0 1 1482.71619526
8 1 0 0 1656.9334068
8 2 0 1 1862.70843332
8 2 0 0 1836.84227509
8 2 0 0 1841.31410212
8 4 0 0 2312.09254502
8 2 0 1 1908.69580974
8 2 0 0 1978.09247665
2 4 1 1 1695.83523071
8 2 0 1 1885.41545396
4 2 4 0 1566.1240421
8 1 0 0 1800.52528879
1 4 2 0 1921.26362771
2 2 1 1 1587.66190652
8 1 0 1 1678.80846752
2 2 2 1 1602.92368568
8 2 0 1 2022.08214295
8 4 0 1 2132.3625844
8 4 0 0 2141.16917403
1 2 7 1 1223.11409842
1 2 7 1 1586.46690986
8 4 0 0 1908.05248532
8 2 0 1 2008.77793565
4 4 1 0 1855.44738893
4 2 4 0 1514.72240722
4 4 1 1 2284.43756831
8 1 0 1 1834.84740317
4 4 4 0 2191.38135253
1 2 1 1 1462.63604376
8 2 0 1 2002.86613754
1 4 1 1 1919.44754744
8 1 0 0 1580.05947452
8 2 0 1 2013.39018933
8 1 0 1 1701.17503502
4 4 4 0 1613.20032271
1 2 2 0 1929.65351013
8 2 0 1 1775.57599391
1 2 7 0 813.426261516
4 4 2 1 2363.45783746
2 2 6 0 1603.74773635
8 2 0 0 1846.00569008
8 2 0 0 1842.6659712
4 4 4 1 1689.48542799
8 1 0 1 1529.53491244
8 1 0 1 1554.00558272
8 2 0 0 2182.84297592
1 2 2 1 1448.63835518
2 2 2 0 1631.33676462
2 4 6 0 1571.47472642
1 4 2 1 1717.15171488
8 1 0 0 1388.21923951
2 2 4 0 1880.56820526
4 4 4 1 2255.23574698
8 1 0 1 1544.66790895
8 2 0 1 2090.50661633
4 4 4 1 1913.75140521
8 1 0 0 1815.65029055
1 4 7 0 1744.1318736
2 2 6 1 1084.6579285
8 1 0 1 1861.66762298
8 2 0 0 1755.51936902
8 1 0 0 1613.20790623
8 4 0 0 2206.15396529
1 2 1 0 937.092617347
8 1 0 0 1557.73585528
8 1 0 0 1697.4976801
1 2 4 0 907.911899269
1 2 7 1 1116.90875242
1 2 4 1 1596.0821479
1 4 4 0 1198.79061603
8 1 0 0 1956.92556004
2 4 4 1 1503.2659809
8 4 0 0 2194.02307544
8 1 0 0 1515.2258464
2 2 1 0 1969.64189858
8 1 0 0 1777.96580482
8 1 0 0 1748.56759507
8 4 0 1 2042.00014332
8 2 0 0 2189.76639392
8 4 0 0 1885.76656967
1 4 4 1 1626.60965913
8 4 0 1 2197.67931687
8 4 0 1 2028.41400096
4 2 1 1 2180.01646589
4 2 4 0 2253.19627787
2 4 6 0 1607.0584831
4 2 2 0 2169.9598914
8 2 0 1 1852.34122445
8 2 0 0 1948.29321554
2 4 1 0 1860.3984444
8 4 0 0 1816.00539004
8 2 0 1 1927.93862756
8 2 0 1 2129.8042898
4 2 4 1 1444.77073874
4 4 4 0 2184.64177041
8 1 0 1 1536.5527548
2 4 6 1 1955.79566196
8 2 0 0 1936.50069087
8 1 0 1 1768.96185044
8 2 0 1 1650.44973941
1 4 7 1 1807.64518372
8 4 0 1 2242.91959304
1 4 7 0 1479.80751381
1 4 1 0 1123.39665487
8 2 0 1 2025.3389562
8 1 0 1 1395.39852687
8 8 0 0 2394.86314261
2 8 1 0 2186.30351632
8 8 0 0 2266.36637941
8 4 0 0 1940.25924424
8 8 0 0 2396.22255498
8 4 0 1 1887.60141545
4 8 2 1 2400.30217971
8 16 0 0 2390.88591317
1 8 7 1 1460.02423333
8 16 0 1 2342.30541284
8 16 0 1 2470.96323696
4 8 2 0 2146.87594822
4 16 4 0 2527.91988965
8 16 0 1 2334.70829031
8 8 0 1 2276.67106229
8 16 0 0 2420.41119444
8 8 0 0 2370.84320869
8 8 0 0 2241.9193419
8 8 0 1 2149.10959486
1 16 2 1 1796.03087308
2 16 6 1 1863.00751986
8 8 0 1 2200.38810975
1 16 7 1 1686.38615243
8 4 0 0 2254.81465238
2 8 4 1 2027.44179027
8 16 0 0 2392.55585993
2 8 2 0 2015.57222489
8 4 0 0 2223.43263232
4 16 4 0 2561.52935396
1 8 7 1 909.370248406
1 32 1 0 1305.56352939
1 16 1 1 1983.22823418
8 16 0 1 2323.35472379
8 8 0 0 2276.31895938
1 8 1 1 1597.53926731
8 4 0 1 2124.75670081
4 8 4 1 2207.41228388
8 8 0 0 2350.68483877
2 8 6 0 1615.53367408
8 16 0 0 2430.09754326
8 8 0 0 2176.06193303
1 16 4 1 1097.10723604
2 16 2 0 1650.12606969
2 16 1 0 1717.01484238
8 16 0 1 2232.26382302
1 16 2 0 1064.15675511
1 16 4 0 1827.42704594
8 16 0 0 2423.44729038
4 16 4 1 2063.33375389
1 8 2 1 995.220097019
8 4 0 0 2139.06448668
2 16 6 0 1652.88975385
4 8 4 1 2395.2515408
8 16 0 0 2388.12322622
2 8 6 1 1798.77300252
8 16 0 1 2398.23897237
2 16 4 0 2695.16259746
8 8 0 1 2282.14368411
4 8 1 1 2386.88553128
8 16 0 0 2275.19270045
8 8 0 0 2248.67336555
8 4 0 1 2104.48187802
8 8 0 0 2276.37673181
2 16 6 1 2168.85138896
4 16 4 1 2332.1919851
8 16 0 1 2391.54347329
8 4 0 0 2103.48720983
8 16 0 0 2321.15831973
1 16 7 0 1638.13207186
8 8 0 0 2344.70833735
8 16 0 0 2321.73909393
4 16 4 0 2530.98281623
2 8 6 0 645.674260579
8 4 0 1 2322.62622256
8 16 0 0 2404.63520892
1 8 7 0 895.655913056
1 8 4 1 1027.1918943
8 16 0 0 2446.55094373
8 16 0 1 2325.70121357
1 8 7 0 1894.33568344
8 16 0 0 2456.06952084
4 16 4 1 2554.11337911
4 16 4 1 2169.2198319
8 8 0 1 2113.75120089
8 8 0 1 2355.18922494
1 8 7 0 1567.80765704
8 8 0 1 2299.70804278
4 16 1 0 2251.76709399
1 8 1 0 1480.53800633
8 4 0 0 2185.85247991
4 8 4 1 1954.18817815
1 16 7 1 1535.0375699
8 16 0 1 2430.84595516
2 8 4 0 1539.10913496
4 8 4 0 2482.24611254
2 8 2 1 2166.93214894
8 16 0 1 2456.0698866
8 8 0 0 2149.55758469
4 16 1 1 2559.06734775
8 16 0 1 2351.01877443
8 16 0 1 2522.37676131
2 16 4 1 2047.70795287
2 8 6 0 1855.21299075
8 8 0 1 2201.94134765
2 16 6 0 1712.40410124
8 16 0 1 2439.72776437
8 8 0 1 2279.38903953
1 8 4 0 1644.89405553
8 4 0 0 2104.66609234
4 8 4 0 2026.77628239
4 8 1 0 2528.06937576
8 8 0 1 2346.48740462
1 16 7 0 1915.35308628
8 16 0 0 2479.02577139
8 16 0 1 2430.76300161
8 8 0 1 2345.63147046
1 32 1 1 960.115567629
8 8 0 1 2066.93506687
2 16 1 1 2132.76460886
8 16 0 0 2438.96786533
4 8 4 0 2273.74929016
1 8 7 1 1542.1532433
8 4 0 1 2087.75569651
8 8 0 1 2179.70152754
8 8 0 0 2380.82188835
1 16 1 0 1523.56476489
2 16 6 0 1487.02442037
4 8 4 1 2241.24831696
2 8 6 1 1443.49465643
8 16 0 0 2222.34731198
8 4 0 0 2257.59439939
8 8 0 1 2190.82116479
8 8 0 0 2249.92595386
2 16 2 1 2629.27094723
8 16 0 1 2399.46448311
8 8 0 0 2306.7469273
8 16 0 0 2468.75790848
8 16 0 0 2429.51365848
8 8 0 0 2259.66840496
2 16 6 1 2041.36968071
8 16 0 1 2478.7655506
4 8 4 0 2430.5416909
8 4 0 1 2209.47254246
8 16 0 1 2369.00359279
8 4 0 1 2067.17416534
8 8 0 1 2330.34812405
1 16 7 0 1850.24339912
8 8 0 0 2215.27437943
4 16 2 0 2551.82526061
8 16 0 0 2332.08600201
1 16 7 1 1709.01861781
8 8 0 0 2417.79071162
2 8 1 1 2068.66767548
8 4 0 0 2236.84536761
8 16 0 1 2033.84209313
8 8 0 1 2420.1054527
8 8 0 1 2403.79433855
4 16 4 0 2567.4972387
8 4 0 1 1869.37070013
8 8 0 1 2350.0409797
4 16 2 1 2184.28738884
1 8 2 0 2034.87224121
2 8 6 1 1889.70267
8 1 0 0 1741.90504284
8 32 0 0 2476.09075917
8 32 0 0 2412.80462556
8 32 0 1 2343.93090798
8 32 0 1 2356.37996333
4 32 4 1 1782.83154174
4 1 4 0 861.712398885
8 32 0 0 2407.59388727
4 1 4 1 1413.70500966
8 32 0 0 2411.33847238
8 1 0 1 1686.0786897
2 2 6 0 1874.39275959
8 1 0 0 1776.34615027
2 32 4 1 1979.16124263
8 32 0 0 2433.12052144
4 32 2 0 2511.74896334
8 32 0 0 2468.40981041
2 32 6 0 1781.09224327
1 1 1 1 772.793546297
1 1 7 1 748.764328439
8 32 0 1 2495.02796045
2 32 2 0 2458.85468055
