1 32 2 1 1545.07186723
8 32 0 0 1909.81465293
1 16 7 1 1904.27547046
2 32 1 0 3020.56666114
2 32 4 0 1906.68301774
8 16 0 0 2354.71348029
4 16 4 0 2426.19965846
1 32 1 0 1701.40612391
1 16 1 1 975.492130576
8 16 0 1 2404.83320692
8 8 0 0 2246.86033409
2 32 6 0 2064.13957528
8 32 0 1 2437.55270398
8 8 0 0 2059.63492785
8 32 0 0 2500.98310108
8 16 0 0 1772.74647701
8 8 0 0 2102.04737587
1 16 4 1 1322.40812678
8 32 0 1 2292.27669756
2 16 2 0 2606.60086353
2 16 1 0 3222.48712196
8 16 0 1 2425.68848883
1 16 2 0 1866.69264907
1 16 4 0 2047.91924351
8 16 0 0 2445.47602469
4 16 4 1 1764.57788923
4 32 1 1 2509.63779404
2 16 6 0 1597.44464118
8 16 0 0 2420.3762137
8 16 0 1 2407.07015081
8 32 0 1 2448.20299169
2 16 4 0 1765.000049
8 8 0 1 2157.29009754
8 16 0 0 1909.82967813
8 8 0 0 2205.73201255
8 8 0 0 2253.65500905
2 16 6 1 2382.73098884
4 16 4 1 2483.92063838
8 16 0 1 2339.87880579
1 32 4 1 1772.83008154
8 16 0 0 2456.75354861
1 16 7 0 1810.81685782
1 32 7 1 1697.65530756
8 16 0 0 2332.49498272
4 16 4 0 2289.05935366
4 32 4 1 2495.82986197
4 32 4 1 2571.48055904
8 16 0 0 2404.29388883
8 16 0 0 2412.2597084
8 16 0 1 2510.11058618
8 32 0 0 1735.41125191
8 16 0 0 2392.16179157
4 16 4 1 2543.55167445
4 16 4 1 2361.02649583
8 32 0 0 2327.1426371
8 8 0 1 1931.79836937
2 32 6 1 2254.21667572
2 32 6 1 2114.26793707
8 32 0 1 2221.47742212
8 32 0 0 2532.92064835
8 8 0 1 2154.02301984
4 16 1 0 2439.64018336
1 32 7 0 1035.98827392
1 16 7 1 975.546026405
8 32 0 1 2496.40330127
8 16 0 1 2180.37270856
8 16 0 1 2410.45136495
8 8 0 0 2320.53188343
4 16 1 1 2579.28219204
8 16 0 1 2327.95654726
8 16 0 1 2232.41050069
2 16 4 1 2030.50280953
8 8 0 1 2039.30430742
2 16 6 0 1839.24754851
8 32 0 1 2287.6035936
4 32 4 1 2288.88999808
8 16 0 1 2267.49664646
8 8 0 1 2228.95570439
8 32 0 0 2405.48162869
8 8 0 1 2277.93501592
1 16 7 0 1059.32157966
8 16 0 0 2472.5037801
8 16 0 1 2078.4489777
1 32 4 0 1017.86400178
1 32 7 1 1753.56840968
8 8 0 1 2301.98213798
8 32 0 1 2221.55583885
1 32 1 1 2013.49353471
8 8 0 1 2276.9040894
2 16 1 1 1844.71804937
8 16 0 0 2437.15068334
8 8 0 1 1966.39105853
8 32 0 1 2535.45858816
8 8 0 0 2316.97216881
8 32 0 1 2436.37140553
1 16 1 0 1529.27142427
2 16 6 0 1512.25805275
4 32 4 0 2625.35793796
8 16 0 0 2237.97806614
8 32 0 1 2403.2735214
2 32 1 1 1568.46923758
8 8 0 1 2315.91985751
8 8 0 0 1960.18615058
2 16 2 1 1860.96946491
8 16 0 1 2471.29979847
8 8 0 0 2306.22608302
2 32 2 1 1809.63079705
8 16 0 0 2366.80273551
1 32 7 1 1779.92800369
8 16 0 0 2209.17558576
8 8 0 0 2319.18348874
2 16 6 1 2204.55743223
8 32 0 1 2351.23248325
8 16 0 1 2426.02300671
1 32 2 0 1929.03311576
4 32 4 0 2503.20308479
4 32 1 0 2386.74769505
8 16 0 1 2288.53213698
2 32 6 1 2215.56917435
1 32 7 0 1596.29640195
1 32 7 0 1718.0279481
4 32 2 1 2358.85990169
8 32 0 0 2215.18282624
8 8 0 1 2215.03692807
1 16 7 0 1304.32942834
8 8 0 0 2092.41421371
4 16 2 0 2443.3319425
8 16 0 0 2488.25277254
1 16 7 1 1786.20456541
8 8 0 0 2197.27762484
8 16 0 1 2284.04925095
2 32 6 0 1940.45612411
8 8 0 1 1968.17659713
8 8 0 1 2029.66419234
4 16 4 0 2474.51175794
4 32 4 0 2525.0386511
8 32 0 0 2239.39204459
4 16 2 1 2430.85935494
4 32 4 0 2575.37998734
8 1 0 0 1893.70331445
8 2 0 1 2063.15674488
8 32 0 1 2447.77804353
4 1 4 0 1366.35142575
8 32 0 0 2448.61308778
4 2 4 1 2072.2889763
4 1 4 1 1751.4415718
8 2 0 0 1842.12257812
8 2 0 0 1995.93756464
8 1 0 1 1607.34625224
2 2 6 0 1666.02225992
8 1 0 0 1529.3184865
8 32 0 0 2503.22543234
4 2 2 1 2356.6525598
1 1 1 1 887.969369127
8 2 0 0 2069.1983122
1 1 7 1 1212.23459994
8 32 0 1 2500.98436779
2 2 6 0 1761.45849728
4 2 4 0 1648.23426093
2 2 6 1 1374.88997939
2 1 6 0 1106.22322937
8 2 0 0 1884.40788902
2 2 6 1 1726.93845314
8 1 0 0 1599.43188848
4 2 4 1 2034.8854874
8 32 0 0 2488.98039631
8 2 0 0 2164.31865729
8 2 0 0 1970.24221092
2 1 1 1 1131.32024697
8 2 0 1 2164.3203955
2 1 4 1 1289.41377907
8 1 0 1 1604.52608129
8 32 0 1 2459.80252845
8 1 0 0 1515.95351192
8 2 0 1 2221.56012999
8 1 0 1 1676.40218767
4 1 1 0 1510.97256711
8 1 0 1 1592.31338946
4 2 1 0 2495.27390861
8 1 0 0 1548.64128298
2 1 6 0 1161.4313746
8 1 0 1 1759.17614593
2 1 1 0 1202.35042467
8 2 0 0 1950.99723393
8 2 0 0 2212.14724826
1 2 7 0 1597.80149506
2 2 4 1 1531.34223568
4 2 4 1 1858.65926415
8 1 0 1 1616.05777788
8 2 0 1 1853.21448826
1 1 7 0 1140.84146166
1 2 7 0 1689.83467256
8 1 0 1 1611.53042179
4 1 1 1 1341.58918115
8 1 0 0 1697.21666803
8 2 0 1 2224.67255499
8 2 0 0 2067.38207561
8 2 0 0 1958.9457923
2 1 4 0 1252.54854633
8 2 0 1 1847.84130578
2 1 2 1 1200.51843424
8 2 0 0 1890.47683421
8 2 0 1 2163.08532107
4 2 4 0 2082.87017787
4 1 4 1 1593.20528873
8 1 0 0 1596.68955348
1 4 2 0 2079.92826591
4 1 4 1 1161.45405191
2 2 1 1 2006.31820722
8 1 0 1 1670.28220233
2 2 2 1 1707.05531945
8 2 0 1 1739.47393086
1 2 7 1 1161.08239991
4 1 2 0 1452.36979683
1 1 4 0 1236.76641618
1 2 7 1 1386.29785769
8 2 0 1 2186.96342324
2 1 6 1 1326.03258688
4 2 4 0 1817.84987288
1 1 2 0 1195.89834713
8 1 0 1 1626.49290925
1 2 1 1 1667.43204487
8 2 0 1 1981.87711922
8 32 0 0 2502.31638167
1 4 1 1 1125.02251457
8 1 0 0 1591.06148773
8 32 0 0 2411.61626729
8 2 0 1 2055.45911494
1 1 7 0 1009.76487148
8 1 0 1 1660.79373857
8 32 0 0 2535.14692553
1 2 2 0 1113.31472301
8 2 0 1 2045.77482057
8 1 0 0 1533.76427805
1 2 7 0 1029.60133898
8 32 0 1 2447.72406716
2 2 6 0 1848.95954265
8 2 0 0 2117.8832398
4 1 4 1 1394.2038318
8 2 0 0 2107.52312266
8 1 0 1 1711.08263083
8 1 0 1 1569.90740859
8 2 0 0 1992.96464966
1 2 2 1 1842.88926478
2 2 2 0 2047.25484897
1 4 2 1 1697.96000088
8 1 0 0 1656.14523776
8 32 0 1 2256.0484112
2 2 4 0 2111.159354
8 1 0 1 1651.8069705
8 2 0 1 1809.23396535
8 1 0 0 1714.23688401
2 2 6 1 1747.65961543
8 1 0 1 1541.42468488
8 2 0 0 2125.7558472
8 1 0 0 1702.92883042
1 2 1 0 1131.14633841
8 1 0 0 1642.54924377
8 1 0 0 1601.21650314
1 2 4 0 1749.27823312
1 2 7 1 1601.01296491
1 1 4 1 1386.85431202
1 2 4 1 1685.97775176
1 4 4 0 2002.40136954
8 1 0 0 1587.84847057
8 1 0 0 1640.06396986
2 2 1 0 1509.26120578
8 1 0 0 1614.34667
8 32 0 1 2467.50972592
1 1 7 0 1213.13234127
8 1 0 0 1571.84874591
1 1 7 1 1351.42582995
8 2 0 0 2188.37126153
2 1 2 0 1396.3674197
1 4 4 1 1233.54103237
4 1 4 0 1376.15013819
4 2 1 1 2518.87894788
1 1 2 1 1406.07520325
2 1 6 1 1124.61245681
4 1 4 0 1761.2029548
4 2 4 0 1977.10781017
4 1 4 0 1865.42898454
4 2 2 0 2194.12916991
8 2 0 1 1865.06742254
8 2 0 0 2085.66502465
8 1 0 1 1625.44046308
2 1 6 0 1189.68071287
1 1 1 0 1301.23694884
8 2 0 1 2301.6180132
8 2 0 1 1957.19667419
4 1 2 1 1302.71516386
1 1 7 1 1297.55802917
4 2 4 1 2332.66866199
2 1 6 1 1308.2200008
8 1 0 1 1575.0295401
8 2 0 0 2164.71446821
8 1 0 1 1602.31743474
8 2 0 1 2048.05626578
1 4 1 0 1478.71166326
8 2 0 1 1860.5264526
8 1 0 1 1418.51569344
1 4 7 0 977.667783317
1 4 7 1 1047.57767821
1 4 7 1 2022.06627143
1 4 7 0 1478.69884825
