8 1 1 0 1633.47109503
1 32 4 0 1646.14296251
16 32 4 0 2723.60738014
1 32 32 1 431.062289572
4 32 2 1 1410.65492487
32 32 8 0 2887.52384109
8 32 16 1 1783.65069666
16 32 1 1 2452.12686088
32 1 8 0 2578.80446143
16 2 4 1 2108.60215587
1 4 2 0 642.598086503
16 2 1 0 1542.39328922
16 1 32 1 2189.79886634
16 2 16 0 2109.30334536
32 1 4 0 2339.63571362
8 2 2 1 1354.99462718
4 2 32 0 901.292861333
1 4 2 1 414.923894701
4 2 4 1 1158.400616
16 2 4 0 1834.70040676
1 4 8 1 822.456108548
4 2 32 1 964.889538818
8 2 1 0 1585.22806357
32 2 2 1 2161.80428549
16 2 32 0 1705.63560864
1 2 2 0 550.050964771
2 4 1 1 660.423494274
16 1 32 0 2493.15512652
1 4 8 0 758.851908092
32 2 32 0 2274.02358347
2 2 1 0 773.589243202
2 2 4 0 850.062654886
8 2 16 1 1625.64888845
32 1 1 1 2202.73440296
1 4 1 0 861.593865962
16 2 32 1 1998.13192891
32 2 32 1 2306.22156491
2 2 16 0 916.87351712
1 4 1 1 793.849893333
1 4 32 0 502.372021918
32 1 2 0 2444.44337239
32 2 16 0 2281.49851755
4 2 2 1 1110.56220492
8 2 8 0 1434.87500551
16 1 16 1 2060.45456647
16 2 8 1 1798.054756
1 2 16 0 827.856271835
8 2 32 1 1393.84915757
2 4 4 1 535.428711342
16 2 16 1 1869.57076965
1 2 32 0 286.865224298
4 2 8 0 1114.49212314
1 2 2 1 394.892654065
4 2 8 1 1046.86648959
32 2 2 0 2221.66207883
32 2 4 1 2451.47400584
1 2 4 0 967.521173889
1 2 32 1 1098.08433586
2 2 8 0 580.534038754
2 2 32 1 841.119061547
1 2 4 1 1094.51179857
4 2 16 1 1072.51512423
2 2 8 1 708.103645598
8 2 16 0 1570.65542885
8 2 1 1 1703.97629733
2 2 32 0 983.987090226
2 4 1 0 667.683833568
1 2 8 0 319.568563322
32 1 32 1 2299.58804015
1 2 1 1 764.061013038
32 1 1 0 2610.40218101
1 4 16 0 616.54527899
8 2 2 0 1431.31863542
16 2 1 1 1772.40687957
2 2 2 1 816.432054191
32 1 16 1 1853.57184323
8 2 8 1 1592.7803973
2 2 4 1 382.113143674
4 2 2 0 1189.80501457
1 2 16 1 779.851212905
32 1 16 0 2022.14597554
4 2 4 0 1336.19303924
2 4 2 0 716.515273127
4 2 16 0 1097.21117102
2 2 2 0 740.464141673
32 2 4 0 2460.77165019
32 2 8 1 2496.81409717
8 2 4 0 1310.82038947
1 2 8 1 287.072151597
32 1 32 0 2167.99277622
2 2 16 1 798.017038914
32 2 8 0 2427.13888666
2 4 4 0 706.583997367
2 4 8 0 575.7957289
8 2 32 0 1361.39876382
32 1 2 1 2236.71747229
16 1 16 0 2099.42371262
2 4 16 1 724.847365019
16 2 2 0 2078.47018365
2 4 2 1 651.121637197
32 1 4 1 2450.5736323
16 2 8 0 1564.04687107
1 4 4 0 1114.19584463
32 2 1 0 2661.43107858
32 2 16 1 2281.41068822
1 4 16 1 582.329283788
1 4 32 1 1276.27743376
8 2 4 1 1466.35347221
4 2 1 0 1016.45149154
4 2 1 1 1045.57146095
16 2 2 1 2041.5711547
2 4 8 1 702.212057153
32 2 1 1 2055.09867879
1 4 4 1 1031.498554
1 2 1 0 326.93114123
2 2 1 1 733.862264908
32 1 8 1 1943.50246758
4 16 1 1 1115.44722923
4 8 1 1 909.99368423
4 8 8 0 977.472978933
1 8 16 1 644.825008233
4 16 8 1 903.464092813
16 4 8 0 1977.64329555
8 4 8 0 753.78988497
32 4 2 1 2461.27726759
8 4 16 1 1563.07002691
4 4 32 1 1084.6898402
2 8 16 1 590.107553472
2 4 16 0 598.735873769
16 8 4 0 2021.42154164
1 8 8 1 1130.45721597
1 16 16 0 740.295132357
32 4 32 0 2284.99054289
4 4 1 1 831.691540586
32 8 16 1 2106.8964628
4 4 32 0 1109.64564231
4 4 4 0 1010.91459099
32 8 2 0 2475.19428469
4 16 1 0 989.166284055
2 16 8 1 218.674636825
4 4 8 0 1148.39049616
2 16 2 0 219.694183915
2 8 32 0 625.539121628
2 8 2 0 219.445784161
4 8 32 0 1032.51938352
4 16 8 0 1026.05482712
4 16 2 1 1081.52665842
4 4 2 1 982.818192299
1 16 1 0 1027.16238793
2 8 32 1 792.979589674
1 16 2 1 1023.21227008
8 4 32 1 1171.37465926
8 8 4 0 1489.85700412
4 8 1 0 975.11645509
8 4 8 1 1571.1873526
16 8 4 1 2059.69777691
32 4 4 0 2688.06680728
2 16 2 1 218.18037236
1 8 2 0 913.175727459
1 16 1 1 865.10791064
32 8 2 1 2560.62199682
2 4 32 1 729.010506269
8 8 32 1 1359.29809751
4 4 1 0 1265.64852308
4 8 2 0 1156.53382031
2 8 1 0 220.160680894
32 4 1 0 2103.92008968
32 4 4 1 2552.79642628
8 8 1 1 1455.80599394
16 8 2 1 1763.86687772
4 16 4 1 1134.13299296
32 4 1 1 2190.21431958
1 16 8 0 1287.66173556
1 8 4 0 816.920581592
16 4 16 0 2081.3713465
32 8 16 0 2313.89621282
8 8 16 0 1498.30901112
8 8 1 0 1428.63202058
16 4 4 0 1986.41962896
32 8 4 1 2323.27260921
1 16 4 1 1027.57589169
32 8 1 1 2709.93480123
2 8 4 0 219.573409393
4 8 32 1 1030.16914884
1 8 16 0 907.934143233
4 16 2 0 1214.30194289
8 8 16 1 1519.07018914
4 16 4 0 1093.14225402
1 8 4 1 718.730275418
4 4 2 0 965.557093179
1 16 4 0 1202.69702132
1 8 32 1 217.648365001
2 16 4 1 218.254224826
16 8 32 0 1928.0696605
16 4 16 1 1837.2954717
1 8 1 1 639.629274988
8 8 2 0 1493.63017329
8 4 16 0 1304.90717219
1 8 2 1 850.326921628
2 8 2 1 218.330855136
32 4 16 1 2379.90729511
16 8 1 1 1849.44995343
16 4 8 1 1893.43286462
1 8 32 0 219.564340781
1 8 1 0 968.147210499
2 16 32 1 741.502245457
32 8 4 0 2178.77019975
8 8 8 1 1338.24318036
8 4 2 0 1454.73720085
1 8 8 0 1243.15104268
1 16 2 0 974.16141438
4 4 8 1 980.015900263
2 16 16 1 666.326949013
16 8 2 0 1872.4444371
16 4 2 1 1784.25759636
16 4 4 1 1814.88850761
32 8 8 1 2094.45368825
32 4 16 0 2275.80759345
4 8 4 1 880.199325871
4 8 16 1 1110.26853358
8 8 8 0 1537.76314568
8 4 4 1 1167.79265999
16 8 32 1 1962.10074371
32 8 1 0 2477.27739354
8 8 2 1 1515.71436005
8 4 2 1 1612.13417239
16 4 32 0 1791.24317843
2 8 4 1 219.59164946
8 4 1 0 1738.6666408
16 8 16 0 2040.73155629
32 8 8 0 2029.6861687
2 16 8 0 217.390174855
16 8 8 1 1617.99610692
4 4 16 1 1146.82483085
4 8 8 1 1016.8551329
16 4 2 0 1797.99180309
1 16 16 1 391.703417466
32 8 32 1 1919.15422539
2 16 1 1 219.115003943
8 4 32 0 1351.43131785
2 16 1 0 219.73746475
8 4 1 1 1450.9439757
2 8 16 0 674.209466357
4 4 4 1 1017.83740762
4 4 16 0 1152.09117003
1 16 8 1 1123.40177683
32 4 32 1 1860.89775315
4 8 16 0 1026.93950529
2 8 1 1 219.598512542
2 8 8 0 219.561478602
2 16 4 0 220.345717489
32 8 32 0 2038.37942204
2 16 16 0 699.31637526
2 4 32 0 767.042557607
2 16 32 0 670.740083122
4 8 4 0 1268.46019786
32 4 8 0 2454.94058588
1 16 32 1 219.927732209
16 4 32 1 1583.057404
8 8 32 0 1448.68706785
16 8 8 0 2096.86397222
16 8 16 1 2203.42945735
16 4 1 1 1894.69888063
8 4 4 0 1363.45161465
4 8 2 1 1004.74062614
8 8 4 1 1553.20294542
16 8 1 0 1843.7317829
32 4 2 0 2636.11171887
1 16 32 0 219.382657839
16 4 1 0 2080.26918761
32 4 8 1 2386.61036908
2 8 8 1 219.215878322
4 32 8 0 1074.27955582
4 1 8 1 1267.64305468
1 1 16 1 1373.58293821
1 32 2 1 736.53356727
2 1 16 0 706.215971558
16 32 32 1 1642.53287231
4 16 32 1 1140.74814962
1 32 8 1 924.878361047
2 1 4 1 1114.08630775
1 32 4 0 454.975935256
2 1 8 1 775.308230661
8 16 16 0 1541.10407398
1 32 32 1 911.811614879
32 16 32 1 2041.55187667
8 16 32 1 1356.13394678
1 32 8 0 1139.04716201
16 32 2 0 608.931587675
2 32 16 1 756.801864749
16 16 32 0 1959.85226036
1 32 1 0 950.897244364
16 16 1 1 1690.61763723
32 32 16 0 2061.95108766
4 16 16 0 1118.00892288
8 32 8 1 1564.09829855
8 32 1 0 1598.79914687
4 32 4 0 952.166212593
4 1 2 1 1080.08940442
32 16 1 1 2354.30519567
8 32 2 0 1635.30754106
16 16 16 1 2032.42931104
2 32 2 0 636.880425929
32 32 16 1 2126.41249056
8 16 8 0 1495.99398598
8 32 8 0 1629.49696715
4 1 16 1 1287.81072588
16 16 4 1 1973.45760186
1 32 1 1 915.482801715
32 32 8 1 2174.0753082
32 32 2 1 2318.15250388
16 16 8 0 1842.75482547
32 16 16 0 1995.11226641
8 16 1 1 1661.10478608
32 16 4 0 1802.15272664
32 16 32 0 2322.39747791
32 16 8 1 2128.98862403
4 1 1 0 1293.46684991
8 16 4 0 1517.2064755
32 16 1 0 2788.54453537
1 1 1 1 791.130612587
1 32 16 0 1030.62034638
2 32 4 0 721.914134723
1 1 2 1 827.249914505
2 32 1 0 729.761837056
32 32 4 0 2276.79078821
8 32 16 1 1563.90236146
8 16 32 0 1279.09252538
4 16 32 0 1088.59513758
4 32 2 0 1095.94608564
32 32 2 0 2480.96911687
2 32 32 0 824.372607853
4 1 2 0 1262.31013517
16 16 32 1 1853.88814429
8 16 2 0 1528.06899151
1 1 32 1 1396.74910005
4 1 4 1 1368.79079185
8 32 32 0 1511.55613656
2 32 8 1 578.163236852
16 32 32 0 1811.74073952
2 1 32 1 898.837567978
32 16 2 0 2537.99342242
2 1 8 0 805.914158464
16 32 2 1 1312.06484361
4 32 1 1 1113.92998685
2 32 4 1 816.329119373
1 1 2 0 1272.79871186
16 16 1 0 1922.00652127
32 32 4 1 2370.17911236
2 1 2 1 996.331162777
4 32 2 1 1019.10389361
8 32 2 1 1466.13145537
32 16 2 1 2711.71077672
32 16 8 0 2059.84224692
32 32 1 1 2321.50183649
1 32 32 0 1253.41348375
8 16 1 0 1469.57202511
1 32 16 1 1211.44044302
32 32 8 0 2185.55285003
4 32 1 0 1059.45990839
2 1 1 1 972.000892139
1 1 32 0 1292.39902466
4 1 1 1 1417.86996558
1 32 2 0 1051.36296625
32 16 4 1 2703.04966826
32 32 32 1 2421.59054132
2 32 1 1 629.27049565
32 16 16 1 1925.32833352
1 1 1 0 619.857990416
4 32 32 0 1012.47995974
4 16 16 1 1092.21903897
16 32 1 1 1786.49132811
16 32 1 0 1972.56430516
2 1 16 1 843.652756462
16 32 8 1 1678.66185165
4 32 16 0 1023.45582569
1 1 8 1 687.159698026
16 32 16 0 2020.64060511
2 32 16 0 758.408534128
4 32 16 1 1154.68680376
16 16 2 1 2049.45404299
4 32 32 1 1075.47678991
1 1 4 0 809.307144333
4 1 8 0 1278.31603284
8 32 4 0 1514.62022751
8 16 4 1 1447.66975668
2 1 32 0 783.370280324
16 32 16 1 1650.71486223
32 32 1 0 2366.76257408
2 32 2 1 707.123665717
4 32 8 1 1052.11162743
32 32 32 0 2196.1450555
8 32 1 1 1493.09734273
16 32 8 0 1706.38169263
16 16 4 0 2065.63145663
1 1 8 0 1481.83762324
2 1 4 0 840.935132984
16 16 16 0 1969.38290881
8 16 2 1 1634.92049392
2 32 8 0 771.988921099
1 1 16 0 991.376697528
1 32 4 1 1008.61284543
16 16 8 1 1820.90124612
2 32 32 1 664.308323083
2 1 2 0 769.386051546
4 32 4 1 941.023038863
8 16 8 1 1358.20307719
8 32 4 1 1427.86477658
2 1 1 0 873.926210653
16 16 2 0 1899.37783672
8 32 32 1 1517.24326066
8 16 16 1 1289.79574904
1 1 4 1 1119.06395261
4 1 4 0 1141.73133226
16 32 4 1 1333.71394011
16 32 4 0 1990.97327096
8 32 16 0 1540.90489676
4 4 32 1 1695.61888962
1 4 1 1 1593.41529953
4 2 32 0 1544.11840212
32 1 1 0 2350.04384033
4 4 2 0 1258.92980481
32 1 16 1 1397.27799212
16 2 16 0 2119.95142793
2 4 2 1 1138.52237257
16 1 16 0 2027.47329175
2 2 2 0 994.87928839
32 1 8 0 1854.31376001
16 2 1 0 3072.27977482
4 2 8 0 1396.82157132
4 2 4 1 1444.43212233
32 2 8 1 2490.99562239
16 2 16 1 2375.404325
16 2 4 1 2467.95891997
16 1 4 1 2008.41927773
2 4 32 1 857.964518141
1 4 1 0 1331.86000239
32 2 1 1 2447.31530105
1 2 2 1 1314.14464265
8 2 2 1 2103.48269241
32 2 16 1 2035.85290534
8 1 32 1 1446.87542891
2 4 16 0 1112.40023818
1 4 2 0 1438.70910539
16 1 4 0 1794.95583912
8 1 2 1 1981.60017355
1 2 4 0 1638.79218894
32 2 2 1 3349.90442657
1 2 16 1 1190.08975423
2 2 32 0 1096.85764068
2 2 32 1 883.824244386
8 4 1 1 2083.8157537
4 4 1 1 1484.46294507
1 4 32 0 1751.19499172
2 4 1 1 1051.47661631
16 1 1 0 2453.56028476
8 4 8 1 2043.56040536
2 2 4 0 1117.11194911
8 1 1 0 1282.26145577
2 4 16 1 1064.99408337
16 2 8 1 2457.77254771
8 2 1 1 1981.48650133
2 4 32 0 875.824586798
16 2 8 0 2798.13237665
8 4 16 1 2321.52377227
8 2 1 0 2023.25943807
8 2 16 0 1642.61496579
1 4 8 1 1602.95863631
1 2 16 0 1656.05744471
2 2 2 1 917.326042748
32 1 32 1 1519.80735053
16 1 16 1 1766.02726634
4 2 16 0 1426.7465956
8 1 1 1 1749.58256782
2 2 8 1 1044.65109182
32 1 32 0 1829.61870208
4 4 32 0 1546.78602693
32 1 16 0 1905.58831268
16 1 8 1 2332.11282183
4 4 4 0 1482.97864147
2 4 4 1 1011.17445717
2 4 1 0 950.481905269
8 2 16 1 1799.49092907
32 1 1 1 2197.0252233
1 2 8 0 774.561047122
8 2 4 0 1962.455078
4 2 1 1 1279.71744781
4 2 16 1 1351.77078525
1 2 8 1 1750.47139482
8 4 1 0 1881.06380838
1 2 32 0 1073.07896981
8 1 16 0 1711.3852105
32 2 8 0 2725.87470198
1 4 8 0 1717.17999198
8 2 8 0 803.578136281
2 4 4 0 1322.2866339
16 1 32 0 1638.1711685
32 2 4 0 3279.58033458
32 2 32 1 1646.70550317
1 4 2 1 1712.13803421
1 4 4 0 1568.24416445
4 4 1 0 1612.35132867
16 2 32 0 1790.79408598
8 4 2 0 2200.77827707
1 2 32 1 1739.6184245
32 2 2 0 3100.62433127
32 1 4 0 2286.44320241
1 2 4 1 1535.33223419
16 2 2 1 2322.44763146
32 2 32 0 2052.45759573
1 4 16 1 1007.18079633
8 2 8 1 1911.78746908
32 1 4 1 2296.28095627
8 1 8 1 1732.59853921
4 4 8 0 1420.9623767
4 2 2 0 1441.59032649
4 1 32 1 1064.53795743
2 4 2 0 1079.13096871
16 1 32 1 829.783622195
8 1 16 1 1828.17164528
4 2 32 1 1255.30132247
8 2 4 1 1860.09045594
4 4 8 1 1283.64835095
4 2 1 0 1515.03759814
4 2 4 0 1100.38931897
1 4 32 1 1645.81379516
4 1 32 0 1248.06250463
2 2 16 0 955.12690146
32 1 8 1 2650.14661067
8 4 4 1 2035.84742101
2 2 8 0 941.640035817
16 2 4 0 2553.24599138
4 4 16 1 1402.11923973
8 1 8 0 1875.30022529
32 2 16 0 2371.32473886
32 2 4 1 3210.93601745
2 4 8 0 1080.56523487
4 4 16 0 1705.18648625
16 1 2 1 2075.61853303
4 1 16 0 1105.86540261
16 1 1 1 2239.56539151
1 2 1 0 1672.1054853
8 1 4 0 1473.60905957
1 2 1 1 1544.43777241
2 4 8 1 1105.8240303
8 1 4 1 1692.84669909
4 4 2 1 1616.04049092
8 1 32 0 1450.34571219
4 4 4 1 1543.06948129
1 4 4 1 1524.12999108
8 2 32 1 1542.7749498
32 1 2 1 2517.18376323
32 2 1 0 3294.74622182
16 2 1 1 2127.46866322
4 2 8 1 1302.63657889
4 2 2 1 1527.20003841
8 4 8 0 1923.50173586
2 2 1 0 1089.49145613
16 1 2 0 2179.79187139
2 2 1 1 960.447352337
16 1 8 0 1843.36145801
16 2 32 1 1693.94844251
1 4 16 0 1281.31851386
1 2 2 0 1062.50607275
2 2 4 1 801.386285062
8 2 32 0 1445.59945497
2 2 16 1 1014.25853513
8 1 2 0 1693.83567098
8 2 2 0 1756.2567825
8 4 4 0 1972.54820928
16 2 2 0 2796.31333633
8 4 2 1 2175.62863086
32 1 2 0 2545.45091158
1 8 16 0 1123.09813897
16 4 16 1 1988.99589051
32 8 8 0 3252.21546835
32 8 1 1 3143.43569419
2 8 32 1 1196.57953645
8 4 16 0 1884.55657768
8 8 16 1 1947.91300693
2 16 2 1 989.529362803
16 4 16 0 2257.24902961
1 8 32 1 1377.54442666
32 4 1 1 3017.7435334
8 8 4 1 2108.74772615
4 8 8 0 1454.95778897
32 4 32 1 1846.02633135
16 16 2 0 2830.36459788
16 8 4 0 2797.89765824
1 16 4 0 1492.79073409
4 16 32 1 1220.70337897
1 8 4 0 935.594128368
16 16 32 1 1685.77183915
8 8 32 0 1568.04695145
8 16 32 0 1831.90857538
2 8 2 0 1177.4089726
16 16 16 0 2438.04699228
4 8 1 1 1580.05654868
1 16 2 0 1178.458522
1 16 1 1 1272.50944438
4 8 2 1 1490.15638842
4 8 32 1 701.866359274
8 16 2 0 2038.75001476
8 16 8 1 1979.48053374
1 8 8 0 1896.27448504
8 4 32 0 1695.26869818
4 8 1 0 1806.32793456
4 8 32 0 1425.2696317
4 8 16 1 1626.89951559
1 16 4 1 1590.53890165
2 8 8 1 1015.46474873
1 8 8 1 1430.65841985
4 8 4 0 1429.89537876
4 16 32 0 1352.810944
8 8 1 0 1845.19606184
2 8 1 1 1286.30812971
32 8 4 1 3126.8003493
16 4 8 1 2711.87720641
8 8 2 1 2027.06016129
8 8 4 0 2019.32160849
16 8 2 0 2582.82444367
16 4 4 0 2925.62568656
1 8 1 0 1503.47822441
32 8 32 1 1575.16795339
1 16 16 0 1679.85999587
16 8 1 1 2746.43862568
32 4 32 0 1890.88572257
16 4 8 0 2490.99155405
8 8 2 0 2193.17780334
1 16 16 1 1290.99458693
16 16 8 0 2498.08857837
2 16 4 0 1160.83225733
16 4 1 0 1950.67311692
4 8 2 0 1481.61551032
2 8 4 1 958.284917697
4 16 16 1 1694.65082337
8 8 1 1 2046.23465216
16 8 2 1 2967.61983205
2 8 16 1 1230.97490155
32 8 16 1 2130.11044266
1 16 32 1 946.399015101
32 4 4 0 3151.18086938
16 8 8 1 2668.66733687
32 4 8 0 2976.98050681
16 8 32 0 2111.17851845
16 8 1 0 2673.36685483
1 8 1 1 1618.97607961
16 16 4 1 2451.94828442
16 4 32 1 1933.77276825
16 8 16 0 2130.48415879
2 8 1 0 1209.25248529
2 16 32 0 1081.20903544
4 16 2 0 1536.91037618
2 16 2 0 965.820598454
4 8 16 0 1634.78075715
16 8 8 0 2271.000837
1 8 32 0 1430.74931377
32 4 2 0 2953.58452291
2 16 1 1 938.919307709
8 4 32 1 1993.07725026
4 8 8 1 1519.66957754
32 4 2 1 3231.9450632
32 4 4 1 3024.54519283
1 16 32 0 1587.78473544
16 16 2 1 2848.25244141
8 16 4 0 2155.98144047
1 16 2 1 960.234423991
8 8 32 1 1751.38951823
2 8 16 0 1090.3896533
2 16 8 0 1297.64153752
32 4 1 0 3136.01107286
8 16 8 0 2226.86536479
2 16 32 1 1100.7144078
1 16 1 0 1518.39927381
2 8 8 0 1028.98743085
32 8 4 0 3009.51096857
32 8 2 1 3568.59541771
8 8 8 1 2267.41973016
16 4 2 1 2477.5584162
32 8 1 0 3538.64068944
1 8 2 0 1721.04379134
2 16 1 0 1275.26245661
16 8 4 1 2536.27198811
2 16 4 1 1132.86429771
8 16 16 1 1527.74985773
8 16 4 1 2291.84421073
4 8 4 1 1660.40082691
32 8 32 0 1727.07495464
16 8 32 1 1998.84154516
8 8 16 0 1866.92757056
16 16 8 1 2444.21885212
8 16 2 1 2148.15937433
16 16 16 1 2205.90204014
16 4 32 0 1181.56411126
2 8 2 1 1253.34689751
2 16 16 0 1039.06721299
4 16 1 1 1504.13042539
4 16 16 0 1564.37180799
8 16 1 0 2176.10310699
4 16 4 0 1795.07408456
4 16 4 1 1821.81240174
16 4 2 0 2425.36055588
8 16 1 1 1948.88637093
32 4 16 1 2112.33520544
1 16 8 0 1072.31618699
2 16 8 1 1139.55891092
16 16 1 0 2572.20079707
4 16 1 0 1469.23442366
32 8 2 0 3292.07067125
16 16 4 0 2688.47701731
32 4 8 1 2330.99868201
1 8 16 1 1759.16219915
2 16 16 1 1126.85503406
1 8 2 1 1365.16598757
8 16 16 0 1843.69306746
4 16 2 1 1601.29798145
4 16 8 1 1496.63982146
16 4 4 1 2987.20455762
16 8 16 1 2074.8737053
32 8 8 1 2813.69742837
1 16 8 1 630.534176449
8 8 8 0 2310.30123526
16 16 1 1 2659.74337325
8 16 32 1 1666.93638642
16 4 1 1 2378.15953206
2 8 32 0 1135.01311872
1 8 4 1 1578.02701614
2 8 4 0 1077.57355078
32 8 16 0 2585.96963069
32 4 16 0 2384.10997075
4 16 8 0 1448.36287429
32 16 2 0 3230.68473368
8 1 8 0 1895.17024924
8 32 8 0 2090.55171254
2 32 4 1 1220.75624554
