32 1 8 1 2196.10248147
16 2 4 1 2198.32552125
1 4 2 0 1107.44812403
16 2 1 0 2023.64143507
1 8 16 1 975.130051533
16 4 8 0 2044.63910606
32 4 2 1 2676.48687309
8 4 16 1 374.42941261
4 4 32 1 1010.33114448
2 4 16 0 719.760430276
16 2 16 0 1949.06123097
8 2 2 1 1604.45883759
4 2 32 0 1041.31173426
1 4 2 1 1139.70959433
4 2 4 1 842.301569655
1 8 8 1 895.426874651
16 2 4 0 2049.187477
1 4 8 1 1125.65447457
4 2 32 1 1088.43295969
32 4 32 0 1909.85023171
8 2 1 0 587.693812178
4 4 1 1 975.229358437
4 4 32 0 1012.19193787
32 2 2 1 2600.64265251
16 2 32 0 2032.07327888
4 4 4 0 1079.18476544
2 4 1 1 839.392587992
1 4 8 0 876.603788141
32 2 32 0 2206.51867241
4 4 8 0 1112.47154615
2 8 2 0 661.285280128
8 2 16 1 1529.7820275
1 4 1 0 586.569267629
16 2 32 1 1814.14162122
32 2 32 1 2170.24623894
1 4 1 1 989.977095047
4 4 2 1 950.231135248
1 4 32 0 1142.00153451
8 4 32 1 1120.15150494
32 2 16 0 2496.30488089
8 4 8 1 1220.49675771
4 2 2 1 1286.45376964
8 2 8 0 1557.34674735
32 4 4 0 2546.14850853
1 8 2 0 1135.07208
16 2 8 1 1851.79246933
8 2 32 1 1437.5593069
2 4 4 1 684.848206546
2 4 32 1 680.084756951
4 4 1 0 1109.56998102
2 8 1 0 780.192587741
32 4 1 0 2370.77263232
32 4 4 1 2355.50425889
16 2 16 1 2037.66885211
4 2 8 0 1235.30982875
32 4 1 1 2542.50571046
4 2 8 1 1169.25979142
32 2 2 0 2432.00320437
32 2 4 1 2163.75670238
1 8 4 0 842.475546452
16 4 16 0 1114.0951103
4 2 16 1 1188.46864992
16 4 4 0 961.839266263
8 2 16 0 1619.67768218
2 8 4 0 681.066577045
8 2 1 1 1402.4226244
1 8 16 0 702.349186506
2 2 32 0 651.716830152
2 4 1 0 732.601159214
1 8 4 1 645.825432993
4 4 2 0 1105.63530617
1 8 32 1 1164.89037876
16 4 16 1 1768.81969167
1 8 1 1 588.185337904
8 4 16 0 1407.98727074
1 4 16 0 1108.67207344
1 8 2 1 977.439442859
2 8 2 1 718.493028488
32 4 16 1 2083.08110134
8 2 2 0 1459.011197
16 2 1 1 2109.7374416
16 4 8 1 1991.05322763
1 8 32 0 1084.77817274
1 8 1 0 914.093310598
8 2 8 1 1592.09862991
4 2 2 0 1135.40307082
8 4 2 0 1135.91730386
4 4 8 1 1005.84569296
4 2 4 0 1202.7491326
2 4 2 0 826.366540143
16 4 2 1 1887.45901518
4 2 16 0 1156.99921688
32 2 4 0 2659.09601978
16 4 4 1 1848.44299894
32 4 16 0 1913.1801675
32 2 8 1 2595.53072246
8 2 4 0 1448.43242784
8 4 4 1 1427.55316836
32 2 8 0 2456.21287638
2 4 4 0 722.691571353
2 4 8 0 663.908491172
8 4 2 1 1339.05735783
8 2 32 0 1417.25191198
16 4 32 0 1935.91705408
2 8 4 1 747.136070829
2 4 16 1 712.574394301
8 4 1 0 1268.32638969
16 2 2 0 1679.89974599
2 4 2 1 751.880132941
16 2 8 0 2240.41380571
4 4 16 1 938.614063945
16 4 2 0 2069.6077708
1 4 4 0 1170.02374275
32 2 1 0 2571.26780382
8 4 32 0 227.720849296
8 4 1 1 1577.14027226
4 4 4 1 1077.99015437
32 2 16 1 2174.08088637
4 4 16 0 1188.54930774
1 4 16 1 720.085381607
32 4 32 1 2166.53014439
1 4 32 1 602.683398685
2 8 1 1 727.095854142
8 2 4 1 888.392574809
2 4 32 0 695.988606501
4 2 1 0 1183.39872398
4 2 1 1 1222.17294867
32 4 8 0 2653.68210111
16 2 2 1 2093.96206193
16 4 32 1 1675.39407223
2 4 8 1 795.38203446
16 4 1 1 1825.42156338
32 2 1 1 2023.30753149
1 4 4 1 592.442294772
8 4 4 0 1574.55861266
32 4 2 0 2660.96738523
16 4 1 0 1822.13352028
32 4 8 1 2477.96686971
4 16 1 1 1036.31380235
4 8 1 1 1158.11319115
1 32 2 1 1138.03475778
4 8 8 0 1100.44382616
4 16 8 1 930.015910607
2 8 16 1 890.388960255
4 16 32 1 1051.26843749
1 32 8 1 518.85087644
1 32 4 0 532.97983528
8 16 16 0 1588.93693453
16 8 4 0 2018.64102416
32 16 32 1 2322.26371927
8 16 32 1 1540.78370581
1 32 8 0 1164.47837956
16 16 32 0 2050.00662036
1 16 16 0 398.208454675
1 32 1 0 469.409018644
16 16 1 1 1987.36667117
32 8 16 1 2481.86457957
4 16 16 0 1016.76616504
32 8 2 0 2618.11396284
4 16 1 0 1120.08460396
2 16 8 1 857.103480878
2 16 2 0 709.020916911
2 8 32 0 846.710315263
32 16 1 1 2354.46606417
16 16 16 1 1955.90719285
8 16 8 0 1630.41872933
4 8 32 0 1071.94184877
4 16 8 0 1023.9687575
4 16 2 1 1221.18715606
16 16 4 1 1882.12373215
1 16 1 0 456.699139132
2 8 32 1 692.545600655
1 16 2 1 813.947405788
1 32 1 1 978.016494027
8 8 4 0 1398.43272382
4 8 1 0 1135.75395247
16 8 4 1 2037.58260836
16 16 8 0 2003.28832951
32 16 16 0 2416.57517433
8 16 1 1 1610.09030234
2 16 2 1 834.404906798
32 16 4 0 2545.27394794
32 16 32 0 2048.26805757
1 16 1 1 584.765479733
32 16 8 1 2384.62727051
8 16 4 0 1472.14512239
32 16 1 0 2665.27461097
32 8 2 1 2671.29839893
8 8 32 1 1526.55229147
4 8 2 0 1270.77841883
8 8 1 1 1631.73922009
16 8 2 1 1651.8904954
4 16 4 1 1052.64355419
8 16 32 0 1245.71070491
1 16 8 0 1173.59078707
4 16 32 0 1058.48548793
16 16 32 1 1847.97860635
8 16 2 0 1550.78651711
32 8 16 0 2191.35423036
8 8 16 0 1589.13704281
32 16 2 0 2424.31951881
8 8 1 0 1517.95979509
32 8 4 1 2539.41981041
1 16 4 1 480.733828788
32 8 1 1 2485.41092933
4 8 32 1 1118.38381479
4 16 2 0 1264.05546007
8 8 16 1 1518.26586371
4 16 4 0 1050.67146579
16 16 1 0 1873.35057217
1 16 4 0 678.4413632
2 16 4 1 760.980133232
16 8 32 0 2054.15274664
32 16 2 1 2594.68114208
32 16 8 0 2606.79888838
8 8 2 0 1374.7187325
8 16 1 0 1502.75908171
16 8 1 1 1834.38801133
1 32 16 1 1160.01701402
2 16 32 1 835.564183443
32 8 4 0 2799.70018266
1 32 2 0 1376.86614875
32 16 4 1 2669.11202071
8 8 8 1 1472.61160355
32 16 16 1 2188.41799531
1 16 2 0 618.109993897
2 16 16 1 772.143764401
16 8 2 0 1958.61047289
4 16 16 1 1200.56657341
32 8 8 1 2490.6007464
4 8 4 1 1071.42821111
4 8 16 1 1116.75812047
8 8 8 0 1582.70238144
16 8 32 1 2091.71502995
32 8 1 0 2839.22693827
8 8 2 1 1529.14282841
16 16 2 1 1825.50494391
8 16 4 1 1641.71273361
16 8 16 0 2067.20741185
32 8 8 0 2537.64305388
2 16 8 0 700.252191879
16 8 8 1 2052.66699233
4 8 8 1 1080.35131921
1 16 16 1 408.323429041
32 8 32 1 2163.79462689
2 16 1 1 802.886587339
2 16 1 0 775.957172261
16 16 4 0 1956.84124288
2 8 16 0 714.707732359
1 16 8 1 1037.41223923
16 16 16 0 1897.55703381
4 8 16 0 1038.0988841
8 16 2 1 1465.17790424
2 8 8 0 824.785781145
2 16 4 0 768.538714367
32 8 32 0 2381.08328071
2 16 16 0 714.417445389
2 16 32 0 754.83256598
1 32 4 1 1130.49260568
16 16 8 1 1834.67600989
4 8 4 0 1020.98979709
1 16 32 1 1037.19862762
8 8 32 0 1417.71534761
8 16 8 1 1464.38131959
16 8 8 0 1971.67434244
16 8 16 1 1863.87420741
16 16 2 0 1970.39987651
8 16 16 1 1437.76877429
4 8 2 1 1093.0248032
8 8 4 1 1477.62449087
16 8 1 0 1572.12216181
1 16 32 0 914.411853152
2 8 8 1 720.083502522
4 32 8 0 1113.21777967
16 32 32 1 1923.00286365
1 32 32 1 1146.07026642
16 32 2 0 1944.71720827
2 32 16 1 715.896618072
32 32 16 0 2506.04892355
8 32 8 1 1411.75742903
8 32 1 0 1366.15799006
4 32 4 0 1117.53699703
8 32 2 0 1432.13230891
2 32 2 0 619.610830583
32 32 16 1 2282.12968528
8 32 8 0 1558.43185825
32 32 8 1 2371.11284878
32 32 2 1 2481.26551433
1 32 16 0 513.634709273
2 32 4 0 706.014540538
2 32 1 0 646.532586943
32 32 4 0 2587.02341205
8 32 16 1 1386.5691494
4 32 2 0 896.670137526
32 32 2 0 2520.96064997
2 32 32 0 748.796612446
8 32 32 0 1407.09803448
2 32 8 1 733.87082929
16 32 32 0 1840.86882845
16 32 2 1 1862.33850413
4 32 1 1 983.791328997
2 32 4 1 779.03292541
32 32 4 1 2518.53768618
4 32 2 1 1100.74771212
8 32 2 1 1330.97053727
32 32 1 1 2108.74980432
1 32 32 0 602.11076836
32 32 8 0 2378.14257723
4 32 1 0 1073.91266451
32 32 32 1 2145.19731942
2 32 1 1 785.452715326
4 32 32 0 1068.52346993
16 32 1 1 2020.42301353
16 32 1 0 1950.5895384
16 32 8 1 1398.7760033
4 32 16 0 1119.41793794
16 32 16 0 2050.43085911
2 32 16 0 868.699420181
4 32 16 1 1262.12337135
4 32 32 1 1127.99613054
8 32 4 0 1472.72517709
16 32 16 1 2024.32994341
32 32 1 0 2517.81876331
2 32 2 1 710.414005115
4 32 8 1 982.278052907
32 32 32 0 2019.73326949
8 32 1 1 1425.52361264
16 32 8 0 2090.23724648
2 32 8 0 814.541130907
2 32 32 1 784.832235043
4 32 4 1 1072.9212673
8 32 4 1 1560.21053813
8 32 32 1 1410.51377344
16 32 4 1 1801.26817392
16 32 4 0 1953.03287854
8 32 16 0 1382.72319881
8 1 8 0 1665.72429162
2 1 1 1 716.831107308
8 1 32 1 1717.79329653
16 1 8 1 1896.6789668
8 1 2 1 1192.66115387
16 1 4 1 1929.36315406
4 1 8 0 1118.58557327
2 1 8 1 917.830885273
4 1 2 1 1367.29480661
4 1 16 1 1377.29873933
2 1 16 1 834.810795137
4 1 1 1 294.077135647
2 1 8 0 989.974326171
16 1 16 1 2060.45456647
8 1 32 0 1812.78820054
2 1 16 0 291.178429785
2 1 32 1 917.131503367
16 1 2 0 2159.33700271
4 1 2 0 296.631122939
8 1 2 0 293.044627023
8 1 1 1 295.483061601
16 1 4 0 2486.14808094
4 1 16 0 282.84000889
2 1 4 0 627.552408415
1 1 2 0 924.893310189
1 1 4 1 1146.96827429
2 1 4 1 217.496694701
8 1 8 1 1514.35205325
16 1 1 0 1896.05564065
4 1 4 1 1245.65363913
16 1 2 1 1962.12153356
2 1 1 0 219.72973224
1 1 2 1 1107.69920218
4 1 4 0 1375.50179848
1 1 4 0 185.751323243
1 1 8 1 583.512010091
4 1 8 1 289.914934478
2 1 2 0 864.425000468
4 1 1 0 1328.23027956
1 1 32 1 1018.1661565
1 1 8 0 986.443531586
4 1 32 1 972.838998995
1 1 32 0 217.192972351
2 1 2 1 219.312470746
8 1 16 1 1676.89648244
16 1 1 1 2103.65887144
8 1 4 0 1452.13471096
16 1 8 0 2015.70730366
4 1 32 0 1237.77316087
8 1 16 0 1819.63432383
2 1 32 0 851.424968906
8 1 1 0 1633.47109503
32 1 8 0 2578.80446143
