4 8 2 0 2516.07797193
1 4 7 0 684.158685246
8 4 0 1 2160.56905382
8 8 0 1 2362.97263929
8 8 0 0 2279.35800994
8 8 0 0 2009.83290467
8 8 0 1 2350.01084293
1 16 2 1 1158.16863677
2 4 2 1 657.675384937
2 4 2 0 669.523279952
8 8 0 1 2171.81541431
1 16 7 1 1238.68977877
8 4 0 0 2208.21864518
1 4 7 1 517.473794998
2 8 4 1 2712.49440539
2 8 2 0 1721.72502421
8 4 0 0 2213.57813514
4 4 2 0 2583.07619317
8 4 0 1 2174.77522666
1 8 7 1 1238.3242398
1 16 1 1 1995.22064806
8 4 0 1 2231.33598007
8 8 0 0 2380.37155845
1 8 1 1 1140.1324979
8 4 0 1 2232.26298913
4 8 4 1 2557.42593329
8 8 0 0 2294.09103105
2 8 6 0 2466.60098658
8 4 0 1 2035.49534498
2 4 6 1 1584.21364651
8 8 0 0 2380.49344484
1 16 4 1 1228.51121112
2 16 2 0 1963.40370471
2 16 1 0 1917.98810197
4 4 4 1 1841.14336137
1 16 2 0 1825.37266356
1 16 4 0 2043.54683954
1 8 2 1 2077.12495165
8 4 0 0 2017.53404858
1 4 7 1 435.029955196
4 8 4 1 1806.45024547
2 4 6 1 1950.42946442
8 4 0 0 2267.52850121
2 4 6 0 1234.31783658
2 8 6 1 1777.1464991
2 16 4 0 2440.74912396
8 8 0 1 2367.56742154
4 8 1 1 2601.19359131
8 8 0 0 2386.1749596
8 4 0 1 2092.44365398
8 4 0 0 2121.01540178
2 4 1 1 571.751161198
8 8 0 0 2054.59450375
1 4 2 0 446.777651062
8 4 0 0 2268.57160401
1 16 7 0 1750.45451236
8 8 0 0 2390.32452789
2 8 6 0 2170.75975161
8 4 0 1 2177.74349703
8 4 0 1 2005.45337847
8 4 0 0 2046.60213094
1 8 7 0 2336.07496871
1 8 4 1 2367.07620658
8 4 0 0 2202.16689589
4 4 1 0 2497.50308978
1 8 7 0 1641.32114245
4 4 1 1 2345.00458673
8 8 0 1 2316.75823115
4 4 4 0 1869.57272441
8 8 0 1 2366.00654209
1 8 7 0 1338.01496449
8 8 0 1 2500.78809621
1 4 1 1 418.215034328
1 8 1 0 2020.10123477
8 4 0 0 2153.80783837
4 8 4 1 2117.55669838
1 16 7 1 2105.15876367
2 8 4 0 1882.44099372
4 8 4 0 2487.76614262
2 8 2 1 2343.4648616
4 4 4 0 2429.79052381
8 8 0 0 2432.15969281
2 16 4 1 2461.2828049
2 8 6 0 1739.92887997
8 8 0 1 2313.28380477
4 4 2 1 2423.25293054
4 4 4 1 2097.385698
8 8 0 1 2293.22883405
1 8 4 0 1775.95829213
8 4 0 0 2035.73422011
2 4 6 0 1694.60723211
1 4 2 1 415.389255169
4 8 4 0 2573.00887361
4 8 1 0 2522.69960748
4 4 4 1 2246.31146855
4 4 4 1 2551.92515664
8 8 0 1 2147.11844801
1 16 7 0 2319.74249739
1 4 7 0 465.511651323
8 4 0 0 2065.1191121
8 8 0 1 2279.7054825
8 8 0 1 2275.13014854
2 16 1 1 3255.51885662
4 8 4 0 2134.90816822
1 8 7 1 1629.90817928
1 4 4 0 482.616895706
2 4 4 1 506.603307581
8 4 0 0 2245.18378134
8 4 0 1 2153.88980907
8 8 0 1 2102.76133862
8 8 0 0 2160.1842526
1 16 1 0 1972.58861182
8 4 0 1 2239.98329449
4 8 4 1 2371.67032681
2 8 6 1 1956.40058636
8 4 0 0 2280.91972363
1 4 4 1 467.60073841
8 4 0 1 2049.02368428
8 4 0 0 2327.34279842
8 4 0 1 2160.46487812
8 8 0 1 2385.3803164
8 8 0 0 2413.57541837
2 16 2 1 2997.84668453
8 8 0 0 2460.5306679
2 4 6 0 1805.80515525
8 8 0 0 2327.2032086
4 8 4 0 2589.637999
8 4 0 1 2014.29326893
2 4 1 0 791.157674746
8 4 0 1 2072.83576985
8 4 0 0 2127.60405596
8 8 0 1 2410.28767901
1 16 7 0 1199.53105455
8 8 0 0 2411.25761339
1 16 7 1 2206.06415588
4 4 4 0 2363.56398821
8 8 0 0 2351.54832807
2 8 1 1 2816.67691164
2 4 6 1 836.26308865
8 4 0 0 2245.54557884
8 8 0 1 2401.62578762
8 8 0 1 2187.94563375
1 4 7 1 587.164954397
8 4 0 1 2207.7485981
8 4 0 1 2152.89341998
1 4 7 0 540.497897985
8 8 0 1 2282.76525351
1 4 1 0 383.13316992
1 8 2 0 1372.3734461
2 8 6 1 2633.44954122
8 32 0 0 2492.58077156
8 32 0 0 2543.44371727
8 32 0 1 2492.36198244
8 32 0 1 2434.17263306
8 16 0 0 2317.86287622
4 32 4 1 2528.1277909
4 1 4 0 1398.18408726
8 16 0 1 2471.79181713
8 32 0 0 2544.03161074
8 16 0 1 2490.67584908
4 1 4 1 1104.12307984
8 32 0 0 2433.4644961
2 32 4 1 2652.44416654
4 16 4 0 2237.81628768
8 16 0 1 2425.48867562
8 32 0 0 2524.12098472
4 32 2 0 2575.2811821
8 32 0 0 2485.73933248
2 32 6 0 2023.80958136
1 1 1 1 1067.85745216
8 16 0 0 2464.50028562
1 1 7 1 1258.26538837
8 32 0 1 2495.92342
2 16 6 1 2176.22222798
2 32 2 0 1753.99193944
1 32 2 1 1099.92396751
2 1 6 0 1117.57022644
8 32 0 0 2471.79482521
2 32 1 0 1978.91631591
2 32 4 0 2219.84645744
8 16 0 0 2392.24431044
4 16 4 0 2225.09785955
1 32 1 0 1824.92270423
8 16 0 1 2464.0673054
2 32 6 0 2059.76885597
8 32 0 1 2509.57455572
8 32 0 0 2511.23240661
8 32 0 0 2501.78602746
2 1 1 1 1189.5599799
2 1 4 1 1013.85464126
8 16 0 0 2460.39678468
8 32 0 1 2469.81942088
8 32 0 1 2483.8762563
4 1 1 0 1591.63314292
8 16 0 1 2437.88524834
2 1 6 0 1239.76656606
8 16 0 0 2309.81726716
2 1 1 0 852.849084594
4 16 4 1 2571.7300137
4 32 1 1 2475.31718961
2 16 6 0 2191.64711118
1 1 7 0 939.231913986
8 16 0 0 2372.05922116
4 1 1 1 1556.71649049
8 16 0 1 2515.85347275
8 32 0 1 2450.62865585
8 16 0 0 2439.46131647
2 1 4 0 1406.74794525
2 1 2 1 1379.74817307
2 16 6 1 2169.24616057
4 1 4 1 1648.53891443
4 16 4 1 2628.22832382
4 1 4 1 1086.60366096
8 16 0 1 2082.92571382
1 32 4 1 1903.97318673
8 16 0 0 2542.9356861
1 32 7 1 1676.92582842
8 16 0 0 2549.44742425
4 16 4 0 2581.61294303
4 32 4 1 2529.59523148
4 32 4 1 2505.88190881
4 1 2 0 1679.13116919
8 16 0 0 2440.61856937
1 1 4 0 1446.26627016
2 1 6 1 838.248871131
8 16 0 0 2446.32661108
8 16 0 1 2331.33665883
1 1 2 0 1601.16468183
8 32 0 0 2427.89592874
8 16 0 0 2492.83477543
4 16 4 1 2551.06632996
4 16 4 1 2522.64534774
8 32 0 0 2541.89174307
2 32 6 1 2259.64028142
2 32 6 1 2296.66022914
8 32 0 1 2483.9388346
8 32 0 0 2543.86113031
8 32 0 0 2464.81005453
8 32 0 0 2540.17878023
4 16 1 0 2510.65546792
1 32 7 0 2019.98768491
1 1 7 0 1330.66347497
8 32 0 1 2512.76352673
8 16 0 1 2402.0746662
8 16 0 1 2419.64106372
8 32 0 0 2490.19117365
4 16 1 1 2555.14871822
8 16 0 1 2446.93170448
8 16 0 1 2463.31802804
8 1 0 0 1736.91622023
8 32 0 1 2434.72978951
2 16 6 0 2220.01993199
8 32 0 1 2440.02026153
4 32 4 1 2478.71526537
4 1 4 1 1571.37040391
8 16 0 1 2409.40647641
8 32 0 1 2461.97747988
8 32 0 0 2554.06038591
8 16 0 0 2430.92212091
8 16 0 1 2055.08119175
1 32 4 0 1250.06288054
1 32 7 1 2241.22598602
8 32 0 1 2464.38969167
1 32 1 1 2019.08399688
8 16 0 0 2291.40244799
1 1 4 1 1295.94320707
8 32 0 1 2546.37764875
1 1 7 0 1163.86124707
8 32 0 1 2487.4322919
8 32 0 1 2490.66278976
2 16 6 0 2130.91209132
4 32 4 0 2608.11638277
1 1 7 1 1000.15835705
2 1 2 0 1034.2078704
8 16 0 0 2313.85462607
8 32 0 1 2426.90926549
2 32 1 1 2791.71568412
4 1 4 0 1545.59436517
1 1 2 1 1029.92645056
8 16 0 1 2431.951059
2 1 6 1 1087.23646362
4 1 4 0 1661.55742661
4 1 4 0 1619.42856012
2 32 2 1 2609.06087018
8 16 0 0 2441.69130365
1 32 7 1 1763.14566806
8 16 0 0 2542.76417641
2 16 6 1 2398.47814375
8 32 0 1 2408.11247203
8 16 0 1 2461.97871474
1 32 2 0 2219.00140491
4 32 4 0 2558.67489161
4 32 1 0 2526.607668
8 16 0 1 1979.1842713
2 32 6 1 2460.87537946
1 32 7 0 2228.6478321
8 1 0 1 1875.64936952
1 32 7 0 1686.173113
2 1 6 0 1269.66665306
1 1 1 0 1230.2524696
4 32 2 1 2615.06562227
8 32 0 0 2515.06551734
4 1 2 1 1495.48201784
4 16 2 0 2577.73089884
8 16 0 0 2509.24734833
1 1 7 1 1108.84889273
2 1 6 1 1028.9410724
8 16 0 1 2446.65369223
2 32 6 0 2177.67360019
4 16 4 0 2346.40899365
4 32 4 0 2480.43553139
8 32 0 0 2505.01340385
4 16 2 1 2534.94478799
4 32 4 0 2530.00339169
8 1 0 0 1546.82891556
2 4 4 0 1687.84651107
8 2 0 1 1889.67371754
8 4 0 1 1975.70009226
8 4 0 0 1913.39911528
4 2 4 1 1776.48649576
4 4 4 0 2016.78277354
8 2 0 0 1870.39106658
8 2 0 0 1767.50034053
8 1 0 1 1734.79101696
2 2 6 0 1338.43301784
8 1 0 0 1550.81664908
