8 16 0 0 5894.25515555
4 32 4 1 3440.39352541
8 16 0 1 2336.12774009
8 16 0 1 5321.68677293
4 8 2 0 2532.99391514
2 32 4 1 2473.31879481
4 16 4 0 2574.41448212
8 16 0 1 2422.61056568
4 32 2 0 3790.2764083
2 32 6 0 2169.90071373
8 8 0 1 2347.42272448
8 16 0 0 2360.38342555
8 8 0 0 2213.61584336
8 8 0 0 2220.20735537
8 8 0 1 2313.06584382
1 16 2 1 2141.13506108
2 16 6 1 2208.90273702
2 32 2 0 2967.44941983
8 8 0 1 2265.96192713
1 32 2 1 2055.35786146
1 16 7 1 2168.26239136
2 32 1 0 2730.67370155
2 32 4 0 2393.18521008
2 8 4 1 2311.35726306
8 16 0 0 6070.27988351
4 16 4 0 2553.57861968
1 32 1 0 1792.28240127
1 16 1 1 1953.4404383
8 16 0 1 2347.96372223
8 8 0 0 2318.65141361
2 32 6 0 2123.23673092
4 8 4 1 2558.06926094
2 8 6 0 2251.8005682
8 16 0 0 2278.50640267
8 8 0 0 2281.24158989
1 16 4 1 1931.38882543
2 16 2 0 2455.21100658
2 16 1 0 2323.63155703
8 16 0 1 5717.95907961
1 16 2 0 1186.04261068
1 16 4 0 2048.43676908
4 16 4 1 2536.83471196
4 32 1 1 4136.00730211
2 16 6 0 2117.44821796
8 16 0 0 6258.14248474
2 8 6 1 2078.4459655
8 16 0 1 2361.36437716
2 16 4 0 2171.0583301
8 8 0 1 2244.86428451
4 8 1 1 2397.17585528
8 16 0 0 2413.25685263
8 8 0 0 2231.28865184
8 8 0 0 2259.79016406
2 16 6 1 2415.84284633
4 16 4 1 2441.04070994
8 16 0 1 2306.3913309
1 32 4 1 1638.94221706
8 16 0 0 2450.53058333
1 16 7 0 2026.70493149
1 32 7 1 1899.96518825
8 8 0 0 2235.97013763
8 16 0 0 2244.65868333
4 16 4 0 2459.28973983
2 8 6 0 1862.67424766
4 32 4 1 2792.47727043
4 32 4 1 2965.18502534
8 16 0 0 5339.42168113
8 16 0 0 2436.21167284
8 16 0 1 5248.48284691
8 16 0 0 2292.1497051
4 16 4 1 2550.63409994
4 16 4 1 2550.37069754
8 8 0 1 2329.59878488
2 32 6 1 1993.2410147
2 32 6 1 2054.08349172
8 32 0 1 6259.87242093
8 8 0 1 2336.71344138
8 8 0 1 2305.16871941
4 16 1 0 2524.63403112
1 32 7 0 2118.49261649
4 8 4 1 2496.12501854
1 16 7 1 1980.55829172
8 16 0 1 2368.01432692
2 8 4 0 1020.46994251
4 8 4 0 2514.02137986
8 16 0 1 2249.02963347
8 8 0 0 2295.70071688
4 16 1 1 2475.77455839
8 16 0 1 2441.01685042
8 16 0 1 2349.41227262
2 16 4 1 2190.148417
2 8 6 0 1811.72565412
8 8 0 1 2330.27970402
2 16 6 0 1822.40450782
4 32 4 1 2899.64500078
8 16 0 1 2330.99490822
8 8 0 1 2296.54326502
4 8 4 0 2145.62829465
4 8 1 0 2544.96160723
8 32 0 0 6881.22850391
8 8 0 1 2257.08069207
1 16 7 0 1142.79361755
8 16 0 0 2436.03705036
8 16 0 1 2359.30054876
1 32 4 0 2094.88608061
1 32 7 1 1796.23324072
8 8 0 1 2246.66020033
1 32 1 1 2049.37614256
2 16 1 1 3391.08534285
8 16 0 0 2352.73505122
4 8 4 0 2145.69760109
8 8 0 1 2308.03407311
8 8 0 0 2188.72665008
1 16 1 0 1149.21122717
2 16 6 0 2203.58892422
4 32 4 0 2962.82451685
4 8 4 1 2114.63195932
2 8 6 1 2315.91543474
8 16 0 0 2390.79108068
2 32 1 1 3419.36816445
8 8 0 1 2236.40040401
8 8 0 0 2256.23655368
2 16 2 1 2714.96690131
8 16 0 1 2368.70542669
8 8 0 0 2284.71423739
2 32 2 1 3252.08580108
8 16 0 0 2439.67451777
1 32 7 1 1833.29521588
8 16 0 0 2432.70532819
8 8 0 0 2225.33053695
2 16 6 1 2096.86695879
8 32 0 1 6698.10437866
8 16 0 1 1342.02279157
1 32 2 0 1867.41909026
4 32 4 0 3238.50663008
4 8 4 0 2528.14323024
4 32 1 0 4271.97868139
8 16 0 1 2368.3907179
2 32 6 1 2387.11714332
1 32 7 0 2076.8984222
1 32 7 0 1870.73803412
4 32 2 1 4119.89682547
8 8 0 1 2253.10224061
1 16 7 0 1310.41258467
8 8 0 0 2255.13498988
4 16 2 0 2591.99463261
8 16 0 0 2284.05076294
1 16 7 1 1232.7105144
8 8 0 0 2303.55369329
8 16 0 1 2364.79587133
2 32 6 0 1987.3882758
8 8 0 1 2302.05787766
8 8 0 1 2326.7828392
4 16 4 0 2578.57399944
4 32 4 0 2913.21548848
8 8 0 1 2208.16792287
4 16 2 1 2327.35737379
4 32 4 0 2842.39633081
2 8 6 1 2285.27704829
8 1 0 0 1171.79601789
8 32 0 0 6210.15879501
8 2 0 1 768.240440242
8 32 0 1 6550.85927209
8 32 0 1 1068.83039474
4 1 4 0 716.670704766
4 2 4 1 387.301095701
4 1 4 1 743.601653765
8 32 0 0 6386.08672019
8 2 0 0 977.899052091
8 2 0 0 872.981676679
8 1 0 1 1182.270491
2 2 6 0 290.813888473
8 1 0 0 1125.39725998
8 32 0 0 6562.63055011
8 32 0 0 2430.74178585
4 2 2 1 684.433164243
8 2 0 0 864.224954637
1 1 7 1 1668.36208113
8 32 0 1 2357.13991577
2 2 6 0 549.705321417
4 2 4 0 319.74066707
2 2 6 1 341.601433929
2 1 6 0 1356.33417834
8 32 0 0 6760.47911305
8 2 0 0 1051.61191998
2 2 6 1 372.751261559
8 1 0 0 1112.39405993
4 2 4 1 430.445110368
8 32 0 1 6544.89086127
8 32 0 0 6519.22712323
8 32 0 0 2287.51998805
8 2 0 0 1008.44515388
8 2 0 0 719.289210506
2 1 1 1 1352.89602125
8 2 0 1 1006.22408721
2 1 4 1 1509.94436146
8 1 0 1 1442.2697587
8 32 0 1 2430.106681
8 32 0 1 6517.3627905
8 1 0 0 1005.93609175
8 2 0 1 1036.73469282
8 1 0 1 837.734863227
4 1 1 0 521.681073327
8 1 0 1 912.03493495
4 2 1 0 983.258026826
8 1 0 0 1453.39602692
2 1 6 0 1426.45311165
8 1 0 1 859.678045424
2 1 1 0 873.063918397
8 2 0 0 1094.52865873
8 2 0 0 822.646211968
1 2 7 0 430.911737854
2 2 4 1 379.628805962
4 2 4 1 382.06937196
8 1 0 1 717.581159963
8 2 0 1 822.679526505
1 1 7 0 1089.95397002
1 2 7 0 398.820963149
8 1 0 1 963.140965963
4 1 1 1 308.754103294
8 1 0 0 721.610243036
8 2 0 1 880.294044127
8 32 0 1 6222.53264282
8 2 0 0 853.236794637
8 2 0 0 1129.12616684
2 1 4 0 1141.71129867
8 2 0 1 1428.57331768
2 1 2 1 1188.0007667
8 2 0 0 1218.71964059
8 2 0 1 852.713152849
4 2 4 0 479.40516216
4 1 4 1 366.205617387
8 1 0 0 1379.90278447
4 1 4 1 407.574746296
2 2 1 1 432.925312449
8 1 0 1 997.658719473
2 2 2 1 450.958110919
8 2 0 1 907.177090723
1 2 7 1 400.018458063
4 1 2 0 388.708954269
1 1 4 0 803.917563543
1 2 7 1 452.398125711
8 2 0 1 949.315230146
2 1 6 1 1015.27311278
4 2 4 0 341.912212973
1 1 2 0 1125.77877308
8 32 0 0 6284.89193668
8 32 0 0 6881.68394005
8 1 0 1 2234.10042952
8 32 0 0 541.562531685
8 2 0 1 1540.59935311
8 32 0 0 2414.90991887
8 1 0 0 1119.77751663
8 32 0 0 2344.47867574
8 2 0 1 871.568459268
1 1 7 0 732.386201374
8 1 0 1 2050.03688984
8 32 0 1 5543.40429664
8 32 0 0 2328.5033036
8 2 0 1 1010.55383821
8 1 0 0 1057.33074157
1 2 7 0 457.24747861
8 32 0 1 1881.59072063
2 2 6 0 357.981977664
8 2 0 0 940.482580857
8 32 0 1 6295.96550924
4 1 4 1 303.198084321
8 2 0 0 862.368455821
8 1 0 1 1049.39680054
8 1 0 1 949.549402153
8 2 0 0 1211.16422136
2 2 2 0 467.480896809
8 1 0 0 678.393978786
8 32 0 1 2395.67705563
2 2 4 0 323.975046969
8 1 0 1 1126.29297716
8 2 0 1 1101.56047884
8 1 0 0 1190.25912106
2 2 6 1 302.138969956
8 1 0 1 951.022876881
8 2 0 0 796.133933734
8 1 0 0 774.021248029
8 1 0 0 900.825097232
8 1 0 0 1229.10665117
8 32 0 1 6348.27207839
1 2 7 1 396.095567153
1 1 4 1 1405.90302016
8 1 0 0 1660.68269193
8 1 0 0 587.435074485
2 2 1 0 466.623057236
8 1 0 0 1029.57308671
1 1 7 0 1209.73810272
8 1 0 0 741.331572866
8 32 0 1 5887.26805612
8 32 0 1 5769.44955389
1 1 7 1 1483.87539987
8 2 0 0 927.289526051
2 1 2 0 1080.3972898
8 32 0 1 6602.21732286
4 1 4 0 337.392255312
4 2 1 1 863.885898561
2 1 6 1 1492.15779212
4 1 4 0 713.221739336
4 2 4 0 325.569460139
4 1 4 0 311.064170537
4 2 2 0 588.971759341
8 2 0 1 1376.80095386
8 2 0 0 1381.21515678
8 1 0 1 1186.94696057
2 1 6 0 923.730947748
1 1 1 0 1021.51431281
8 32 0 0 6778.1152496
8 2 0 1 1135.1894383
8 2 0 1 1265.59548649
4 1 2 1 384.957040154
1 1 7 1 1551.56361427
4 2 4 1 319.332835028
2 1 6 1 1718.24252231
8 1 0 1 798.236011395
8 2 0 0 1024.73260091
8 1 0 1 1024.86494697
8 2 0 1 877.064822049
8 32 0 0 6447.58424506
8 2 0 1 982.168859521
8 1 0 1 541.391009187
8 8 0 0 2064.86059821
2 8 1 0 1868.46208012
8 8 0 0 2240.14186906
2 4 4 0 505.051293438
8 4 0 0 2159.11469035
8 8 0 0 2458.45095359
8 4 0 1 2160.36674004
8 4 0 1 2144.6828046
4 8 2 1 2401.45632564
8 4 0 0 2295.29939338
1 8 7 1 1704.7439802
4 4 4 0 2224.42115607
