8 32 8 0 2876.4742988
8 16 2 1 3080.83095237
2 16 32 1 1864.80788729
8 32 4 1 3190.93869697
2 16 8 1 1728.4091959
4 32 8 1 2291.90575579
8 8 8 0 2861.67186147
16 8 4 1 3868.53273392
16 8 16 0 2509.9645516
2 32 4 0 1283.63368483
32 8 1 0 4814.3791272
32 16 1 1 4752.8678612
8 32 8 1 2464.87277313
1 16 16 1 2105.32686202
32 8 4 0 3897.58069658
1 32 8 1 1165.33488824
4 32 16 1 1877.39335122
16 32 4 0 3754.84454174
16 32 1 0 3963.67809223
32 16 16 0 2442.63096495
1 16 8 1 1098.74336275
1 32 4 0 2069.79102667
8 32 32 0 1674.69373105
4 16 4 1 2334.52061022
4 8 2 0 2434.441818
32 16 16 1 2109.47141887
8 8 2 0 3165.73426904
16 16 2 1 4192.2241218
32 16 2 1 4796.75736199
8 8 8 1 2749.96602212
1 32 32 0 1890.76018752
8 16 4 0 3103.14147007
2 16 8 0 1501.05922311
4 32 32 0 1825.62115737
32 8 4 1 3734.71786869
2 32 32 1 1335.65781012
16 16 1 0 3958.78717677
4 8 4 1 2315.92630888
1 32 16 1 1338.80091532
16 8 16 1 2057.38432233
2 32 16 0 1528.77574675
32 8 16 1 2595.46191964
32 16 32 1 3200.51764055
4 8 32 1 1772.58659796
4 8 1 1 2112.41895199
2 32 1 1 1555.71871406
32 8 2 0 3861.5510495
8 32 2 0 2804.98840636
32 16 1 0 4738.69987859
16 8 8 1 3154.10205885
32 16 8 0 3534.62779149
16 32 8 1 3009.77604351
1 32 1 0 1606.43343787
8 16 1 1 3574.7262152
1 32 16 0 2203.02104851
1 16 4 1 2001.94850731
32 8 8 1 3247.71641398
1 16 1 0 996.26659236
1 16 2 1 2205.31841983
32 8 32 1 3013.84342534
4 16 8 1 2308.77290148
8 8 32 0 1708.37984738
1 32 32 1 962.023765769
16 32 16 0 2523.44429389
1 32 4 1 950.556821814
2 16 1 0 1769.39745619
4 16 8 0 2329.74144757
16 32 4 1 3211.40144884
4 8 8 1 2011.95047811
1 16 8 0 2236.21466957
8 8 4 1 3274.04801485
2 16 16 0 1488.76167619
4 32 32 1 1411.69256756
16 16 32 0 1810.96627894
8 32 2 1 2948.29157178
8 32 1 0 3152.94175082
2 32 2 0 1559.06106153
8 16 2 0 3455.99877434
16 16 2 0 3327.19651777
32 16 32 0 2286.85451732
32 8 32 0 2594.29160366
2 32 4 1 1769.93737042
8 8 2 1 3304.85997679
32 16 4 1 4409.20953832
4 16 1 1 2325.90652771
16 8 1 0 4513.95420412
4 8 4 0 2318.27366318
4 32 16 0 1954.49657883
16 8 2 1 4524.27463355
4 8 16 1 2082.99152105
32 16 8 1 3296.0728306
4 16 32 1 1996.92238278
8 8 16 1 1938.14304661
8 8 4 0 3084.16791054
2 32 16 1 1725.92914648
4 8 2 1 2163.75311488
16 32 8 0 2716.97088674
32 8 8 0 3022.51996344
2 16 2 1 1752.98814225
1 32 2 0 2065.83327055
16 16 4 0 3240.82129781
16 8 32 0 1841.26331519
8 32 16 0 2317.83077962
8 32 16 1 2119.2409864
16 32 1 1 3762.67082136
16 8 32 1 2009.58284242
2 32 2 1 1571.53483762
16 16 4 1 3763.98500453
2 16 32 0 1191.66475563
4 32 8 0 1823.87606871
16 8 8 0 3146.57334915
16 16 32 1 1592.49286613
8 32 32 1 1601.49206465
8 8 1 1 3161.27122638
16 32 32 1 2099.33303964
1 16 2 0 1361.25500764
32 8 1 1 4953.53747384
16 16 1 1 4286.92926717
4 16 2 0 1964.20459576
1 16 4 0 921.469422343
1 32 8 0 1341.97858892
2 16 1 1 1644.28337258
4 16 4 0 2485.39725858
8 16 16 0 2186.87181028
2 8 32 0 1402.80072889
2 16 2 0 1670.58770055
8 16 32 0 1854.00606916
1 32 1 1 1179.84125578
8 16 1 0 3239.04480815
16 16 16 0 2489.91289362
8 8 1 0 3095.30632205
8 16 16 1 2106.68731564
4 8 16 0 1910.9882055
2 32 32 0 1525.17507745
2 32 1 0 1828.49802869
2 16 4 0 1416.05546519
8 32 1 1 3430.49153852
16 16 16 1 2430.78734078
8 16 8 0 2809.94599713
16 32 2 0 4124.61546209
16 16 8 0 3224.46777023
1 16 32 1 2186.63346021
16 8 1 1 4294.89492857
2 16 4 1 1758.35459788
4 32 2 1 2259.2801027
8 32 4 0 2939.23674176
4 16 16 1 2043.38256575
4 8 8 0 2313.70374981
4 32 2 0 2535.17448937
2 32 8 0 1527.52939422
4 32 4 1 2486.98577427
8 8 16 0 1814.49883759
4 8 32 0 1733.8838535
8 8 32 1 1790.7838162
4 32 4 0 2546.62274395
1 32 2 1 1458.516405
16 16 8 1 2908.18651873
8 16 4 1 3122.67078024
32 16 4 0 3367.41445962
4 16 16 0 1979.11360997
4 32 1 1 2376.20363576
16 8 2 0 3822.55066632
2 16 16 1 1683.34368996
16 32 2 1 3564.45302163
1 16 16 0 988.798871799
4 16 1 0 2142.67052803
4 16 2 1 2579.65974046
8 16 8 1 2683.7378652
4 8 1 0 2439.590692
16 32 16 1 2162.61818222
2 32 8 1 1616.01502707
4 32 1 0 2540.49375326
1 16 1 1 1568.97951018
1 16 32 0 2094.70848518
4 16 32 0 1414.81922454
4 4 1 0 1853.86663238
2 2 16 0 1494.66105678
32 1 4 1 2421.66215791
32 2 16 0 2325.70863996
8 2 4 1 1951.98045254
1 2 16 0 1484.78417691
8 1 16 0 569.30869569
8 2 16 1 1982.51189656
16 2 2 1 2729.2372079
4 2 1 0 1722.80151576
1 4 2 1 622.120341919
1 1 16 0 1337.34105363
8 1 32 1 1318.03838274
8 1 8 1 1355.7885469
2 1 1 0 988.119535316
32 1 8 0 2229.79181461
1 4 16 1 1955.53749421
1 2 1 0 1792.64825313
8 1 2 0 2071.4030497
4 2 2 0 1809.49912951
1 2 32 1 2005.6196209
8 1 16 1 816.05154603
4 1 32 1 1407.39392782
4 1 2 0 1568.6021649
16 1 16 1 1652.10613752
4 1 2 1 1291.64273851
32 2 8 1 2204.10760136
2 1 32 1 1668.40446774
32 32 8 0 3457.37476036
2 1 32 0 1037.7068683
1 2 2 0 2285.72211813
4 2 8 1 1340.34176397
2 2 16 1 790.645995814
2 1 4 1 1068.64923831
16 2 4 1 2541.69664348
8 1 4 0 1372.30680345
32 32 8 1 3263.15878371
2 2 32 0 1397.50479886
8 2 1 0 2352.07528832
2 1 16 1 606.338801631
2 1 8 1 839.029865234
1 4 8 0 2183.38686936
8 1 4 1 1491.48521187
32 2 32 0 3039.67992522
16 1 32 0 755.667742611
4 2 32 1 1403.1027407
1 4 8 1 1371.09400035
32 1 1 0 3145.79635344
32 2 4 1 3282.89024459
1 1 1 1 1149.60576876
4 1 32 0 1096.68801104
16 1 2 1 2745.55025805
32 1 2 1 3254.33947989
4 1 4 0 962.982996628
1 1 32 1 1434.22869884
16 2 32 1 1330.20183482
32 1 1 1 3755.64108013
8 2 2 0 2302.49904942
32 2 8 0 2876.14078952
32 32 16 0 2690.37483595
1 4 32 1 2512.65977977
16 2 16 1 1238.13198005
2 4 32 1 1732.21452011
16 2 32 0 1577.00168259
32 1 16 0 1469.29598624
16 2 8 0 2455.07625837
8 1 32 0 1186.17578838
16 1 1 1 2903.07785824
4 4 2 1 1915.6357207
2 4 2 0 1535.59785946
2 2 1 1 1368.6522214
16 2 8 1 2806.22599831
2 2 2 0 1307.91041313
4 1 4 1 1555.28876169
32 32 32 1 2510.29988074
1 1 1 0 1513.70060452
1 1 2 0 330.614984098
4 2 16 0 1547.63687686
32 32 16 1 2565.80785725
2 4 4 0 1457.21104987
2 2 1 0 1472.34472867
8 2 32 1 1503.85704654
2 4 8 1 1203.1408357
16 2 1 1 3267.57375665
4 2 2 1 1920.17037062
1 2 4 1 1514.10554036
2 1 4 0 973.871097482
1 1 8 0 1403.50028084
32 2 4 0 3122.27356542
2 1 16 0 1009.97133398
1 2 1 1 2191.66245219
4 1 8 0 1022.59138945
8 2 32 0 1508.69099476
2 4 2 1 1259.20751516
16 1 8 1 1504.77999866
4 2 8 0 1808.29306668
1 2 4 0 1738.4835757
4 1 8 1 1246.3213436
32 1 4 0 2375.15556683
16 1 2 0 2436.35900237
16 2 16 0 1907.32695587
2 2 32 1 1057.33761141
8 1 1 1 1994.04021425
1 1 8 1 1692.2631572
32 1 16 1 1751.96380097
16 2 1 0 3279.39825701
16 2 2 0 3327.07434928
1 2 8 1 2300.32831857
2 1 2 0 1065.58973753
32 2 1 0 4438.54174047
1 2 32 0 1583.4498117
8 1 1 0 2043.61254715
1 1 2 1 1499.65274414
2 2 4 1 1086.61978221
16 2 4 0 2754.90978229
4 2 16 1 1305.76359253
2 2 8 1 1311.40842497
8 2 16 0 1900.79233609
32 1 2 0 3274.22707341
2 4 16 1 1026.92637936
8 1 8 0 1851.33269233
1 4 32 0 1765.82642264
1 1 32 0 1758.57962858
8 2 1 1 2400.84239998
32 2 1 1 3495.94270618
32 1 32 0 2060.45621278
32 2 16 1 2367.2297605
4 1 1 1 1410.41773209
32 32 2 0 4345.14627619
1 1 4 1 1570.888107
16 1 4 1 2547.48652983
16 1 16 0 1522.086961
1 4 1 1 2342.57272893
32 32 1 0 4256.78822973
32 32 4 1 3966.89493307
16 1 8 0 1339.36957514
2 4 4 1 1279.66931631
1 2 2 1 1877.769918
4 4 2 0 2002.09849241
2 1 8 0 1005.94381287
8 2 8 1 2055.87738556
1 4 4 0 597.486605319
32 1 32 1 2298.52503843
2 4 16 0 1489.77793157
2 2 8 0 1394.81033439
4 1 16 0 1369.42692186
4 4 1 1 2049.22890027
8 2 2 1 2398.46989027
1 4 1 0 1907.43986941
32 32 1 1 4214.73013796
32 1 8 1 2081.14793137
32 2 2 0 3443.65986864
4 2 32 0 1684.3730684
8 2 4 0 2194.11151794
4 1 1 0 1363.80949871
2 2 2 1 1134.59274171
1 1 4 0 1494.45779054
4 2 4 1 1967.97458277
2 4 8 0 1474.52439576
32 2 2 1 3932.97921814
1 4 4 1 2188.33150107
1 2 8 0 1959.22725886
4 2 1 1 1788.4554436
2 4 32 0 1665.26938825
16 1 4 0 2064.27143182
2 1 1 1 1079.88654787
1 4 2 0 1965.21266332
32 32 32 0 2275.0028497
4 1 16 1 956.383276799
32 32 2 1 4086.49080543
2 4 1 1 1483.48896218
4 2 4 0 1716.88407919
16 32 32 0 2074.52882118
32 2 32 1 2753.87343022
16 1 32 1 1645.53915632
2 4 1 0 1627.79920508
8 2 8 0 2084.50179939
1 4 16 0 626.156285855
8 1 2 1 1838.38315002
2 2 4 0 1295.37716657
1 2 16 1 564.734713969
1 1 16 1 326.401974387
32 32 4 0 3571.16599381
16 1 1 0 2068.9027962
2 1 2 1 1242.25882005
16 4 16 0 2290.83550222
32 4 4 1 3991.15928093
2 8 32 1 1269.24035348
1 8 2 0 1556.13895845
32 4 16 1 2677.35778595
8 4 16 1 1856.28954219
16 8 4 0 4035.75802256
4 4 8 0 1963.38952646
2 8 1 0 1846.69455545
32 4 16 0 2441.67111975
16 4 8 0 2744.92850133
4 4 16 1 1959.19733702
1 8 1 1 654.379220585
32 4 1 1 4876.49861977
