8 1 0 0 2722.93977903
8 32 0 0 5601.88249698
8 2 0 1 1529.2116917
8 32 0 1 3557.0453119
8 32 0 1 6056.56515842
4 1 4 0 1901.84400655
8 32 0 0 5218.47754708
4 2 4 1 1008.46648055
4 1 4 1 1613.04465051
8 32 0 0 6546.68054373
8 2 0 0 601.707807015
8 2 0 0 3331.5689667
8 1 0 1 2452.67247851
2 2 6 0 2015.86828498
8 1 0 0 2505.77823723
8 32 0 0 6455.447692
8 32 0 0 4632.28925564
4 2 2 1 2231.12990956
1 1 1 1 1755.33154087
8 2 0 0 3117.19182554
1 1 7 1 1465.56601248
8 32 0 1 6626.10657326
2 2 6 0 1499.56196695
4 2 4 0 1724.71802934
2 2 6 1 1017.8029357
2 1 6 0 1358.43765824
8 32 0 0 6382.91631342
8 2 0 0 3032.55097982
2 2 6 1 1116.80812718
8 1 0 0 2377.06647345
4 2 4 1 2178.90402367
8 32 0 1 6205.71975834
8 32 0 0 6059.2324952
8 32 0 0 6398.120739
8 2 0 0 2662.51734356
8 2 0 0 2994.74746962
2 1 1 1 1184.9466112
8 2 0 1 3097.639602
2 1 4 1 1210.15574888
8 1 0 1 2696.54209292
8 32 0 1 6237.56128585
8 32 0 1 6444.66032149
8 1 0 0 2088.55355265
8 2 0 1 2717.24098836
8 1 0 1 2669.98473251
4 1 1 0 1849.39001622
8 1 0 1 2323.9094779
4 2 1 0 2242.53444239
8 1 0 0 2823.84857448
8 1 0 1 2556.96803761
2 1 1 0 687.543312078
8 2 0 0 3073.5524387
8 2 0 0 3357.90581502
1 2 7 0 495.607897927
4 2 4 1 866.803456047
8 1 0 1 2733.97814056
8 2 0 1 3174.99990771
1 1 7 0 1354.68119414
1 2 7 0 322.795163812
8 1 0 1 2630.41447612
8 1 0 0 2641.5356
8 2 0 1 3582.58652687
8 32 0 1 4984.6290524
8 2 0 0 3200.83363545
8 2 0 0 3091.20372463
2 1 4 0 1165.33192165
8 2 0 1 2887.14748344
8 2 0 0 2987.87422115
8 2 0 1 2818.51589364
4 2 4 0 382.855777076
8 1 0 0 2548.3452388
1 4 2 0 1554.11779598
4 1 4 1 1874.75701745
8 1 0 1 2437.5396554
2 2 2 1 620.826741031
8 2 0 1 1269.10267687
4 1 2 0 1536.75381813
1 1 4 0 679.185081091
1 2 7 1 1784.53912823
8 2 0 1 3048.06687641
2 1 6 1 1595.52885288
4 2 4 0 2357.50251868
1 1 2 0 798.880540441
8 32 0 0 6367.74754374
8 32 0 0 6291.84596811
8 1 0 1 2504.17475471
8 32 0 0 5833.60437614
1 2 1 1 654.99752565
8 2 0 1 2820.42202392
8 32 0 0 6567.55647912
1 4 1 1 1445.00018324
8 1 0 0 2776.63271433
8 32 0 0 6142.0305238
8 2 0 1 3210.97997268
1 1 7 0 1472.07465468
8 1 0 1 2675.81606737
8 32 0 0 6007.76566841
1 2 2 0 847.145501696
8 2 0 1 2900.30753324
8 1 0 0 2603.25301184
1 2 7 0 1940.88460214
8 32 0 1 5944.26300677
2 2 6 0 1328.29563221
8 2 0 0 3235.04040264
8 32 0 1 6459.16207259
4 1 4 1 1612.2066047
8 2 0 0 2590.48966461
8 1 0 1 2641.257277
8 1 0 1 2728.12770692
8 2 0 0 3136.83244777
1 2 2 1 2231.91206132
2 2 2 0 438.255879626
1 4 2 1 2211.21185198
8 1 0 0 2933.43273123
8 32 0 1 6490.58053541
2 2 4 0 2162.54506825
8 1 0 1 2323.44340459
8 2 0 1 2842.43002426
8 1 0 0 2423.33348511
2 2 6 1 1227.20214662
8 1 0 1 2748.13370409
8 2 0 0 2816.83264314
8 1 0 0 2700.19639374
8 1 0 0 2263.43829453
8 1 0 0 2611.78346295
8 32 0 1 6137.49334924
1 2 4 0 818.221912345
8 1 0 0 2428.81837313
8 1 0 0 2565.33416209
8 32 0 1 5993.50718828
1 1 7 0 1111.537566
8 1 0 0 1893.52832022
8 32 0 1 6582.75653216
8 32 0 1 5700.0153893
8 2 0 0 2727.88110012
2 1 2 0 1087.20292159
8 32 0 1 3898.73303897
4 2 1 1 2660.60570304
4 1 4 0 1752.75975776
4 2 4 0 1705.83041334
4 1 4 0 1688.73756032
4 2 2 0 934.26258762
8 2 0 1 3237.12645833
8 2 0 0 3390.75819851
8 1 0 1 2508.46344093
2 1 6 0 1109.93734486
1 1 1 0 1037.76960314
8 32 0 0 6382.26471863
8 2 0 1 3647.7110929
8 2 0 1 3511.29297794
4 1 2 1 1547.36123771
1 1 7 1 651.899031281
4 2 4 1 1851.10707306
2 1 6 1 371.441562336
8 1 0 1 2302.88964539
8 2 0 0 2808.71770125
8 1 0 1 2735.14590717
8 2 0 1 1962.39730384
8 32 0 0 5839.4705642
1 4 1 0 1475.96878594
8 2 0 1 2804.20548777
8 8 0 0 4635.2461809
2 8 1 0 2227.83779974
8 8 0 0 4404.2588594
2 4 4 0 1786.65142931
8 4 0 0 2477.02116323
8 8 0 0 4725.95672169
8 4 0 1 2661.64549288
8 4 0 1 3381.11088576
4 8 2 1 2848.89263226
8 4 0 0 2951.21925697
1 8 7 1 1489.84630647
4 4 4 0 2118.77306386
4 8 2 0 3060.99792789
1 4 7 0 1517.35266808
4 16 4 0 2423.78916928
8 4 0 1 2647.29229136
8 8 0 1 4417.37786774
8 8 0 0 4302.65916119
8 8 0 0 4226.50272888
8 8 0 1 4525.09629965
2 16 6 1 2265.31608688
2 4 2 1 1249.93958126
2 4 2 0 1245.29741429
8 8 0 1 4476.84490952
1 16 7 1 1404.04192281
8 4 0 0 2756.13385449
1 4 7 1 1911.75691839
2 8 4 1 759.269560171
2 8 2 0 1487.41659412
8 4 0 0 2934.17612928
4 4 2 0 2082.37762325
8 4 0 1 2316.89132403
4 16 4 0 2961.99929196
1 8 7 1 1399.86981729
1 16 1 1 1712.88132063
8 4 0 1 2476.04300607
8 8 0 0 4974.89477651
1 8 1 1 1571.11362736
8 4 0 1 2691.4073149
8 8 0 0 3578.14308733
2 8 6 0 1471.04729905
8 4 0 1 2598.32443911
2 4 6 1 1761.88750748
8 8 0 0 4457.94320784
2 16 1 0 516.815147396
4 4 4 1 2385.27422549
1 16 4 0 1881.18304617
4 16 4 1 2792.71847247
1 8 2 1 1795.29117266
8 4 0 0 2535.2422152
2 16 6 0 2228.73650804
1 4 7 1 1018.35889993
4 8 4 1 2710.13406953
2 4 6 1 2217.91432662
8 4 0 0 2981.44981238
2 4 6 0 1442.22521771
2 8 6 1 1910.3603338
2 16 4 0 2489.13505728
8 8 0 1 4522.28270954
4 8 1 1 2597.95229434
8 8 0 0 4581.24616205
8 4 0 1 2546.38325503
8 4 0 0 3260.24028615
2 4 1 1 1653.65011142
8 8 0 0 4520.00105735
2 16 6 1 1614.5056471
4 16 4 1 2828.34997589
8 4 0 0 2512.13074437
1 16 7 0 1922.59257775
8 8 0 0 4506.30962864
2 8 6 0 671.357515863
8 4 0 1 2356.34738123
8 4 0 1 2562.67049082
8 4 0 0 3578.84528668
1 8 7 0 1979.58809162
1 8 4 1 1289.35976457
8 4 0 0 2808.46172389
4 4 1 0 2848.65849636
1 8 7 0 2114.79963974
4 4 1 1 2167.92006852
8 8 0 1 4688.30665102
4 4 4 0 1708.54776407
8 8 0 1 4397.02245769
1 8 7 0 1833.94584908
8 8 0 1 4220.13612919
4 16 1 0 3851.05780869
1 8 1 0 1562.90518012
8 4 0 0 3045.25392785
4 8 4 1 2960.570223
1 16 7 1 1954.47409877
2 8 4 0 2009.9352924
4 8 4 0 1263.97768141
2 8 2 1 2891.27706001
4 4 4 0 1737.54769986
8 8 0 0 4425.33141991
4 16 1 1 3990.21936012
2 16 4 1 2983.6620451
2 8 6 0 1630.3550827
8 8 0 1 4632.96374972
4 4 2 1 1428.88157868
2 16 6 0 2189.29210243
4 4 4 1 1800.20410696
8 8 0 1 4775.50669792
1 8 4 0 2195.7422118
8 4 0 0 2663.40643672
2 4 6 0 1487.47813966
4 8 4 0 1926.76215056
4 8 1 0 3338.21527709
4 4 4 1 2535.13034838
4 4 4 1 2511.15067408
8 8 0 1 4405.7708672
1 16 7 0 1760.74854351
1 4 7 0 1961.07953873
8 4 0 0 2870.28871084
8 8 0 1 4376.49475908
8 8 0 1 4488.00150489
2 16 1 1 2833.7373319
1 8 7 1 1406.61562903
1 4 4 0 1510.2114506
2 4 4 1 2206.64081147
8 4 0 0 2592.97299678
8 4 0 1 2480.5143291
8 8 0 1 4445.68026763
8 8 0 0 4793.49232936
1 16 1 0 1721.59447707
2 16 6 0 1961.69134391
8 4 0 1 3113.01065635
4 8 4 1 2437.59238373
2 8 6 1 457.984488058
8 4 0 0 2558.47165196
1 4 4 1 1254.00271111
8 4 0 1 3138.41182841
8 4 0 0 2610.910863
8 4 0 1 2444.08250994
8 8 0 1 4841.51188176
8 8 0 0 4736.41394471
8 8 0 0 4644.54183923
2 4 6 0 1053.91595686
8 8 0 0 4606.70345769
2 16 6 1 2294.66816449
4 8 4 0 1970.41317379
8 4 0 1 2421.86555107
2 4 1 0 2635.93185452
8 4 0 1 2397.27769014
8 4 0 0 2750.32912429
8 8 0 1 4696.33996438
1 16 7 0 1920.79924121
8 8 0 0 4515.78180638
4 16 2 0 2761.7106087
1 16 7 1 1486.18852257
4 4 4 0 1664.71397886
8 8 0 0 4608.56356732
2 8 1 1 2686.91777444
2 4 6 1 2057.73314491
8 4 0 0 2519.63881554
8 8 0 1 4597.57725711
8 8 0 1 4711.32537102
1 4 7 1 2115.41031986
8 4 0 1 2329.33600329
8 4 0 1 3021.53527866
1 4 7 0 1002.25984262
8 8 0 1 4559.25611113
4 16 2 1 3062.04520518
1 8 2 0 2048.16456398
2 8 6 1 2001.68695986
8 32 0 0 5565.79142264
