2 2 16 0 478.760865263
32 1 4 1 749.96860542
32 2 16 0 744.934944131
8 2 4 1 775.345143822
1 2 16 0 1975.11935412
8 1 16 0 772.320206236
8 2 16 1 765.533307629
16 2 2 1 743.012283378
4 2 1 0 776.443425387
1 4 2 1 1548.65375485
1 1 16 0 492.157141699
8 1 32 1 756.147601834
8 1 8 1 758.044219057
2 1 1 0 1542.24705233
32 1 8 0 722.144702644
1 4 16 1 659.75028838
1 2 1 0 1220.67325255
8 1 2 0 771.791960534
4 2 2 0 776.074381398
1 2 32 1 2131.5869015
8 1 16 1 764.908026038
4 1 32 1 775.110504631
4 1 2 0 777.520440484
16 1 16 1 755.062106735
4 1 2 1 759.733328911
32 2 8 1 745.791611272
2 1 32 1 1671.86991682
32 32 8 0 738.636666423
2 1 32 0 777.668993425
1 2 2 0 2350.195296
16 32 4 0 768.21793248
16 32 1 0 725.266862746
4 2 8 1 770.130368446
2 2 16 1 1333.88204483
8 32 32 0 759.201734854
2 1 4 1 779.594967726
16 2 4 1 740.586754397
8 1 4 0 767.984095798
32 32 8 1 729.109377412
2 2 32 0 776.923046237
8 2 1 0 768.470203799
2 1 16 1 1045.60837328
2 1 8 1 777.002607711
1 4 8 0 1824.40878162
8 1 4 1 771.974065401
32 2 32 0 747.102217631
16 1 32 0 731.580119889
4 2 32 1 773.593478049
1 4 8 1 2341.90338429
32 1 1 0 749.427460881
32 2 4 1 751.064371893
1 1 1 1 1150.87975162
4 1 32 0 767.712239689
16 1 2 1 727.117810031
32 1 2 1 751.572172683
4 1 4 0 771.809019593
1 1 32 1 1626.27812344
16 2 32 1 760.356846667
32 1 1 1 742.485442782
8 2 2 0 762.815666912
32 2 8 0 756.306967648
16 32 8 1 740.283891578
32 32 16 0 748.398515706
1 4 32 1 1423.83012025
16 2 16 1 768.636517932
16 2 32 0 763.143902947
32 1 16 0 748.778865168
16 2 8 0 756.609399767
8 1 32 0 756.837757635
16 1 1 1 761.947790028
2 4 2 0 781.972096651
2 2 1 1 1007.31561049
16 2 8 1 761.134603112
16 32 16 0 745.71303544
2 2 2 0 780.798909121
4 1 4 1 755.902537978
32 32 32 1 729.573588114
1 1 1 0 375.512686379
16 32 4 1 741.652657698
1 1 2 0 1381.33697356
4 2 16 0 769.331532274
32 32 16 1 742.577934712
2 2 1 0 774.391400803
8 2 32 1 729.483412583
16 2 1 1 760.830678138
4 2 2 1 775.692986924
1 2 4 1 1997.53667235
2 1 4 0 1206.80634708
1 1 8 0 548.996529374
32 2 4 0 756.010536639
2 1 16 0 461.565012081
1 2 1 1 1734.39307772
4 1 8 0 733.768482009
8 2 32 0 749.465042666
2 4 2 1 590.726620459
16 1 8 1 758.609800666
4 2 8 0 779.283739828
16 32 8 0 747.282761229
1 2 4 0 1345.23021637
4 1 8 1 774.600748579
32 1 4 0 754.264049164
16 1 2 0 767.227547594
16 2 16 0 735.166562324
2 2 32 1 1404.30497247
8 1 1 1 769.06301806
32 1 16 1 744.191163912
16 32 1 1 766.807603518
16 2 1 0 764.092739199
16 2 2 0 755.717776541
1 2 8 1 603.471747038
2 1 2 0 952.739820398
32 2 1 0 759.695024733
1 2 32 0 461.341047391
8 1 1 0 753.879450002
1 1 2 1 553.258168475
2 2 4 1 1545.0394298
16 2 4 0 731.621423984
4 2 16 1 774.634663581
2 2 8 1 1327.82112458
8 2 16 0 771.952486993
32 1 2 0 753.163241562
8 1 8 0 755.784898627
1 4 32 0 1654.71029643
1 1 32 0 1780.98476045
8 2 1 1 740.033064502
32 2 1 1 747.680919942
16 32 32 1 760.746899176
32 1 32 0 741.643570096
32 2 16 1 751.699110468
4 1 1 1 775.943488661
32 32 2 0 741.849061155
1 1 4 1 1665.00442268
16 1 4 1 767.277114609
16 1 16 0 750.319346962
1 4 1 1 580.372255702
32 32 1 0 737.774189976
32 32 4 1 724.979251765
16 1 8 0 754.346528146
2 4 4 1 1384.39121572
1 2 2 1 571.528453632
2 1 8 0 387.017000319
8 2 8 1 769.206808091
1 4 4 0 513.345066493
32 1 32 1 745.779042066
2 2 8 0 777.896192639
4 1 16 0 772.389868364
8 2 2 1 764.597313031
16 32 2 0 770.403614005
1 4 1 0 1389.79594813
32 32 1 1 742.994231927
32 1 8 1 748.48175424
32 2 2 0 741.254160055
4 2 32 0 776.149160208
8 2 4 0 773.641251188
4 1 1 0 775.898909741
2 2 2 1 1082.00900653
1 1 4 0 1668.69690318
4 2 4 1 780.169924023
32 2 2 1 760.774175714
1 4 4 1 591.204805901
1 2 8 0 996.792167456
4 2 1 1 775.687755848
16 1 4 0 757.468712768
2 1 1 1 405.485490455
1 4 2 0 1811.63356697
32 32 32 0 735.685052595
4 1 16 1 769.788364436
32 32 2 1 741.935888544
2 4 1 1 518.16768935
4 2 4 0 772.182888262
16 32 32 0 759.247489259
32 2 32 1 734.343639065
16 1 32 1 745.433455241
2 4 1 0 1548.17504909
8 2 8 0 772.635046847
1 4 16 0 585.725518672
8 1 2 1 774.728072319
2 2 4 0 778.876695299
16 32 2 1 731.238049995
1 2 16 1 589.568902393
1 1 16 1 1145.11727862
32 32 4 0 734.15294596
16 32 16 1 726.047027317
16 1 1 0 729.551152432
2 1 2 1 777.504169559
16 4 16 0 766.03522855
32 4 4 1 739.990058089
4 4 1 0 775.079281049
2 8 32 1 1619.79128232
1 8 2 0 2251.20114999
32 8 16 0 743.67647764
32 4 16 1 739.983714014
8 16 32 1 767.648023234
32 8 2 1 746.947676062
8 4 16 1 772.809231513
16 8 4 0 728.042373414
4 4 8 0 778.715837613
2 8 1 0 708.254171555
8 16 2 1 767.188782768
2 16 32 1 777.516876586
32 4 16 0 732.308982035
16 4 8 0 765.148226076
4 4 16 1 774.692975379
2 16 8 1 1399.9050292
1 8 1 1 1653.42826004
32 4 1 1 739.564374391
8 8 8 0 770.045142001
16 8 4 1 768.673464699
4 4 4 1 773.046633984
16 8 16 0 770.715225696
32 8 1 0 749.678241333
2 8 8 0 729.88219888
1 16 16 1 598.938199029
32 8 4 0 739.396980344
2 8 16 0 761.030289462
1 16 8 1 768.636424393
8 4 16 0 773.427421586
4 16 4 1 772.276078761
4 8 2 0 771.661998035
32 4 2 1 755.567878053
8 8 2 0 779.8131958
16 16 2 1 748.000496627
8 8 8 1 761.088858354
1 8 32 0 678.655191824
8 16 4 0 774.85240166
2 16 8 0 780.479846339
8 4 4 0 735.000868683
8 4 8 1 774.25442291
32 8 4 1 748.501855191
16 16 1 0 769.109216845
4 8 4 1 758.623604706
16 8 16 1 753.403727773
32 8 16 1 737.969046478
4 8 32 1 770.227221749
4 8 1 1 771.442820527
32 8 2 0 756.342373637
2 8 2 1 1640.54326122
16 8 8 1 755.339842058
1 8 8 1 2072.94574751
1 8 4 0 646.418258401
8 4 2 0 774.347667367
8 16 1 1 760.095138004
1 16 4 1 2347.52074627
2 4 32 1 613.588938014
32 8 8 1 722.181931773
1 16 1 0 547.259993803
1 16 2 1 822.178617352
32 8 32 1 750.267131459
4 16 8 1 771.823108449
8 8 32 0 773.833350839
4 4 2 1 773.639648621
32 4 8 0 748.818737132
16 4 32 0 734.446333376
2 16 1 0 1589.0998418
32 4 8 1 755.941634167
16 4 1 1 750.782067353
4 16 8 0 778.212297222
2 8 4 0 774.509188996
8 4 8 0 765.830290584
4 8 8 1 754.015121327
1 16 8 0 607.53771329
8 8 4 1 758.009274293
16 4 1 0 767.792459486
2 16 16 0 782.327274924
2 4 4 0 780.881114939
2 8 4 1 1677.28376532
2 4 8 1 1112.51012526
8 16 2 0 769.049803688
16 16 2 0 747.75750783
32 8 32 0 754.632124741
16 4 2 0 761.526890841
2 8 1 1 1667.26469319
1 8 16 0 2287.95583774
8 4 1 1 761.933132138
32 4 32 1 737.440571521
16 4 4 1 766.854153335
8 8 2 1 778.548639118
4 4 16 0 778.099762907
32 4 1 0 766.248363511
1 8 16 1 536.037667605
32 4 4 0 721.065056953
4 16 1 1 769.08335002
16 8 1 0 757.798365716
4 8 4 0 770.729576155
16 8 2 1 767.190449166
4 8 16 1 764.675627906
4 16 32 1 742.394824325
8 8 16 1 773.632505436
8 4 1 0 761.480815403
2 8 2 0 769.539137331
8 8 4 0 760.418416523
4 8 2 1 769.999236564
32 8 8 0 736.63945728
2 16 2 1 777.142199414
16 16 4 0 768.241825547
16 8 32 0 773.696266443
8 4 2 1 768.660769951
16 8 32 1 765.721182965
16 16 4 1 753.857717481
4 4 4 0 781.511037308
2 16 32 0 2070.19497461
2 4 16 1 873.968276264
16 8 8 0 770.062817026
16 4 8 1 742.365934461
8 8 1 1 774.554778907
2 8 8 1 1696.09982586
1 16 2 0 586.857205634
32 8 1 1 744.263783239
16 16 1 1 747.913129687
4 16 2 0 777.799795712
1 16 4 0 1847.04464055
2 16 1 1 773.34371689
4 16 4 0 766.444186337
8 16 16 0 771.244654266
4 4 8 1 780.559176199
2 8 32 0 746.334545081
2 16 2 0 774.266940188
8 16 32 0 771.144581964
8 16 1 0 755.648113782
1 8 8 0 579.845763327
4 4 32 0 757.976550614
4 4 2 0 773.423622132
8 8 1 0 775.088630235
8 16 16 1 771.491015758
16 4 32 1 747.841379904
4 8 16 0 764.289719331
4 4 32 1 771.960739703
1 8 32 1 1988.01226109
16 4 4 0 772.296139361
2 16 4 0 775.204050556
16 16 16 1 770.769338681
2 4 16 0 1495.65335278
1 8 2 1 494.832504285
8 4 4 1 776.586832133
8 16 8 0 775.681972888
4 4 1 1 778.157689624
16 16 8 0 760.637419231
1 16 32 1 2057.54521316
16 8 1 1 749.976043806
2 8 16 1 1767.9012066
2 16 4 1 1850.36817649
4 16 16 1 774.685871416
4 8 8 0 772.195830119
2 4 8 0 750.467036196
16 4 2 1 772.70747106
2 4 32 0 1316.63167583
8 4 32 1 774.683118735
8 8 16 0 770.791487307
1 8 4 1 1648.376715
4 8 32 0 780.827094619
16 4 16 1 767.445430377
8 8 32 1 753.809771165
16 16 8 1 744.707536692
8 16 4 1 772.079371797
4 16 16 0 776.916407247
1 8 1 0 825.057592485
16 8 2 0 754.357652134
2 16 16 1 1595.46740451
1 16 16 0 2215.05695456
8 4 32 0 745.350882944
4 16 1 0 782.293495181
4 16 2 1 778.260876649
8 16 8 1 772.002225151
4 8 1 0 776.838490504
1 16 1 1 600.614065051
1 16 32 0 1646.90535782
4 16 32 0 782.517482563
32 4 32 0 735.722443275
32 4 2 0 731.440794102
32 16 2 0 746.444494421
