1 4 4 1 109.195623862
4 2 8 0 158.030550608
16 1 8 0 166.012252956
32 2 32 0 159.487888907
1 4 16 1 126.21541535
8 2 32 1 175.396673679
1 2 2 0 84.1868479159
4 2 4 1 132.059371741
8 2 1 1 134.369368042
32 1 2 1 152.039209135
4 2 1 1 120.234172108
1 2 32 0 143.055999019
16 2 2 0 175.794551209
2 2 1 0 74.275073857
1 4 2 0 85.3451576659
8 2 16 0 177.544271234
2 1 2 0 97.246235291
8 1 8 0 207.006578736
1 2 16 0 128.818034511
8 2 2 1 153.498297937
1 4 1 1 62.6325984901
2 1 16 0 141.639415455
32 2 1 1 157.716642724
2 2 32 1 131.481288394
4 4 1 0 118.22091059
1 4 16 0 130.175153784
4 2 4 0 171.609975365
16 2 32 0 163.215335497
2 4 4 1 134.811011408
4 2 8 1 153.449130526
8 1 8 1 182.660906776
1 1 8 0 135.983489129
16 1 1 1 153.900146754
32 1 16 1 163.972917441
1 2 2 1 83.3737731941
4 1 8 0 193.864499374
32 1 8 1 165.638832024
32 2 8 0 168.779434823
4 2 1 0 142.561184446
4 1 4 0 148.99414814
8 1 2 0 164.591937314
2 1 8 0 165.859931471
8 2 2 0 141.48339198
1 4 32 0 117.171440631
4 2 2 0 151.240859199
32 1 2 0 166.318870799
1 1 16 0 137.73616716
8 1 4 0 175.433152702
1 1 1 1 44.1138147568
4 4 1 1 110.681851205
1 2 8 0 137.591579934
8 2 1 0 149.761955143
4 2 32 0 156.783189146
2 1 1 1 93.1564347189
2 1 1 0 88.0281084707
4 1 16 0 193.115665181
1 1 1 0 64.7358439364
16 1 8 1 163.044008049
2 1 2 1 109.665442636
4 1 8 1 169.141538349
4 1 2 0 156.95081063
16 2 4 0 158.780574312
2 1 16 1 155.679715304
8 2 4 1 164.102777198
2 2 16 1 158.93086827
16 2 1 1 162.017593112
4 2 32 1 158.873274508
32 1 4 0 170.751446169
1 2 8 1 124.929221216
2 4 1 1 95.1568240467
1 2 4 0 99.9678462828
2 2 8 1 140.404471617
2 1 32 1 149.508622372
8 2 4 0 167.258145674
8 1 16 0 167.747934704
8 1 1 1 140.918974158
2 1 4 0 135.435721166
2 4 8 0 139.122844749
2 4 16 0 134.236844333
1 1 2 1 87.2161757043
2 1 32 0 171.797889149
16 1 2 1 182.478709442
2 2 8 0 151.835991648
16 1 4 1 171.861012789
32 1 32 0 137.887683521
1 1 4 1 104.304282238
4 1 4 1 156.192670704
2 2 16 0 164.845332512
1 1 8 1 136.560201336
32 2 4 1 159.676793018
32 2 8 1 148.216798773
32 2 32 1 136.296131511
32 2 16 0 137.675241795
32 1 8 0 174.122198693
32 2 4 0 154.677325488
8 2 8 1 182.806120751
8 1 1 0 147.806909811
2 4 8 1 138.465056408
2 1 4 1 152.193732409
16 2 2 1 159.874064369
1 1 4 0 118.048017768
16 1 16 1 185.440518249
1 2 1 1 62.5490866831
16 2 32 1 151.075391887
2 2 4 1 130.197112822
32 1 4 1 145.497547781
2 4 32 0 140.648676554
2 4 4 0 109.097375541
4 2 16 0 194.34539701
8 1 32 1 153.647216009
16 1 32 1 145.734492527
16 2 8 1 175.563204164
16 2 8 0 151.021838626
4 1 32 0 185.899755915
1 4 8 0 126.743348399
4 1 1 0 128.63436078
32 1 32 1 141.556035325
8 1 16 1 165.176609537
8 2 16 1 174.335576275
4 1 32 1 154.096025919
2 1 8 1 153.605454739
1 2 16 1 133.324013777
2 2 2 0 100.538122928
32 1 1 1 172.752826143
1 4 32 1 131.413329805
2 4 32 1 137.912693643
16 2 1 0 151.094564569
2 4 2 1 108.164574571
2 4 2 0 119.744526879
16 2 16 1 147.134252415
2 2 2 1 98.1653403068
32 2 2 1 152.655182275
16 2 16 0 162.980672819
16 1 16 0 152.59272223
8 1 4 1 168.661785424
4 2 16 1 158.573211955
4 1 16 1 162.897866626
1 1 32 1 132.77158412
2 2 32 0 176.533033979
4 1 2 1 131.87767744
32 1 16 0 150.228515117
32 2 2 0 143.855539866
2 2 4 0 135.840559564
16 1 32 0 196.334199355
2 2 1 1 71.903101639
1 1 16 1 142.364053427
4 1 1 1 110.617547262
1 2 4 1 110.104729816
8 2 32 0 176.864769746
16 1 4 0 178.364200769
1 4 8 1 117.232329767
1 1 2 0 87.5445127314
4 2 2 1 158.228582251
32 2 1 0 151.553545541
1 4 4 0 106.807433258
8 1 32 0 177.092161635
32 1 1 0 154.579032988
1 1 32 0 132.259325974
32 2 16 1 147.54829028
1 2 1 0 61.2746907761
8 2 8 0 180.5212863
8 1 2 1 147.209345017
2 4 1 0 88.6677178997
16 2 4 1 176.637975937
1 2 32 1 137.504189085
16 1 2 0 164.99901369
1 4 2 1 78.9791879765
16 1 1 0 163.217672075
1 4 1 0 61.7641623612
2 4 16 1 139.180727445
16 16 4 1 111.241772629
16 16 1 1 129.189267217
8 16 2 1 119.367809179
2 8 4 0 127.07444672
16 4 8 1 163.894951658
16 8 8 0 159.165549952
16 8 32 1 133.544054392
1 8 16 1 115.418154137
32 4 1 0 174.513756948
8 4 32 0 70.962772143
16 8 1 1 150.319487623
2 8 4 1 131.610430978
1 16 4 0 111.436238515
32 4 8 1 151.713983767
16 16 16 0 135.906369146
8 16 1 1 119.226644748
4 8 8 1 158.472217753
4 8 32 0 137.676877217
16 16 16 1 149.786175237
16 8 4 0 153.261990071
4 16 2 1 123.683216427
4 4 2 1 133.692472703
16 16 1 0 148.948986749
4 4 8 0 160.862239436
8 8 1 1 105.963802512
16 8 32 0 126.797816339
4 16 2 0 116.743037611
4 16 8 1 129.923880406
4 4 32 0 171.537006416
8 8 4 1 133.334750278
16 4 1 1 141.805023306
2 8 1 1 93.2933762647
1 16 4 1 103.518841691
4 16 32 0 145.841705228
1 8 1 1 60.5329681477
4 16 16 1 141.624900025
16 8 2 0 156.108414972
32 4 32 0 136.728314987
8 8 8 0 159.095984869
32 8 2 1 151.624121522
32 8 16 1 134.86764142
16 8 1 0 150.939168879
1 16 2 0 75.5590726847
4 8 4 0 145.350142748
2 16 4 1 118.133931919
16 4 16 1 135.948935535
4 16 4 1 126.36124794
2 16 16 0 122.491817461
16 16 8 0 136.7337334
32 4 2 0 144.452915938
8 8 32 1 145.842769838
16 4 32 1 162.771699487
4 8 1 1 116.594717007
8 16 8 0 149.505894658
4 8 2 0 137.020361672
16 8 4 1 154.033761309
8 4 16 0 150.275866066
1 16 2 1 77.9857516093
32 8 8 0 139.509551629
32 8 32 1 161.455355842
16 4 8 0 168.210328726
1 8 2 0 76.582889169
16 4 32 0 151.292058349
1 16 8 1 104.111721639
1 8 1 0 63.4402634809
2 16 32 1 141.214833739
2 8 16 1 131.071811643
4 16 32 1 117.761103091
16 8 16 0 93.3322014986
1 8 2 1 70.2119232601
16 8 2 1 153.019800669
2 16 8 0 123.432191318
2 16 8 1 126.792313794
16 4 4 1 151.432318913
4 4 16 0 154.931316215
4 4 16 1 138.129307225
32 4 4 1 130.194438238
8 4 4 0 168.539303311
1 16 1 0 55.8350811345
2 8 2 1 120.433649174
32 4 4 0 143.943982671
8 8 1 0 130.619935055
16 4 1 0 113.901880428
8 16 4 1 145.86382188
16 4 4 0 157.527093131
16 8 8 1 120.860520662
32 8 1 1 112.620262428
8 4 2 0 139.410665377
16 16 2 1 141.411147255
4 4 4 0 128.805861856
1 16 32 0 116.325528013
2 16 4 0 113.670813124
4 4 8 1 145.907476567
32 4 16 0 160.997545828
8 16 32 1 147.087777398
1 8 32 0 122.589360101
32 4 2 1 153.129241049
8 16 16 0 156.348904421
8 8 4 0 152.181234461
8 16 32 0 156.030748764
1 16 32 1 110.621758756
8 8 8 1 141.600914969
8 8 16 0 146.61143842
2 8 8 0 132.844328435
16 16 32 1 99.7714870946
4 16 16 0 140.251943166
1 8 4 1 105.80122663
8 4 1 0 156.075395356
8 16 16 1 123.583860469
4 16 8 0 157.942362609
2 16 2 1 104.161658247
2 8 32 0 132.353551196
32 4 8 0 133.890176996
16 4 16 0 154.020767107
8 4 8 1 132.281159724
1 8 16 0 113.834683512
32 8 4 1 130.641149489
16 8 16 1 141.221412155
8 4 1 1 121.503407389
8 8 16 1 137.619859175
2 16 32 0 142.14585002
32 4 16 1 131.135998956
2 8 1 0 79.5919177571
8 8 2 0 160.588029689
2 16 1 0 87.9970247731
2 8 16 0 138.934218408
4 16 4 0 147.17650258
4 16 1 0 116.208790424
2 16 2 0 98.9669767162
32 8 1 0 170.951162477
8 4 16 1 147.7300309
16 4 2 0 143.565882603
2 8 8 1 118.403298348
16 16 8 1 147.685050239
2 16 16 1 115.013581676
4 16 1 1 109.684691343
1 8 4 0 101.839594899
4 8 1 0 111.213453377
1 16 16 1 110.781021416
32 4 1 1 134.512183768
8 8 2 1 138.5082624
1 8 8 0 121.174976098
2 8 2 0 110.347846986
4 4 2 0 131.792846346
16 4 2 1 152.657281821
1 8 8 1 122.945973996
4 8 16 1 125.401943861
32 8 4 0 154.534008817
4 4 4 1 137.709205104
8 4 2 1 124.757545521
8 4 8 0 134.696216088
16 16 2 0 148.121805433
8 4 32 1 169.543228159
32 4 32 1 163.600732013
4 8 8 0 152.862805421
4 8 4 1 112.988040049
4 8 2 1 135.972921144
8 8 32 0 169.012190137
16 16 4 0 127.999500158
32 8 16 0 151.737774783
2 8 32 1 152.816760395
8 16 8 1 121.63481065
32 8 2 0 141.210375594
32 8 32 0 163.096436163
8 16 4 0 143.787150253
4 4 32 1 134.955167353
1 16 8 0 118.580404558
1 8 32 1 121.378910034
8 16 2 0 152.302690553
4 8 32 1 155.034663184
1 16 16 0 123.941005281
1 16 1 1 57.8396192226
2 16 1 1 76.3288075436
4 8 16 0 157.801789221
32 8 8 1 143.134524557
8 4 4 1 146.548880286
8 16 1 0 128.700264406
1 32 1 0 61.3995267353
16 32 2 1 126.461470018
16 32 32 1 121.05797536
1 32 4 1 98.6692426501
4 32 16 0 144.428351314
16 32 4 0 146.88005673
4 32 4 1 122.287715438
32 16 8 0 114.521100076
16 32 8 0 131.735682806
16 32 1 1 117.895589654
32 32 8 1 116.264011155
32 16 4 0 147.619401673
1 32 2 0 75.7148149314
2 32 16 1 119.074444369
1 32 32 0 110.844461376
4 32 32 0 143.120394339
32 16 1 0 146.914392588
4 32 2 1 99.1836483436
4 32 32 1 121.721838665
8 32 2 1 118.932077821
2 32 8 0 128.35468206
2 32 1 1 73.2799612007
4 32 4 0 138.977846633
2 32 4 0 111.840058934
2 32 8 1 112.673564913
8 32 16 1 117.572502322
1 32 1 1 54.9002116652
16 32 4 1 120.820551701
32 16 16 1 116.352180586
4 32 16 1 125.6142812
32 16 32 1 130.221520443
16 32 32 0 142.729451348
16 32 1 0 126.821863002
8 32 16 0 130.935035653
32 32 4 1 86.6954901229
1 32 16 0 106.262934445
8 32 4 1 118.831568823
32 16 16 0 155.721872418
32 32 32 0 139.616959175
32 16 8 1 117.812807125
32 32 32 1 117.861868038
2 32 2 0 106.954406218
32 32 4 0 98.2082124773
4 32 8 1 131.661329437
8 32 1 1 111.903643502
4 32 1 0 110.668386598
2 32 32 0 125.845952928
16 16 32 0 168.057610761
32 32 16 1 125.993406901
1 32 32 1 98.8027967056
8 32 8 0 117.973930541
8 32 32 0 129.258345107
4 32 2 0 121.885277062
1 32 8 1 104.284578881
8 32 8 1 77.7338177828
32 32 1 0 128.464873419
16 32 2 0 138.989780133
16 32 16 0 142.64018592
32 32 2 0 119.812075379
32 16 4 1 102.365572341
2 32 32 1 116.676860237
2 32 16 0 127.906308866
1 32 4 0 95.9857023992
8 32 4 0 133.281694747
32 16 2 0 136.260409891
32 32 1 1 126.477397384
32 16 2 1 144.950606206
1 32 16 1 102.168009437
32 16 32 0 131.972530082
2 32 4 1 100.300516084
8 32 1 0 117.081417958
2 32 1 0 82.2598067556
32 32 2 1 43.9765421252
32 16 1 1 105.332109802
32 32 16 0 133.542124633
1 32 2 1 69.5930555544
16 32 16 1 119.933727386
1 32 8 0 111.388541601
32 32 8 0 123.092390613
16 32 8 1 119.38740782
2 32 2 1 91.7532520614
8 32 32 1 138.76011676
4 32 1 1 100.19850296
8 32 2 0 127.093885932
4 32 8 0 133.437414745
8 1 1 1 275.172048809
1 1 32 0 257.872652337
1 1 1 1 74.8518260293
4 1 1 1 188.841487441
2 1 8 1 266.311067164
1 1 2 1 163.473882096
4 1 2 1 238.878876758
2 1 16 0 211.694872822
2 1 8 0 281.007566914
8 1 4 1 157.761517257
4 1 4 1 312.984752235
8 1 2 1 313.760545953
2 1 4 1 262.647531549
1 1 16 1 222.758643212
1 1 16 0 233.142513646
8 1 32 0 308.779701104
1 1 4 1 209.080416048
4 1 1 0 223.393323675
8 1 8 0 293.435039813
2 1 2 0 210.004793362
4 1 2 0 166.446416709
2 1 32 1 311.072213648
1 1 2 0 154.518481308
2 1 2 1 210.512412248
4 1 4 0 279.736278486
8 1 1 0 304.751928437
1 1 32 1 141.054222912
1 1 8 1 243.00208671
2 1 1 1 184.989704418
1 1 8 0 229.549907096
2 1 1 0 159.639663721
2 1 4 0 245.753425203
8 1 32 1 353.069271431
4 1 16 1 326.201391925
8 1 16 1 360.481725118
8 1 16 0 303.129647747
4 1 16 0 375.519319157
2 1 16 1 249.427343757
4 1 8 0 291.265327162
8 1 2 0 242.857874953
4 1 32 1 292.780218335
4 1 8 1 243.82071872
1 1 1 0 119.663897226
8 1 4 0 385.196392837
2 1 32 0 173.486827032
8 1 8 1 299.226337993
4 1 32 0 339.770489493
1 1 4 0 207.967104094
1 2 2 1 156.683778668
2 2 16 0 273.739575935
32 1 8 0 259.630455944
16 2 16 0 316.860795322
4 2 4 0 264.181911066
32 4 16 1 266.386254158
16 2 16 1 325.764599831
32 1 2 1 250.281031032
32 1 32 1 334.448866777
32 2 8 0 270.762111397
2 4 32 0 227.985930496
4 4 8 0 296.945176806
16 2 8 0 283.922203615
1 8 8 0 205.176000407
8 4 1 1 236.902971057
4 2 8 1 249.118329918
1 2 8 0 226.481643498
8 4 4 1 272.238559867
8 4 2 0 281.653539157
2 4 2 1 206.341628806
1 2 1 0 124.896649924
2 2 32 0 267.774929002
32 4 32 0 231.255020198
16 1 2 1 195.882914955
4 4 32 1 244.582851888
32 2 32 0 291.798921259
32 4 16 0 245.151898055
2 2 1 0 169.924531309
4 4 4 0 226.274735251
16 4 32 1 274.503421118
16 1 8 0 344.829517758
8 4 8 0 265.644767257
16 1 4 1 352.796005655
4 2 16 0 333.73004979
16 4 4 1 298.969089005
16 4 1 1 250.300997174
1 4 16 1 179.611863352
16 2 32 0 292.499620688
8 4 32 1 261.288658249
1 4 32 1 199.620672318
32 4 2 1 326.960416362
1 8 8 1 174.438777197
2 4 4 1 228.03364385
8 2 4 0 309.897563642
32 4 32 1 265.231307334
16 2 2 1 269.739919972
32 2 1 1 199.690695871
2 2 4 0 266.650590775
4 2 8 0 288.499603902
16 1 1 0 360.940457326
2 4 8 0 257.245350851
1 4 1 0 117.480722893
2 4 1 1 137.963148255
2 2 32 1 251.1987813
16 4 16 1 237.663615422
1 2 16 0 220.299660856
32 1 4 1 291.324734807
32 2 2 0 259.131868327
16 2 4 0 261.895810657
1 4 1 1 118.790034612
32 2 4 0 305.617327119
8 4 32 0 208.628156371
2 2 8 0 248.956855329
2 2 1 1 188.554041235
1 2 4 1 211.042290367
4 4 4 1 169.655340321
32 1 8 1 290.249752818
1 2 1 1 127.966716983
4 4 1 1 215.692784685
16 4 8 0 280.617777158
4 4 32 0 262.453022956
2 2 16 1 274.555953638
1 2 32 0 242.345847339
16 1 4 0 353.50917165
1 8 1 0 121.608400459
2 4 4 0 229.92361584
1 8 2 0 156.352595178
1 4 32 0 202.833476213
32 2 2 1 320.166369063
8 2 2 1 231.388138747
2 4 8 1 248.61122233
32 1 4 0 227.322756301
16 4 32 0 277.433466247
32 4 8 1 244.981487221
1 4 4 0 193.712460228
1 8 16 0 203.498705891
16 4 1 0 275.28868416
8 2 4 1 316.071638274
16 4 16 0 302.284751536
32 1 32 0 284.882627221
4 2 2 0 306.207738452
16 2 32 1 287.388835106
2 4 1 0 168.190729734
16 1 16 0 358.775481859
4 2 1 1 235.442172541
2 4 32 1 224.533510921
32 4 1 0 299.730751294
32 4 8 0 271.775686161
16 1 16 1 174.149921578
2 4 2 0 212.411480519
16 4 8 1 297.187036172
16 4 2 0 328.216755663
1 2 2 0 145.590798434
2 2 8 1 276.61475908
4 2 4 1 309.124603698
4 4 8 1 278.932651707
32 2 8 1 308.820981479
1 8 32 1 196.023133851
1 4 16 0 221.415806022
8 2 16 1 311.942104174
16 4 4 0 301.094801352
1 2 32 1 231.509668478
16 4 2 1 309.957761842
32 2 16 1 303.221542166
8 2 32 1 334.467532894
32 1 1 0 295.351513598
8 2 16 0 350.987083132
4 2 1 0 216.498600022
16 2 1 1 306.099327896
2 8 1 1 166.298521384
4 4 16 1 251.823614428
32 2 32 1 323.915525719
32 2 16 0 286.161521769
2 2 2 1 196.258108065
1 2 16 1 222.128899763
32 1 16 0 316.773198387
16 1 1 1 336.794443729
1 8 2 1 151.025679871
4 4 1 0 215.146962698
4 4 16 0 260.076858261
1 8 32 0 211.573508864
16 2 8 1 320.581089613
32 1 2 0 268.888622241
4 2 2 1 259.780577105
32 4 2 0 304.865722972
32 1 1 1 292.190535707
8 2 8 0 292.670548699
1 4 2 0 157.352845625
32 4 1 1 289.662508491
4 2 32 0 295.444265854
2 2 4 1 240.637772569
1 8 4 1 206.029000324
32 4 4 1 300.713587712
1 4 2 1 148.184224413
4 4 2 0 227.099776211
1 8 16 1 186.305699393
2 4 16 0 242.26919088
2 2 2 0 220.521397538
2 4 16 1 238.280970464
8 4 8 1 293.336734534
4 4 2 1 235.533769329
4 2 16 1 210.630784808
32 2 1 0 300.171171496
1 2 8 1 242.387253878
1 4 8 1 222.943562739
16 2 4 1 298.389680212
1 8 4 0 166.221135291
32 4 4 0 310.332849446
8 4 16 0 269.455717302
16 1 8 1 305.769430123
8 4 2 1 270.973459136
32 1 16 1 288.980993546
8 2 32 0 305.615568171
8 2 1 0 252.071262288
8 2 2 0 287.226988616
1 8 1 1 108.391138237
8 4 16 1 251.054896213
32 2 4 1 308.875531232
8 2 1 1 321.636465387
8 2 8 1 258.699134678
1 4 4 1 166.357742963
16 1 32 0 269.230555365
1 4 8 0 223.415131758
16 2 1 0 162.490278475
8 4 4 0 240.564027467
1 2 4 0 230.047207022
4 2 32 1 332.597280097
16 1 32 1 325.40241188
16 1 2 0 331.125155234
16 2 2 0 293.688709215
8 4 1 0 156.506020541
8 16 2 0 248.277538507
16 32 1 1 231.187460844
4 32 4 0 184.580158792
2 16 32 1 209.470628887
4 32 32 1 227.382393516
2 32 16 1 189.169546664
32 16 2 1 243.344174194
4 32 16 0 250.766720549
8 32 1 0 262.098074488
1 32 1 1 82.7695386048
4 16 2 1 239.095888468
1 16 4 1 176.611068935
2 16 4 0 168.826330917
16 16 32 0 282.861136762
16 16 4 0 273.584258507
32 8 16 0 284.650425534
32 8 32 1 243.183540483
4 32 1 0 179.708382091
16 8 2 1 232.443340625
2 16 1 1 166.299108117
2 16 16 1 217.068707853
4 16 2 0 221.759469895
16 8 2 0 288.357771118
32 16 16 1 257.008613762
16 16 32 1 254.430521963
1 32 8 0 178.205428882
16 8 1 1 284.039106368
1 16 16 1 208.385284528
8 8 4 0 294.005259486
4 32 2 0 167.293963026
2 16 2 1 188.215063659
1 32 1 0 108.191121067
8 32 16 0 248.809136336
8 16 16 0 272.915680469
4 16 16 1 255.622226784
8 16 8 1 266.121377518
2 8 4 1 219.723721587
8 32 16 1 206.950565469
4 16 8 1 264.907179288
4 8 1 0 198.964915197
32 16 4 0 205.591645067
4 16 32 0 234.958603198
2 32 2 1 185.404849
1 16 32 0 193.705483267
4 32 4 1 222.661452747
1 32 2 1 130.115217133
32 16 16 0 271.013915843
32 8 2 1 245.847603133
4 8 4 1 254.294950569
16 16 4 1 277.889263865
32 16 1 1 280.885791802
32 8 8 1 239.54874176
4 16 32 1 157.898349967
8 16 32 0 257.482034546
2 16 4 1 214.237004497
16 16 16 1 240.467319372
2 8 16 0 262.001051637
2 32 32 0 221.548914962
16 8 4 0 319.482486669
1 16 8 1 198.738218488
2 32 1 1 148.79688167
4 8 1 1 200.744650713
16 16 16 0 237.763727446
32 8 1 0 266.515452995
16 8 1 0 269.867358426
8 32 32 0 240.542563774
4 16 16 0 277.941700849
4 32 2 1 192.738939676
2 32 4 0 192.864290497
8 16 1 0 260.5710157
32 16 1 0 299.446362213
4 8 4 0 222.18293592
1 32 16 0 198.802574194
8 8 16 1 251.560883541
4 16 1 1 153.050289346
1 32 16 1 172.884840025
8 32 8 1 213.306235975
16 8 16 0 274.960897822
1 32 4 0 183.780057257
32 8 8 0 288.179626884
8 8 8 0 236.614730687
8 16 32 1 246.865606768
2 8 8 1 240.076715412
32 8 4 1 220.158538776
4 8 16 0 278.663518148
16 16 8 1 266.235702941
4 32 1 1 179.910488197
2 32 8 0 233.171062118
8 8 1 0 256.576172791
1 16 32 1 162.791942625
2 8 1 0 177.177798524
32 8 4 0 271.549954186
4 8 2 1 222.04654903
2 8 8 0 242.511852846
8 32 32 1 223.117479751
16 16 2 1 272.887594397
8 32 2 1 222.209640167
8 32 4 0 265.928417716
32 16 2 0 284.036298498
2 16 8 1 222.293148525
1 32 2 0 140.934646644
4 16 4 1 260.998379803
8 16 4 0 280.702669492
16 8 16 1 267.570553202
32 16 8 1 231.278607084
2 32 16 0 195.602421428
2 32 32 1 202.177609377
8 8 32 1 281.612849672
2 8 2 1 181.458568152
32 16 32 1 203.991997212
8 8 32 0 246.151237607
2 32 8 1 194.350726077
4 8 16 1 242.487643271
2 32 1 0 160.819706175
4 32 32 0 239.136641664
8 16 4 1 280.441115753
32 8 2 0 239.891594254
4 32 8 1 218.48396182
4 8 32 0 261.754553715
8 8 2 0 256.767581282
4 8 32 1 252.363721067
8 16 1 1 250.849869652
2 8 2 0 103.086414037
1 16 1 1 115.915727924
16 16 1 1 279.317324534
16 8 4 1 293.048805219
4 8 8 0 267.722327837
2 16 32 0 214.24457601
16 8 32 1 243.490985261
1 16 8 0 212.482156518
1 16 2 0 123.804452352
1 32 4 1 149.843347353
2 8 32 0 139.90907323
4 8 8 1 184.577730461
8 32 2 0 248.181666243
8 16 8 0 155.583841718
32 16 32 0 234.386055956
4 8 2 0 216.874025576
1 16 1 0 114.073079539
1 16 4 0 180.870282069
8 16 2 1 259.330813689
2 16 2 0 191.719044558
8 32 8 0 258.527889113
8 32 1 1 203.426766043
2 8 32 1 215.847150129
8 8 2 1 259.285900551
2 16 16 0 230.263413468
1 32 32 1 170.722940315
1 16 16 0 199.583822544
2 8 4 0 250.514222598
8 8 8 1 238.996122243
16 8 32 0 214.621342634
16 16 2 0 269.693878089
32 16 4 1 279.159906207
2 32 4 1 176.397913817
4 32 8 0 254.244784159
4 16 1 0 210.192419872
16 16 8 0 295.372975188
16 8 8 1 247.481292121
1 32 32 0 191.27955406
1 32 8 1 165.685369007
2 8 16 1 253.060408307
32 16 8 0 268.202913741
32 8 1 1 307.042035962
16 16 1 0 268.958253364
8 32 4 1 219.355600731
32 8 16 1 238.585865411
32 8 32 0 258.364603349
8 8 4 1 269.033786738
2 32 2 0 170.144483065
1 16 2 1 139.31231124
4 16 4 0 251.308606244
8 8 1 1 166.309617273
4 32 16 1 181.301499795
4 16 8 0 275.140392483
8 8 16 0 248.51647615
8 16 16 1 244.510731036
2 16 8 0 236.604814918
2 16 1 0 163.82739494
16 8 8 0 305.513895373
16 32 16 1 161.38322343
32 32 2 1 250.89009191
16 32 4 1 226.862399348
32 32 32 0 239.077833383
16 32 1 0 219.744669412
32 32 1 1 256.365197626
16 32 2 1 228.341906535
32 32 2 0 251.311451712
32 32 32 1 210.286585546
16 32 8 0 256.777938797
16 32 32 1 172.045976216
32 32 4 1 250.057260985
16 32 4 0 284.763560121
32 32 16 0 217.851080544
32 32 8 1 225.457436341
32 32 4 0 250.625515968
16 32 32 0 263.668971367
16 32 8 1 227.774398322
16 32 2 0 273.02609237
32 32 16 1 213.650257913
32 32 1 0 249.223973784
32 32 8 0 243.508285428
16 32 16 0 268.840492859
1 1 2 1 303.874482069
1 1 8 1 421.178703216
1 2 1 1 230.94772966
2 1 32 1 566.4304011
4 1 4 1 533.267654168
4 1 1 0 434.828051337
2 1 16 1 478.933606409
1 2 16 0 359.450701312
8 1 4 0 388.858143835
8 1 8 1 469.892615414
16 1 8 1 574.350976286
1 1 32 0 379.513306153
2 1 2 1 405.03491015
4 1 1 1 515.809895737
16 1 1 1 527.78975185
2 1 8 1 539.992868812
2 2 2 1 417.723909779
4 1 4 0 301.182438602
1 2 32 1 409.932470864
32 1 2 1 422.059114581
1 2 1 0 233.342276655
8 1 8 0 480.600349567
1 1 32 1 432.481660664
2 1 4 1 347.116590678
4 1 8 0 447.932607197
1 2 2 0 296.163962762
2 1 32 0 555.79425224
16 1 16 1 498.418656496
1 1 8 0 381.425454294
2 1 2 0 435.839583084
16 1 4 0 365.566710641
8 1 2 0 509.698405169
16 1 2 0 485.454924339
8 1 32 1 609.462389069
32 1 1 1 299.284471885
32 1 16 1 582.074722285
4 1 2 1 506.983675066
2 1 1 0 333.430947447
8 1 1 0 513.906586693
4 1 32 1 527.357213997
16 1 8 0 575.472523409
2 2 1 0 328.244427564
32 1 4 0 467.888417093
16 1 4 1 512.797474607
8 1 32 0 554.31171679
2 2 2 0 288.526875289
1 1 1 0 176.216774332
1 1 2 0 279.399581027
32 1 2 0 373.839277296
32 1 4 1 570.386766183
1 2 4 1 389.701603972
32 1 8 1 542.56769943
8 1 16 0 532.834654526
2 1 1 1 353.254154132
2 1 4 0 554.766332969
8 1 2 1 519.533728547
1 2 2 1 262.261619781
4 1 16 1 610.192696985
32 1 1 0 360.264805888
16 1 32 1 479.839760836
8 1 4 1 543.588394533
8 1 16 1 664.340008603
1 1 1 1 143.203557512
2 1 16 0 426.595755927
32 1 8 0 371.556518624
1 2 4 0 363.772305862
16 1 32 0 334.492957207
16 1 2 1 384.315680184
32 1 16 0 555.111981596
1 2 32 0 421.241425126
4 1 2 0 415.784352936
1 2 8 0 372.194304839
4 1 8 1 525.962226016
1 1 16 1 287.759885255
2 2 1 1 340.528601725
8 1 1 1 537.568579216
4 1 32 0 546.038565346
1 2 8 1 392.065752624
2 1 8 0 522.20694862
16 1 1 0 525.259579154
1 1 16 0 340.590935519
1 2 16 1 387.225883051
16 1 16 0 643.172633723
4 1 16 0 408.459133213
32 1 32 1 553.993678457
1 1 4 1 372.76264812
1 1 4 0 395.611416534
32 1 32 0 482.391529135
2 8 16 1 329.112930009
16 4 32 1 454.730021506
1 4 4 0 342.373482934
1 4 1 1 215.247829504
16 2 2 0 407.524015795
2 8 8 0 401.686854464
4 4 1 0 353.471294197
16 2 16 0 541.738798554
8 2 8 1 577.651152789
4 2 1 1 390.001252186
16 2 4 1 512.486203017
2 2 16 1 291.210328436
32 2 4 1 527.773150049
16 2 8 1 579.749958799
4 2 8 1 315.386270508
8 4 16 0 451.827097066
8 2 1 0 157.226281656
32 4 1 0 466.849543475
16 4 32 0 404.305579999
4 2 32 0 458.871361444
32 2 32 0 445.2725771
16 2 32 1 533.720656124
2 8 1 0 290.605840512
2 4 16 0 308.104387636
4 2 2 1 454.506396672
4 4 16 0 259.218060471
4 4 32 0 340.322294852
1 8 16 1 298.506439322
16 4 16 1 520.183045353
2 8 1 1 290.765087218
2 4 32 1 419.218176755
1 8 4 0 338.932340652
8 4 4 0 538.891760327
8 4 32 0 427.534067845
16 2 2 1 409.33954108
16 2 32 0 497.667896751
8 4 16 1 393.669313449
2 8 8 1 405.721879702
8 2 2 0 472.142325472
32 2 8 0 428.827100251
2 4 2 1 374.963267996
2 8 32 1 443.310354095
1 4 8 1 344.940428864
4 4 1 1 357.511444762
16 4 1 0 473.900283554
32 4 8 0 427.846030432
1 8 8 0 375.949972241
2 4 8 1 403.386426674
2 8 16 0 363.441280617
4 4 4 0 399.243040333
32 2 8 1 498.806109264
2 4 32 0 447.933518091
2 4 4 0 415.860757499
16 4 16 0 398.342321248
2 2 4 1 447.040103144
16 4 4 0 439.870118295
32 4 8 1 451.887608594
32 2 16 0 484.681229275
1 4 16 0 292.16456054
8 4 1 0 472.219173365
1 8 8 1 280.775505297
2 2 32 0 479.882058341
1 4 2 1 273.254081266
16 4 4 1 394.220923213
4 4 16 1 424.203055563
4 2 2 0 460.545066279
8 4 8 1 457.028685066
1 8 16 0 361.618501338
32 4 32 1 484.273601545
8 2 16 0 386.758006962
32 2 32 1 292.905319692
4 2 16 0 484.50409375
32 2 2 0 583.604578869
2 8 2 1 363.270010373
8 2 32 0 456.045269285
8 4 8 0 443.253238416
16 2 4 0 352.716864588
1 8 1 1 220.151887502
1 4 16 1 351.414945343
2 2 8 1 509.900922311
2 2 4 0 430.794633741
1 8 4 1 345.965089808
32 4 4 0 471.712920845
4 2 16 1 481.938610623
16 4 2 1 507.250224881
16 2 1 0 482.90080527
4 2 4 1 366.304795402
32 2 4 0 579.649032916
4 2 1 0 369.656907591
4 4 2 1 386.016831155
1 8 32 0 328.251263174
2 8 4 1 405.051887969
8 4 32 1 444.334179252
8 4 2 1 452.874116706
8 4 1 1 410.502089475
1 4 32 1 349.574659197
4 4 4 1 462.843116926
16 4 1 1 528.191398991
1 8 32 1 365.263891076
8 2 8 0 509.964518168
8 2 32 1 353.502304829
2 2 32 1 492.135281734
1 4 1 0 205.720050762
2 4 16 1 371.934557348
32 4 32 0 489.604286245
4 2 8 0 404.095390256
32 2 1 0 531.591373291
8 4 4 1 343.252062048
16 2 1 1 491.803557494
32 2 16 1 456.546431649
2 2 16 0 429.746025135
32 4 2 0 501.433127744
2 8 4 0 386.422415531
1 4 32 0 328.331819391
2 2 8 0 433.885995016
8 2 4 1 513.572996548
8 2 2 1 493.494644946
1 4 2 0 246.386553438
32 4 2 1 517.144072163
16 4 2 0 504.940996318
1 8 1 0 213.752396077
4 2 32 1 407.39449193
4 4 32 1 311.394977693
8 2 1 1 326.988863654
1 8 2 1 266.472621911
1 4 8 0 345.605423999
2 4 4 1 348.772059617
8 4 2 0 440.735348082
8 2 16 1 482.37652287
1 4 4 1 347.972361793
32 2 2 1 368.845171921
16 4 8 1 456.238788436
2 4 1 1 320.776425485
4 2 4 0 537.283168249
32 2 1 1 509.031334978
32 4 4 1 549.716346136
2 4 8 0 399.539670379
32 4 16 0 445.74797065
2 4 1 0 309.484488002
16 4 8 0 498.960209988
2 4 2 0 279.18722098
32 4 16 1 377.785385582
32 4 1 1 540.267914988
4 4 2 0 400.461013742
1 8 2 0 272.407530717
4 4 8 0 467.979819307
16 2 16 1 317.278621562
8 2 4 0 324.069100066
4 4 8 1 445.372857607
16 2 8 0 437.221602842
2 8 2 0 232.466937556
16 16 32 0 424.292162435
32 8 2 0 486.77576336
32 8 16 1 479.031298614
32 16 32 1 427.383476947
2 16 2 0 326.784199156
1 32 32 1 274.697298993
16 8 4 1 450.102583962
8 16 1 0 433.227331146
2 16 1 0 281.321792575
4 16 2 1 383.476980105
4 8 2 0 271.129544438
8 8 2 1 457.231508677
4 32 1 1 316.088857478
4 8 16 0 493.773731168
8 16 8 1 426.733624241
1 16 8 1 296.370560439
2 32 4 0 372.439527366
16 16 4 1 340.27600359
4 16 4 1 371.509486507
2 32 4 1 355.985021312
16 8 32 0 423.883412928
2 16 2 1 305.876253815
32 8 1 1 559.969819243
8 16 2 0 306.129985269
16 16 1 0 510.675047741
2 16 32 1 365.86129128
2 32 8 0 406.25527508
1 16 4 1 332.631072501
1 16 1 0 195.184574034
1 16 8 0 328.780562848
2 16 4 0 386.937454077
16 8 32 1 376.284193058
32 16 2 0 499.346909095
32 16 4 1 454.954035163
16 8 16 1 495.945760307
2 32 1 1 293.169111844
16 16 2 0 363.568823782
16 8 8 1 452.007395996
32 8 2 1 565.598534786
2 32 16 0 373.524357355
2 32 2 1 349.258265499
16 16 16 0 427.670478182
8 16 2 1 411.834809109
8 16 32 0 492.309380583
8 8 1 1 447.981216744
16 8 2 0 405.26605668
4 8 2 1 444.07024471
16 16 8 0 449.245066592
4 8 1 1 352.666575667
32 16 32 0 442.732032447
8 8 4 1 467.902204153
32 16 8 1 409.830835071
8 8 4 0 432.266740279
32 8 4 0 486.253166202
32 16 8 0 416.05412846
4 16 32 0 456.092774049
1 16 2 0 277.716514683
1 16 32 1 336.722708607
32 16 2 1 432.812793813
4 8 32 1 309.966527429
8 16 4 0 403.069515567
32 8 8 0 460.379850638
4 16 16 1 265.094242771
8 8 8 0 510.783690055
16 16 8 1 475.62363469
2 32 8 1 335.936799728
8 16 32 1 394.791806064
32 16 4 0 473.894479939
2 16 8 1 434.302328181
8 16 8 0 395.585219943
32 16 1 0 410.881811483
16 8 1 1 530.141272144
32 16 16 1 427.062146051
4 8 16 1 411.62259742
32 8 1 0 574.29315164
2 32 1 0 301.100974305
32 16 1 1 495.792199422
1 16 4 0 312.565092559
8 8 8 1 361.057975666
1 32 16 1 320.86487097
2 16 16 0 400.471580102
2 16 32 0 265.485821667
1 32 16 0 318.086577072
8 8 2 0 386.221791538
2 16 1 1 217.645179367
8 16 16 1 344.464725826
32 8 16 0 417.306790364
4 16 32 1 383.815069421
1 32 1 1 195.977171847
4 16 8 0 442.956368906
4 16 16 0 422.008607893
16 16 1 1 456.335876262
2 32 2 0 318.115376634
16 8 16 0 519.285975327
8 8 32 0 434.17214375
2 8 32 0 358.47400011
32 8 32 1 448.675443423
4 8 32 0 456.848853455
2 16 8 0 427.498643917
4 8 4 1 433.794741012
16 8 4 0 444.50787959
4 16 1 0 356.163295668
2 32 32 0 398.310313614
16 8 8 0 451.691183488
2 16 16 1 364.15225928
2 16 4 1 366.705118344
8 16 16 0 377.046575002
4 8 8 1 404.754838455
4 16 8 1 361.412281671
8 16 1 1 391.576369173
8 16 4 1 381.345620431
1 32 32 0 330.325080311
16 16 2 1 493.36175101
32 8 8 1 454.979913778
1 32 2 1 236.934901545
4 8 1 0 389.532901956
4 16 4 0 455.017218862
2 32 32 1 358.154185586
2 32 16 1 339.135438984
32 8 32 0 451.871564092
1 32 8 1 314.880592284
16 8 2 1 375.623291889
4 8 4 0 433.290196532
8 8 16 0 427.527642168
16 8 1 0 484.593164705
1 16 32 0 328.020114233
1 16 1 1 218.594508189
4 16 1 1 330.233425246
16 16 4 0 539.379973626
4 16 2 0 421.952061384
32 8 4 1 561.729502728
1 16 2 1 260.094097702
1 32 2 0 275.641142574
16 16 32 1 268.681586551
1 16 16 0 327.083495941
1 32 8 0 329.344662625
16 16 16 1 524.611502823
4 8 8 0 474.648832441
1 32 1 0 205.105416873
1 32 4 1 296.954399129
1 32 4 0 357.101479234
8 8 32 1 512.849364457
8 8 16 1 497.71555858
32 16 16 0 427.876226648
1 16 16 1 312.102517219
8 8 1 0 464.671587484
4 32 2 0 385.568257928
8 32 32 0 406.239540972
4 32 4 1 390.262140567
8 32 2 0 296.72604644
16 32 32 1 397.98229661
8 32 4 1 424.269384557
8 32 16 0 421.273485156
4 32 16 1 391.757332895
8 32 32 1 376.602052301
4 32 2 1 378.260154135
16 32 2 0 454.430349419
32 32 16 1 364.217535628
16 32 1 0 490.018844865
4 32 32 0 428.125310799
32 32 16 0 403.083473089
32 32 2 1 400.591265304
16 32 8 0 447.551081765
32 32 32 1 357.600588739
16 32 16 1 405.240878968
8 32 8 1 356.795355118
32 32 4 1 429.405914578
4 32 8 0 414.542921186
8 32 8 0 448.731761769
16 32 4 1 403.346387837
16 32 8 1 424.987149944
32 32 8 0 480.61040558
32 32 1 1 389.839402279
4 32 8 1 315.674033787
8 32 1 1 338.733064934
16 32 16 0 453.5835791
16 32 2 1 472.726201535
16 32 32 0 420.263486229
32 32 4 0 507.599852304
4 32 1 0 344.862952765
16 32 1 1 326.499409301
32 32 2 0 418.373851706
8 32 2 1 395.481560661
32 32 1 0 435.764481161
4 32 32 1 391.400280358
16 32 4 0 402.316413101
32 32 32 0 431.006946311
8 32 16 1 434.285839543
8 32 1 0 395.115418764
4 32 4 0 418.463318826
4 32 16 0 433.393700846
8 32 4 0 356.670401636
32 32 8 1 429.72392619
