8 32 0 0 5607.42685986
8 32 0 1 4076.2844271
8 32 0 1 5522.60306032
8 16 0 0 4462.88686295
4 32 4 1 2868.19627506
4 1 4 0 1134.38838903
8 16 0 1 3087.60258862
8 32 0 0 5031.56117567
8 16 0 1 5693.943661
4 1 4 1 1285.67325248
8 32 0 0 6593.8087789
8 1 0 1 1571.84125862
8 1 0 0 1677.5127134
2 32 4 1 2455.16170903
8 16 0 1 5042.39440666
8 32 0 0 6166.00302783
4 32 2 0 3982.57136767
8 32 0 0 4886.75946169
2 32 6 0 2120.89202421
1 1 1 1 1417.62640396
8 16 0 0 4249.14221917
1 1 7 1 877.073828609
8 32 0 1 6532.25232061
2 32 2 0 2902.88819958
1 32 2 1 439.621210461
2 1 6 0 1472.17769677
8 32 0 0 6064.9560273
2 32 1 0 2732.0932921
2 32 4 0 2299.61922146
8 1 0 0 1612.44603451
8 16 0 0 5773.241938
8 16 0 1 5003.83012669
2 32 6 0 2194.5166122
8 32 0 1 5998.0476662
8 32 0 0 4415.41389253
8 32 0 0 5509.17124384
2 1 1 1 1073.70836998
8 16 0 0 5326.86736085
8 1 0 1 1523.28920651
8 32 0 1 5117.78656404
8 32 0 1 5811.09993126
8 1 0 0 1659.46184764
8 1 0 1 1550.19897659
4 1 1 0 1443.30852421
8 1 0 1 1568.74455113
8 16 0 1 5948.49876185
8 1 0 0 1542.19564202
2 1 6 0 1398.31445675
8 16 0 0 5397.04269061
2 1 1 0 862.332375122
4 32 1 1 4399.77189727
1 1 7 0 442.42959255
8 16 0 0 5195.26533
8 1 0 1 1517.90149846
4 1 1 1 1487.59324098
8 16 0 1 5331.75407931
8 32 0 1 6232.80320807
8 16 0 0 2711.3295204
4 1 4 1 1389.18224967
8 1 0 0 1560.76418075
4 1 4 1 1119.80335907
8 16 0 1 4067.49042037
1 32 4 1 1802.7007649
8 1 0 1 1432.53360127
8 16 0 0 5862.05202855
1 32 7 1 2012.16509051
8 16 0 0 5784.91210314
4 16 4 0 3009.14706996
4 32 4 1 3013.30964319
4 32 4 1 2860.76375053
4 1 2 0 1592.98533673
8 16 0 0 4132.04665185
1 1 4 0 490.498519133
2 1 6 1 1143.40513936
8 16 0 0 4007.58244637
8 16 0 1 5536.21783128
1 1 2 0 1268.39351879
8 32 0 0 5840.10665288
8 16 0 0 5464.89138573
4 16 4 1 3058.8345488
4 16 4 1 2579.23499022
8 32 0 0 6502.52180725
2 32 6 1 2133.00134348
8 1 0 1 1570.00438099
2 32 6 1 2170.74232316
8 32 0 1 5988.16332564
8 32 0 0 5925.3573291
8 32 0 0 6613.92224252
8 1 0 0 1503.97269753
8 32 0 0 6455.84365738
1 32 7 0 1905.16530035
1 1 7 0 674.102755651
8 1 0 1 1445.29723006
8 32 0 1 3800.22450867
8 16 0 1 5253.3895898
8 16 0 1 5193.27865368
8 32 0 0 4411.88381901
8 16 0 1 4641.52387786
8 16 0 1 3535.02412394
8 32 0 1 5886.99570988
8 32 0 1 6077.70760509
4 32 4 1 2634.97819713
4 1 4 1 1445.30125517
8 1 0 1 1608.37648168
8 16 0 1 4380.26808745
8 32 0 1 6153.75986236
8 1 0 1 1645.11646299
8 32 0 0 5457.65500429
8 1 0 0 1511.23542829
8 16 0 0 5163.35413509
8 1 0 1 1508.28881963
8 16 0 1 5373.84766558
8 1 0 0 1649.32943161
1 32 4 0 1829.14184343
1 32 7 1 1993.56366438
8 1 0 0 1670.71499295
8 32 0 1 4677.01525584
1 32 1 1 1716.99560504
8 16 0 0 537.664807966
1 1 4 1 1233.4714128
8 1 0 0 1594.36826028
8 1 0 0 1608.69929965
8 32 0 1 6059.76885396
1 1 7 0 414.500758639
8 1 0 0 1502.4444044
8 32 0 1 6278.9669949
8 32 0 1 6484.11830434
4 32 4 0 2846.34702615
1 1 7 1 1524.96676603
8 16 0 0 5192.85701465
8 32 0 1 5822.68484701
2 32 1 1 2616.52010177
4 1 4 0 1170.89440913
1 1 2 1 893.562128247
8 16 0 1 5634.48680859
2 1 6 1 995.049462787
4 1 4 0 1426.84080153
2 32 2 1 2720.03572826
8 16 0 0 5787.57854786
1 32 7 1 1863.6980597
8 16 0 0 5569.73200851
8 16 0 1 4882.39585128
4 32 4 0 2236.63288526
4 32 1 0 4158.38510517
8 16 0 1 5823.00024645
2 32 6 1 1659.28550732
1 32 7 0 1734.90800222
1 32 7 0 1393.55236634
2 1 6 0 1186.54995469
4 32 2 1 3865.5790365
8 32 0 0 6268.90001775
4 1 2 1 1369.42124412
8 16 0 0 4324.48499878
2 1 6 1 1140.38587968
8 16 0 1 5496.74912168
2 32 6 0 2084.28397248
8 1 0 1 1601.70913472
4 16 4 0 2575.70094555
4 32 4 0 2797.04820451
8 32 0 0 6476.63615964
4 32 4 0 2970.07704629
8 1 0 0 357.156425419
2 8 1 0 1535.59050329
2 4 4 0 2289.41711907
8 4 0 0 2011.66403505
8 2 0 1 2003.77170338
8 4 0 1 2039.45086215
8 4 0 1 2133.98283013
8 4 0 0 2122.58791249
1 8 7 1 1576.0289784
4 2 4 1 1871.69881501
4 4 4 0 1604.30754945
8 2 0 0 1931.24590577
8 2 0 0 1893.82618717
2 2 6 0 1751.52705905
1 4 7 0 1644.12827719
8 4 0 1 2125.06705542
4 2 2 1 2199.92853248
8 2 0 0 1950.79759094
2 4 2 1 2060.63997058
2 2 6 0 2017.56827088
2 4 2 0 2507.40695161
4 2 4 0 2130.26815512
2 2 6 1 1716.65226544
8 2 0 0 1759.28008637
8 4 0 0 2113.69013531
1 4 7 1 2074.19656418
2 2 6 1 1830.26668988
2 8 2 0 1939.71370743
8 4 0 0 2011.73873307
8 4 0 1 2135.58519269
1 8 7 1 1935.19009329
8 4 0 1 2188.12578174
1 8 1 1 1146.63363361
8 4 0 1 2182.05847286
8 2 0 0 1907.32882457
8 4 0 1 2175.10277599
8 2 0 0 1996.85289411
8 2 0 1 2011.42381801
2 4 6 1 1886.78236182
8 2 0 1 1905.90235834
4 2 1 0 1932.77133459
4 4 4 1 2287.33476402
8 1 0 1 1702.45557927
8 2 0 0 2079.00823646
8 2 0 0 1819.27088325
1 2 7 0 1917.5528578
2 2 4 1 945.622475564
4 2 4 1 1545.06663324
1 8 2 1 2038.74108635
8 4 0 0 2026.03657209
1 4 7 1 2022.05676648
8 2 0 1 1955.31744309
2 4 6 1 1640.03132618
1 2 7 0 1619.02897021
8 4 0 0 2160.06207014
2 4 6 0 2052.13062302
8 1 0 0 1642.77583483
8 2 0 1 2065.86118449
8 2 0 0 1850.83679393
8 2 0 0 1952.80262218
8 4 0 1 2167.63506437
8 4 0 0 2138.12501524
8 2 0 1 1859.82070225
8 2 0 0 1896.68244873
2 4 1 1 2092.71495229
8 2 0 1 1953.20938139
4 2 4 0 1459.74247462
1 4 2 0 1071.69090526
2 2 1 1 1761.72101273
8 4 0 0 2078.44115122
2 2 2 1 1638.10949818
8 2 0 1 2039.30811501
8 4 0 1 2034.05507744
8 4 0 1 2170.38903743
8 4 0 0 2117.23310063
1 2 7 1 1528.48586146
1 8 7 0 1125.83316191
1 8 4 1 1787.50222576
1 2 7 1 1052.07110124
8 4 0 0 2141.9882221
8 2 0 1 1937.96438182
4 4 1 0 2384.41433778
4 2 4 0 1376.12484477
1 8 7 0 1935.57651771
4 4 1 1 2499.95011341
4 4 4 0 2514.9713855
1 2 1 1 1644.28833176
8 2 0 1 2016.45833884
1 8 7 0 1825.1038683
1 4 1 1 1918.64619791
1 8 1 0 1836.88207397
8 2 0 1 1863.85588885
8 4 0 0 1840.95433044
2 8 2 1 2817.20764895
4 4 4 0 2329.17374057
1 2 2 0 1400.36910201
8 2 0 1 1943.29001293
1 2 7 0 972.832458795
2 2 6 0 1494.5642548
8 2 0 0 1933.51139674
8 2 0 0 1907.1454193
8 1 0 1 1436.30633388
1 8 4 0 2114.04284839
8 4 0 0 2096.18473183
8 2 0 0 2014.46568316
1 2 2 1 1016.80397608
2 4 6 0 2358.98213906
1 4 2 1 1567.45422668
8 1 0 0 319.253439925
4 4 4 1 2512.65360419
8 2 0 1 2089.79427153
4 4 4 1 2514.78792077
1 4 7 0 1958.01021651
2 2 6 1 1559.7664046
8 2 0 0 1895.41517799
8 4 0 0 2194.17022925
1 2 1 0 1815.09480913
8 1 0 0 1428.50192512
1 2 4 0 1951.89621182
1 2 7 1 1940.90435492
1 2 4 1 995.586517604
1 8 7 1 1310.03646509
1 4 4 0 2092.52698851
2 4 4 1 1426.1235644
8 4 0 0 2229.91522726
2 2 1 0 1429.33361857
8 4 0 1 2144.45902883
8 4 0 1 2144.48883093
8 2 0 0 2017.29290143
8 4 0 0 2181.10319015
1 4 4 1 1545.3964354
8 4 0 1 2173.38138499
8 4 0 0 2212.50361078
8 4 0 1 2204.32182484
4 2 1 1 2167.358543
2 4 6 0 2264.71385904
8 2 0 1 1991.42342688
8 2 0 0 1898.326955
8 4 0 1 2082.58353299
2 4 1 0 2259.50327121
8 4 0 1 1998.39164891
8 4 0 0 2110.82423838
8 2 0 1 1337.12153951
8 2 0 1 1836.13268631
4 2 4 1 1618.25207736
4 4 4 0 1964.92128036
2 8 1 1 3142.91134871
8 1 0 1 1533.31418853
2 4 6 1 1532.64555829
8 4 0 0 2216.35812019
8 2 0 0 2015.43300762
8 2 0 1 2063.43200496
1 4 7 1 1102.85156942
8 4 0 1 2057.22713468
8 4 0 1 2155.52359275
1 4 7 0 1021.82801188
1 4 1 0 1058.17017456
1 8 2 0 1085.1256694
8 2 0 1 1964.2263418
8 8 0 0 2271.67965005
8 32 0 0 6534.97656578
8 8 0 0 2320.88884261
8 8 0 0 2271.8367045
4 8 2 1 2538.06888379
