1 1 2 0 924.893310189
1 1 4 1 1146.96827429
1 1 4 0 185.751323243
1 1 8 1 583.512010091
1 1 8 0 986.443531586
1 1 32 1 1018.1661565
1 1 32 0 217.192972351
2 1 1 1 716.831107308
2 1 1 0 219.72973224
2 1 2 1 219.312470746
2 1 2 0 864.425000468
2 1 4 1 217.496694701
2 1 4 0 627.552408415
2 1 8 1 917.830885273
2 1 8 0 989.974326171
2 1 16 1 834.810795137
2 1 16 0 291.178429785
2 1 32 1 917.131503367
2 1 32 0 851.424968906
4 1 1 1 294.077135647
4 1 1 0 1328.23027956
4 1 2 1 1367.29480661
4 1 2 0 296.631122939
4 1 4 1 1245.65363913
4 1 4 0 1375.50179848
4 1 8 1 289.914934478
4 1 8 0 1118.58557327
4 1 16 1 1377.29873933
4 1 16 0 282.84000889
4 1 32 1 972.838998995
4 1 32 0 1237.77316087
8 1 1 1 295.483061601
8 1 1 0 1633.47109503
8 1 2 1 1192.66115387
8 1 2 0 293.044627023
8 1 4 0 1452.13471096
8 1 8 1 1514.35205325
8 1 8 0 1665.72429162
8 1 16 1 1676.89648244
8 1 16 0 1819.63432383
8 1 32 1 1717.79329653
8 1 32 0 1812.78820054
16 1 1 1 2103.65887144
16 1 1 0 1896.05564065
16 1 2 1 1962.12153356
16 1 2 0 2159.33700271
16 1 4 1 1929.36315406
16 1 4 0 2486.14808094
16 1 8 1 1896.6789668
16 1 8 0 2015.70730366
16 1 16 1 2060.45456647
16 1 16 0 2099.42371262
16 1 32 1 2189.79886634
16 1 32 0 2493.15512652
32 1 1 1 2202.73440296
32 1 1 0 2610.40218101
32 1 2 1 2236.71747229
32 1 2 0 2444.44337239
32 1 4 1 2450.5736323
32 1 4 0 2339.63571362
32 1 8 1 1943.50246758
32 1 8 0 2578.80446143
32 1 16 1 1853.57184323
32 1 16 0 2022.14597554
32 1 32 1 2299.58804015
32 1 32 0 2167.99277622
1 2 1 1 764.061013038
1 2 1 0 326.93114123
1 2 2 1 394.892654065
1 2 2 0 550.050964771
1 2 4 1 1094.51179857
1 2 4 0 967.521173889
1 2 8 1 287.072151597
1 2 8 0 319.568563322
1 2 16 1 779.851212905
1 2 16 0 827.856271835
1 2 32 1 1098.08433586
1 2 32 0 286.865224298
2 2 1 1 733.862264908
2 2 1 0 773.589243202
2 2 2 1 816.432054191
2 2 2 0 740.464141673
2 2 4 1 382.113143674
2 2 4 0 850.062654886
2 2 8 1 708.103645598
2 2 8 0 580.534038754
2 2 16 1 798.017038914
2 2 16 0 916.87351712
2 2 32 1 841.119061547
2 2 32 0 983.987090226
4 2 1 1 1045.57146095
4 2 1 0 1016.45149154
4 2 2 1 1110.56220492
4 2 2 0 1189.80501457
4 2 4 1 1158.400616
4 2 4 0 1336.19303924
4 2 8 1 1046.86648959
4 2 8 0 1114.49212314
4 2 16 1 1072.51512423
4 2 16 0 1097.21117102
4 2 32 1 964.889538818
4 2 32 0 901.292861333
8 2 1 1 1703.97629733
8 2 1 0 1585.22806357
8 2 2 1 1354.99462718
8 2 2 0 1431.31863542
8 2 4 1 1466.35347221
8 2 4 0 1310.82038947
8 2 8 1 1592.7803973
8 2 8 0 1434.87500551
8 2 16 1 1625.64888845
8 2 16 0 1570.65542885
8 2 32 1 1393.84915757
8 2 32 0 1361.39876382
16 2 1 1 1772.40687957
16 2 1 0 1542.39328922
16 2 2 1 2041.5711547
16 2 2 0 2078.47018365
16 2 4 1 2108.60215587
16 2 4 0 1834.70040676
16 2 8 1 1798.054756
16 2 8 0 1564.04687107
16 2 16 1 1869.57076965
16 2 16 0 2109.30334536
16 2 32 1 1998.13192891
16 2 32 0 1705.63560864
32 2 1 1 2055.09867879
32 2 1 0 2661.43107858
32 2 2 1 2161.80428549
32 2 2 0 2221.66207883
32 2 4 1 2451.47400584
32 2 4 0 2460.77165019
32 2 8 1 2496.81409717
32 2 8 0 2427.13888666
32 2 16 1 2281.41068822
32 2 16 0 2281.49851755
32 2 32 1 2306.22156491
32 2 32 0 2274.02358347
1 4 1 1 793.849893333
1 4 1 0 861.593865962
1 4 2 1 414.923894701
1 4 2 0 642.598086503
1 4 4 1 1031.498554
1 4 4 0 1114.19584463
1 4 8 1 822.456108548
1 4 8 0 758.851908092
1 4 16 1 582.329283788
1 4 16 0 616.54527899
1 4 32 1 1276.27743376
1 4 32 0 502.372021918
2 4 1 1 660.423494274
2 4 1 0 667.683833568
2 4 2 1 651.121637197
2 4 2 0 716.515273127
2 4 4 1 535.428711342
2 4 4 0 706.583997367
2 4 8 1 702.212057153
2 4 8 0 575.7957289
2 4 16 1 724.847365019
2 4 16 0 598.735873769
2 4 32 1 729.010506269
2 4 32 0 767.042557607
4 4 1 1 831.691540586
4 4 1 0 1265.64852308
4 4 2 1 982.818192299
4 4 2 0 965.557093179
4 4 4 1 1017.83740762
4 4 4 0 1010.91459099
4 4 8 1 980.015900263
4 4 8 0 1148.39049616
4 4 16 1 1146.82483085
4 4 16 0 1152.09117003
4 4 32 1 1084.6898402
4 4 32 0 1109.64564231
8 4 1 1 1450.9439757
8 4 1 0 1738.6666408
8 4 2 1 1612.13417239
8 4 2 0 1454.73720085
8 4 4 1 1167.79265999
8 4 4 0 1363.45161465
8 4 8 1 1571.1873526
8 4 8 0 753.78988497
8 4 16 1 1563.07002691
8 4 16 0 1304.90717219
8 4 32 1 1171.37465926
8 4 32 0 1351.43131785
16 4 1 1 1894.69888063
16 4 1 0 2080.26918761
16 4 2 1 1784.25759636
16 4 2 0 1797.99180309
16 4 4 1 1814.88850761
16 4 4 0 1986.41962896
16 4 8 1 1893.43286462
16 4 8 0 1977.64329555
16 4 16 1 1837.2954717
16 4 16 0 2081.3713465
16 4 32 1 1583.057404
16 4 32 0 1791.24317843
32 4 1 1 2190.21431958
32 4 1 0 2103.92008968
32 4 2 1 2461.27726759
32 4 2 0 2636.11171887
32 4 4 1 2552.79642628
32 4 4 0 2688.06680728
32 4 8 1 2386.61036908
32 4 8 0 2454.94058588
32 4 16 1 2379.90729511
32 4 16 0 2275.80759345
32 4 32 1 1860.89775315
32 4 32 0 2284.99054289
1 8 1 1 639.629274988
1 8 1 0 968.147210499
1 8 2 1 850.326921628
1 8 2 0 913.175727459
1 8 4 1 718.730275418
1 8 4 0 816.920581592
1 8 8 1 1130.45721597
1 8 8 0 1243.15104268
1 8 16 1 644.825008233
1 8 16 0 907.934143233
1 8 32 1 217.648365001
1 8 32 0 219.564340781
2 8 1 1 219.598512542
2 8 1 0 220.160680894
2 8 2 1 218.330855136
2 8 2 0 219.445784161
2 8 4 1 219.59164946
2 8 4 0 219.573409393
2 8 8 1 219.215878322
2 8 8 0 219.561478602
2 8 16 1 590.107553472
2 8 16 0 674.209466357
2 8 32 1 792.979589674
2 8 32 0 625.539121628
4 8 1 1 909.99368423
4 8 1 0 975.11645509
4 8 2 1 1004.74062614
4 8 2 0 1156.53382031
4 8 4 1 880.199325871
4 8 4 0 1268.46019786
4 8 8 1 1016.8551329
4 8 8 0 977.472978933
4 8 16 1 1110.26853358
4 8 16 0 1026.93950529
4 8 32 1 1030.16914884
4 8 32 0 1032.51938352
8 8 1 1 1455.80599394
8 8 1 0 1428.63202058
8 8 2 1 1515.71436005
8 8 2 0 1493.63017329
8 8 4 1 1553.20294542
8 8 4 0 1489.85700412
8 8 8 1 1338.24318036
8 8 8 0 1537.76314568
8 8 16 1 1519.07018914
8 8 16 0 1498.30901112
8 8 32 1 1359.29809751
8 8 32 0 1448.68706785
16 8 1 1 1849.44995343
16 8 1 0 1843.7317829
16 8 2 1 1763.86687772
16 8 2 0 1872.4444371
16 8 4 1 2059.69777691
16 8 4 0 2021.42154164
16 8 8 1 1617.99610692
16 8 8 0 2096.86397222
16 8 16 1 2203.42945735
16 8 16 0 2040.73155629
16 8 32 1 1962.10074371
16 8 32 0 1928.0696605
32 8 1 1 2709.93480123
32 8 1 0 2477.27739354
32 8 2 1 2560.62199682
32 8 2 0 2475.19428469
32 8 4 1 2323.27260921
32 8 4 0 2178.77019975
32 8 8 1 2094.45368825
32 8 8 0 2029.6861687
32 8 16 1 2106.8964628
32 8 16 0 2313.89621282
32 8 32 1 1919.15422539
32 8 32 0 2038.37942204
1 16 1 1 865.10791064
1 16 1 0 1027.16238793
1 16 2 1 1023.21227008
1 16 2 0 974.16141438
1 16 4 1 1027.57589169
1 16 4 0 1202.69702132
1 16 8 1 1123.40177683
1 16 8 0 1287.66173556
1 16 16 1 391.703417466
1 16 16 0 740.295132357
1 16 32 1 219.927732209
1 16 32 0 219.382657839
2 16 1 1 219.115003943
2 16 1 0 219.73746475
2 16 2 1 218.18037236
2 16 2 0 219.694183915
2 16 4 1 218.254224826
2 16 4 0 220.345717489
2 16 8 1 218.674636825
2 16 8 0 217.390174855
2 16 16 1 666.326949013
2 16 16 0 699.31637526
2 16 32 1 741.502245457
2 16 32 0 670.740083122
4 16 1 1 1115.44722923
4 16 1 0 989.166284055
4 16 2 1 1081.52665842
4 16 2 0 1214.30194289
4 16 4 1 1134.13299296
4 16 4 0 1093.14225402
4 16 8 1 903.464092813
4 16 8 0 1026.05482712
4 16 16 1 1092.21903897
4 16 16 0 1118.00892288
4 16 32 1 1140.74814962
4 16 32 0 1088.59513758
8 16 1 1 1661.10478608
8 16 1 0 1469.57202511
8 16 2 1 1634.92049392
8 16 2 0 1528.06899151
8 16 4 1 1447.66975668
8 16 4 0 1517.2064755
8 16 8 1 1358.20307719
8 16 8 0 1495.99398598
8 16 16 1 1289.79574904
8 16 16 0 1541.10407398
8 16 32 1 1356.13394678
8 16 32 0 1279.09252538
16 16 1 1 1690.61763723
16 16 1 0 1922.00652127
16 16 2 1 2049.45404299
16 16 2 0 1899.37783672
16 16 4 1 1973.45760186
16 16 4 0 2065.63145663
16 16 8 1 1820.90124612
16 16 8 0 1842.75482547
16 16 16 1 2032.42931104
16 16 16 0 1969.38290881
16 16 32 1 1853.88814429
16 16 32 0 1959.85226036
32 16 1 1 2354.30519567
32 16 1 0 2788.54453537
32 16 2 1 2711.71077672
32 16 2 0 2537.99342242
32 16 4 1 2703.04966826
32 16 4 0 1802.15272664
32 16 8 1 2128.98862403
32 16 8 0 2059.84224692
32 16 16 1 1925.32833352
32 16 16 0 1995.11226641
32 16 32 1 2041.55187667
32 16 32 0 2322.39747791
1 32 1 1 915.482801715
1 32 1 0 950.897244364
1 32 2 1 736.53356727
1 32 2 0 1051.36296625
1 32 4 1 1008.61284543
1 32 4 0 454.975935256
1 32 8 1 924.878361047
1 32 8 0 1139.04716201
1 32 16 1 1211.44044302
1 32 16 0 1030.62034638
1 32 32 1 911.811614879
1 32 32 0 1253.41348375
2 32 1 1 629.27049565
2 32 1 0 729.761837056
2 32 2 1 707.123665717
2 32 2 0 636.880425929
2 32 4 1 816.329119373
2 32 4 0 721.914134723
2 32 8 1 578.163236852
2 32 8 0 771.988921099
2 32 16 1 756.801864749
2 32 16 0 758.408534128
2 32 32 1 664.308323083
2 32 32 0 824.372607853
4 32 1 1 1113.92998685
4 32 1 0 1059.45990839
4 32 2 1 1019.10389361
4 32 2 0 1095.94608564
4 32 4 1 941.023038863
4 32 4 0 952.166212593
4 32 8 1 1052.11162743
4 32 8 0 1074.27955582
4 32 16 1 1154.68680376
4 32 16 0 1023.45582569
4 32 32 1 1075.47678991
4 32 32 0 1012.47995974
8 32 1 1 1493.09734273
8 32 1 0 1598.79914687
8 32 2 1 1466.13145537
8 32 2 0 1635.30754106
8 32 4 1 1427.86477658
8 32 4 0 1514.62022751
8 32 8 1 1564.09829855
8 32 8 0 1629.49696715
8 32 16 1 1563.90236146
8 32 16 0 1540.90489676
8 32 32 1 1517.24326066
8 32 32 0 1511.55613656
16 32 1 1 1786.49132811
16 32 1 0 1972.56430516
16 32 2 1 1312.06484361
16 32 2 0 608.931587675
16 32 4 1 1333.71394011
16 32 4 0 1990.97327096
16 32 8 1 1678.66185165
16 32 8 0 1706.38169263
16 32 16 1 1650.71486223
16 32 16 0 2020.64060511
16 32 32 1 1642.53287231
16 32 32 0 1811.74073952
32 32 1 1 2321.50183649
32 32 1 0 2366.76257408
32 32 2 1 2318.15250388
32 32 2 0 2480.96911687
32 32 4 1 2370.17911236
32 32 4 0 2276.79078821
32 32 8 1 2174.0753082
32 32 8 0 2185.55285003
32 32 16 1 2126.41249056
32 32 16 0 2061.95108766
32 32 32 1 2421.59054132
32 32 32 0 2196.1450555
1 1 1 1 372.171406051
1 1 1 0 715.488475717
1 1 2 1 910.639031317
