16 16 0 1 6558.91227006
16 8 0 1 6158.05665729
1 32 1 0 2099.36025427
16 16 0 1 6130.93520759
1 32 8 0 1769.32595728
2 32 1 1 2960.34373928
8 32 8 1 2991.81164543
8 32 8 0 2862.44474349
8 8 4 0 3801.57350014
16 8 0 0 5998.21923236
8 32 1 0 5242.82630056
16 16 0 0 6448.46227051
16 16 0 1 6427.38350448
16 8 0 0 6038.85585729
4 32 4 0 4113.24124087
8 32 8 0 2383.37085128
2 32 1 0 3224.59331373
1 32 4 0 1879.80097802
8 16 8 1 2683.82804009
2 32 2 1 3080.19871036
1 32 15 0 1690.79971246
16 8 0 1 6081.41836501
4 16 1 0 4296.9750745
16 8 0 1 5758.89710608
4 16 12 1 2074.21371902
4 32 1 1 4535.63293687
8 16 8 1 2906.78764328
2 16 8 0 2895.57392891
16 16 0 0 6542.6530842
16 16 0 1 4828.61419937
16 16 0 0 6671.54040786
1 32 8 1 1837.69870263
16 8 0 0 6288.94666184
16 8 0 0 6332.57909121
8 8 8 1 2736.66963327
2 16 4 0 2606.90126131
4 32 2 0 4187.52187398
16 16 0 1 6491.84497243
8 8 8 1 3199.67954172
16 16 0 0 6289.00551141
8 16 8 0 2725.19290766
4 32 2 1 4683.95533125
16 16 0 1 6455.15238715
1 16 15 1 2402.51584351
4 8 12 1 2405.70888241
8 8 2 0 3616.19834215
16 8 0 0 6343.63424497
2 32 4 0 2532.77623467
1 32 15 1 1838.54639389
2 32 4 1 2880.79357393
1 32 1 1 1874.84480037
4 16 2 0 4226.66365226
16 16 0 1 6396.55055834
2 32 2 0 2454.54322157
16 8 0 0 6218.4770028
2 32 8 1 1763.37197083
16 16 0 1 6511.72206814
16 8 0 1 5781.9263235
8 16 1 0 5959.87060559
1 32 2 1 2024.83698391
4 32 12 0 2206.92624423
8 8 1 0 4790.48263222
16 8 0 0 6279.86603691
1 16 8 0 2010.86089783
16 16 0 0 6655.3438263
16 16 0 1 6627.52798532
8 16 8 1 3638.58219206
16 8 0 0 6028.40870132
2 32 14 0 2254.23172724
16 8 0 1 6122.10549019
8 16 8 0 2886.99419666
1 32 4 1 1958.5815131
1 32 15 0 1714.78891978
16 16 0 1 6197.22951226
16 16 0 0 5945.46304874
1 16 2 0 1954.35016903
8 8 8 0 3299.60386372
1 16 1 1 1529.55705503
4 32 12 1 1977.13377346
2 16 4 1 3101.92207605
2 16 2 1 3078.78024811
2 16 14 1 2349.64147513
8 16 2 1 3903.15010847
1 16 15 0 1888.32328179
16 16 0 0 6928.20433938
16 8 0 0 6464.3001986
16 16 0 0 6588.9993146
1 16 4 1 2165.35111489
16 8 0 0 6092.50100707
16 16 0 0 6772.45166899
4 32 8 1 2804.92322229
4 8 12 0 2279.88625666
16 8 0 1 6246.19801203
8 32 2 0 5234.81607393
1 32 15 1 1605.02887189
8 8 8 0 3050.15496845
8 32 4 1 4262.71273903
8 16 1 1 5475.69489039
1 16 15 0 1949.01242565
4 16 12 1 2063.94991509
16 8 0 1 5888.70521021
8 16 2 0 4201.36248892
2 32 14 1 1848.78940985
16 8 0 1 6068.0498907
2 16 14 1 2008.97307837
16 8 0 0 5894.09923967
2 32 8 0 1686.33091281
8 8 4 1 3694.80736588
8 16 8 0 3050.74726523
4 16 8 1 2238.87806621
8 8 8 1 2184.17327993
8 16 4 0 4202.396839
8 8 8 0 3481.35576022
2 16 2 0 2976.12563466
8 32 2 1 4091.91021656
4 16 2 1 3949.57195767
8 32 8 1 2740.86458752
4 32 8 0 2204.0315246
16 8 0 0 6554.07050241
4 32 1 0 4640.10161573
2 32 14 0 2037.58783891
4 16 1 1 4340.42998365
8 8 1 1 4836.77854694
4 32 4 1 4339.61101734
2 16 1 1 3117.25032497
2 32 14 1 1961.09012031
1 16 15 1 1797.13713368
4 16 12 0 2400.04426843
16 16 0 1 6379.36045558
8 16 4 1 3966.79863301
1 16 2 1 1963.20077336
8 32 4 0 4010.23101511
2 16 14 0 1928.24292443
16 8 0 1 6174.56187715
8 8 2 1 4820.72033559
4 8 12 0 2437.83493881
4 32 12 0 2254.0399173
16 8 0 1 5987.87980144
16 16 0 0 3736.80205159
2 16 1 0 3158.79956894
8 32 1 1 5432.55276268
4 16 8 0 2274.31296369
8 32 8 0 2437.9657183
8 2 2 1 3391.79598335
2 2 14 1 2112.82043563
1 1 2 0 1791.55275589
16 1 0 0 2980.78090768
4 1 1 1 1877.79780294
16 2 0 1 4443.13747853
8 2 1 0 2949.85268689
16 32 0 1 6795.73640245
1 1 1 0 1458.3723294
4 1 2 1 1697.39575857
16 32 0 0 6740.6235135
2 1 14 1 1569.09390389
8 1 4 0 2043.43125177
8 2 8 0 1888.82820296
2 2 14 0 2017.35043879
16 1 0 1 2843.67608199
4 2 12 1 2068.26760408
2 1 8 1 1395.70546
4 1 12 1 1607.10253164
16 1 0 0 2821.26659803
1 2 1 1 1917.3275471
4 1 1 0 1982.22475787
16 32 0 1 6057.26503388
2 2 4 0 2004.12505523
1 2 15 0 2010.7814281
1 2 2 0 1853.03539525
8 1 1 0 2256.48666597
16 2 0 0 4429.22333911
4 2 8 0 2052.44849103
2 2 14 1 2063.47551753
1 1 15 1 1586.99698379
2 2 14 0 1863.06555886
8 2 4 1 2569.59468005
16 1 0 0 3115.08674713
4 2 4 1 2164.17280663
16 1 0 0 3012.78412253
16 2 0 1 4519.50565865
16 1 0 1 2768.85787618
8 1 1 1 2186.11558057
2 1 8 0 1341.51824509
16 1 0 1 2615.73732151
16 32 0 0 6532.897796
8 1 4 1 1200.29767881
16 32 0 1 6564.67093347
16 1 0 1 2696.94871263
2 2 2 1 1659.89247129
4 1 12 0 1838.92067031
16 2 0 0 4837.29584861
4 2 4 0 2299.68656149
8 2 8 0 2323.00734652
1 1 4 0 1552.20457001
16 2 0 0 4288.78673755
8 1 2 0 1936.59227234
16 1 0 1 3047.72713452
16 32 0 1 6633.46753076
16 1 0 0 2868.13236372
2 1 1 1 1535.83390844
16 32 0 1 6484.04114523
2 1 14 1 749.893882072
8 1 8 0 1901.21018565
16 1 0 1 2601.47405313
16 1 0 1 2683.50169447
16 32 0 0 6573.94593325
16 2 0 1 4635.56458057
1 2 8 0 1964.14323523
2 1 2 1 1225.52623808
1 1 1 1 1609.47028293
16 32 0 0 6714.90292505
4 2 8 1 1926.6355725
8 2 8 1 2610.37216715
2 1 14 0 1783.42739286
16 2 0 1 4552.37639726
16 32 0 0 6711.06700002
16 2 0 1 4704.95086471
4 1 4 1 1346.1974323
16 2 0 1 4214.73820982
2 2 1 1 1398.99611608
8 2 2 0 3204.6534747
1 1 15 1 1493.02514796
4 1 8 0 1587.75343985
16 32 0 1 6549.39847758
16 32 0 1 6536.6572782
16 1 0 1 2878.44362176
16 2 0 0 4610.66517521
1 2 15 0 2169.73718801
8 1 8 0 2075.83451009
2 2 1 0 1904.94608908
16 1 0 0 2907.17318949
4 1 8 1 1435.18645605
1 1 15 0 1474.38506045
8 1 8 1 1965.22859172
4 2 1 1 2815.00244622
16 32 0 1 6302.17805917
4 2 2 0 2568.57906953
16 1 0 0 2776.91015793
1 2 4 1 1433.62713117
16 32 0 0 6866.47561513
16 32 0 0 6876.91237966
16 1 0 1 2546.75014852
2 1 4 1 1303.01275538
16 2 0 0 4307.14461783
8 1 8 1 1988.39046775
4 1 4 0 1629.39793
16 1 0 0 2884.48342024
4 1 12 1 1603.64858227
16 1 0 1 2965.38274144
1 2 1 0 1510.09713908
16 2 0 1 4452.69480623
16 2 0 0 4737.47731075
1 2 15 1 1978.3628817
8 2 8 0 2645.81611076
8 2 4 0 2564.32797273
8 2 1 1 2403.04325783
1 1 4 1 1738.42181365
16 2 0 0 4579.19860501
2 2 8 1 1675.95662969
16 2 0 1 4113.65252867
2 2 2 0 2033.32695002
1 2 4 0 1250.32762599
16 1 0 0 2871.85067411
16 1 0 1 2971.048
4 2 12 0 2285.62084293
8 2 8 1 2969.81184713
16 2 0 1 3906.07817033
1 2 15 1 1231.28021881
16 32 0 0 6262.36434749
8 2 8 1 2137.01852914
1 1 15 0 1439.44466812
2 2 4 1 1886.72958894
1 1 8 0 1744.62971559
16 2 0 0 4383.56562652
4 2 1 0 2711.60787868
4 2 2 1 2517.64782181
16 1 0 0 2465.87415081
2 1 14 0 1610.49345751
4 2 12 1 1418.21359862
2 2 8 0 1939.68961385
16 32 0 1 6795.48834589
1 1 8 1 1726.97883792
16 2 0 0 4346.31851125
16 2 0 0 4917.84179937
16 32 0 0 6573.94797713
2 1 1 0 1119.26880197
4 2 12 0 2047.00702031
16 32 0 0 6789.13107817
8 1 8 0 2009.9825493
16 32 0 0 7188.15104475
2 1 2 0 1148.6790425
16 1 0 0 2570.55086344
16 32 0 1 6417.36379624
4 1 2 0 1713.06333622
8 1 8 1 1897.92572153
1 2 8 1 2168.57488066
4 1 12 0 1746.41460816
16 2 0 0 4556.58262469
16 32 0 0 6504.4764744
16 32 0 1 6629.0144921
1 2 2 1 1600.3956565
16 1 0 0 2899.06621578
16 1 0 1 2714.53462186
16 32 0 1 6418.8697781
2 1 4 0 1009.24732613
8 1 2 1 2029.46000941
16 2 0 1 4392.71838402
16 2 0 1 3783.9068281
16 4 0 1 3664.40012196
16 8 0 1 5429.81249359
1 8 15 1 2234.02385628
1 16 4 0 2077.81364015
1 16 1 0 2389.9971316
8 4 1 0 3822.59042418
16 4 0 1 4149.74510469
2 8 1 0 2940.50427945
16 8 0 1 5166.14033649
1 4 2 0 1601.12012879
4 4 12 0 1854.62612537
16 4 0 0 4093.1731261
2 4 4 1 1541.44268441
1 16 8 1 2097.55039958
16 4 0 0 4037.87549392
16 4 0 0 3608.12895187
4 4 8 1 1999.46094956
