1 16 4 0 1995.52701498
1 16 1 0 2001.47892297
8 4 1 0 3980.84203439
16 4 0 1 4832.19478586
2 8 1 0 2884.5400998
16 8 0 1 6306.65475671
1 4 2 0 2310.9992845
4 4 12 0 2290.50189968
16 4 0 0 5205.79060754
2 4 4 1 2609.52532832
1 16 8 1 2223.3855487
16 4 0 0 5946.56114991
16 4 0 0 3536.37608628
4 4 8 1 2442.44402341
16 8 0 1 5296.95573742
2 8 4 1 2544.19031439
1 8 2 1 1343.86575261
8 8 4 0 3731.39941236
8 4 8 0 2984.91952953
16 8 0 0 6195.05059361
4 8 1 0 4231.40514367
16 8 0 0 6253.15819417
16 4 0 1 5301.29966366
1 8 15 1 1307.32255503
8 4 8 1 2942.7757257
1 4 4 0 2221.48067466
4 4 12 1 2345.14997137
2 4 2 1 2309.45602714
4 4 4 1 2409.79112932
1 4 15 0 2099.99370471
16 8 0 1 6663.07692559
16 8 0 1 6028.0358251
2 8 14 0 2382.1178247
4 8 4 1 2056.25886979
16 4 0 0 6103.53399023
16 4 0 1 5600.58426945
8 4 8 0 2567.41205072
4 8 1 1 3732.47016536
2 8 4 0 2875.41630824
16 8 0 0 5591.75508022
16 8 0 0 6109.98459
8 8 8 1 3379.57720105
2 4 14 0 2031.91313188
8 8 8 1 3402.48526943
4 8 8 0 2773.0536779
1 8 8 1 1841.98499766
2 4 14 1 1042.7706452
2 4 1 0 2265.43131026
2 4 1 1 2339.78811917
1 16 15 1 1789.57117026
4 8 12 1 2610.48562048
8 8 2 0 4268.96976054
16 8 0 0 6487.04028987
1 4 8 0 2260.14788834
16 4 0 0 5770.04097981
4 4 12 1 2360.99744048
4 4 12 0 1152.80707156
8 4 8 1 3439.52758051
2 4 8 0 2446.36244239
16 8 0 0 6030.22284249
16 4 0 1 5788.97335818
1 8 4 0 1381.99080839
16 4 0 0 5674.92608647
16 8 0 1 5163.45960319
2 4 4 0 1884.70198766
8 4 1 1 4316.41720408
2 8 8 1 2127.70518712
8 8 1 0 4326.22982571
2 8 2 1 2448.0311101
1 8 8 0 2451.80315522
2 4 2 0 1764.65905835
2 8 14 1 2213.00306348
16 4 0 0 5697.29622935
16 8 0 0 5730.6626336
1 16 8 0 2410.17885521
2 8 8 0 2268.04124567
16 8 0 0 6287.7446595
4 4 2 1 2472.29670269
16 8 0 1 6459.92708745
1 16 2 0 1720.74333505
16 4 0 1 5391.15217654
16 4 0 1 6026.90577837
8 8 8 0 3484.14922518
1 8 4 1 2303.74567211
16 4 0 1 5349.65767777
16 4 0 0 4814.23556699
4 8 8 1 2759.53491555
1 4 15 0 2174.87851347
1 16 1 1 2019.77417798
16 4 0 1 5334.485922
8 4 8 1 3065.03684717
16 4 0 0 5566.5749029
16 8 0 0 6321.82817083
1 16 4 1 2176.46865214
16 8 0 0 6138.39986291
4 8 2 0 3445.85683499
4 8 12 0 2197.05476179
16 8 0 1 6457.69731235
2 8 1 1 3180.9372652
1 8 15 0 2160.41807668
1 8 15 0 2168.52045171
8 8 8 0 3018.15479373
8 4 4 0 3150.67128866
16 8 0 1 6346.86206809
1 4 15 1 1134.03467941
2 4 8 1 1900.65960372
2 8 14 1 1948.94525184
16 8 0 1 6214.01029079
16 4 0 0 5718.31571393
16 8 0 0 5819.4079147
4 8 2 1 4031.76984855
2 4 14 1 1905.28039818
16 4 0 0 5837.67103751
8 8 4 1 3293.72434216
8 8 8 1 3136.39225092
4 4 8 0 2173.79851752
1 4 8 1 2072.65779689
4 8 4 0 3918.19734111
8 4 2 0 2948.52066747
2 8 14 0 1560.79339209
1 8 1 0 2248.39097193
8 8 8 0 3177.27856963
1 4 4 1 1148.14714343
4 4 1 0 3320.03779494
4 4 1 1 3246.54621243
16 8 0 0 6451.77829871
8 4 4 1 2489.80914795
16 4 0 1 5881.20799679
8 8 1 1 5244.52656656
16 4 0 1 5634.74919539
16 4 0 1 5765.7483324
16 4 0 0 5579.30197014
1 16 2 1 1981.10959352
4 4 2 0 3023.26716977
16 8 0 1 6369.04785994
8 8 2 1 3934.86221131
8 4 8 0 1800.16257236
2 4 14 0 2150.51743965
4 8 12 0 2229.18976424
1 8 1 1 1969.28304494
16 8 0 1 6267.4580017
4 8 12 1 2285.33442559
1 4 15 1 1947.98022098
1 8 2 0 2189.01535646
4 4 4 0 2462.2772013
8 4 2 1 3138.13943229
2 8 2 0 2788.58838561
16 16 0 0 6998.6824155
1 1 2 0 1586.07375244
4 1 1 1 1902.95417005
4 32 12 1 2074.20285666
16 32 0 1 6591.38297601
1 1 1 0 1686.92497679
16 16 0 1 6694.06515727
4 16 4 0 3284.98721958
16 32 0 0 6954.92838873
2 1 14 1 1634.55638284
4 16 4 1 3155.73267562
16 16 0 0 6336.83671944
4 16 12 0 2431.0877648
2 16 14 0 2115.08678091
2 1 8 1 1160.03658531
4 1 1 0 1695.95690609
16 32 0 1 7110.06052869
8 32 8 1 3071.97587033
1 32 2 0 2213.68654887
2 16 8 1 2219.13339804
16 16 0 1 6891.01597797
1 32 1 0 981.138063336
16 16 0 1 6622.55298964
1 32 8 0 1946.36432002
2 32 1 1 2990.56061419
8 32 8 1 3142.69884444
8 32 8 0 3339.2502667
1 1 15 1 1721.87354817
8 32 1 0 5870.73657741
16 16 0 0 6674.31589378
16 16 0 1 6246.65110356
4 32 4 0 4038.5452438
8 32 8 0 3221.4488912
2 32 1 0 2845.47178696
2 1 8 0 1598.64835797
1 32 4 0 1953.89239468
8 16 8 1 3380.64368199
2 32 2 1 2943.0196075
16 32 0 0 6802.13239515
1 32 15 0 2263.64687797
4 16 1 0 4653.65913206
16 32 0 1 6807.08443425
4 16 12 1 2233.69349954
4 32 1 1 4451.35607414
8 16 8 1 3136.26211823
2 16 8 0 3030.99369923
16 16 0 0 5988.4704858
16 16 0 1 6777.76598422
1 1 4 0 1584.23978979
16 16 0 0 6343.95758232
1 32 8 1 1975.02715713
16 32 0 1 6734.1841505
2 16 4 0 2905.18602126
2 1 1 1 1534.70429838
16 32 0 1 6621.08931452
2 1 14 1 1668.11729846
4 32 2 0 4672.24851868
16 16 0 1 6650.14639732
16 16 0 0 6691.06889385
8 16 8 0 2774.93176397
4 32 2 1 4253.21359178
16 32 0 0 7159.15165667
16 16 0 1 6577.16685945
2 32 4 0 3125.49591993
2 1 2 1 1318.13082922
1 1 1 1 1610.13447765
1 32 15 1 2276.67902469
16 32 0 0 6722.06696476
2 32 4 1 2817.75357019
2 1 14 0 1583.14250242
1 32 1 1 1852.37441139
4 16 2 0 4299.12523824
16 16 0 1 6780.53975374
2 32 2 0 3174.36837168
2 32 8 1 2805.64610312
16 16 0 1 6755.75580127
16 32 0 0 6955.23617867
8 16 1 0 5420.79208931
1 32 2 1 2011.87698675
4 32 12 0 2570.8138025
1 1 15 1 1726.66522909
16 32 0 1 6845.74150309
16 32 0 1 6875.60868283
16 16 0 0 7090.59041505
16 16 0 1 6908.05234788
8 16 8 1 3089.64936987
2 32 14 0 2114.54042145
8 16 8 0 3356.00219346
1 32 4 1 1832.2723254
1 32 15 0 1958.36012818
16 16 0 1 6801.79567642
1 1 15 0 1505.85084441
16 16 0 0 6665.87891473
16 32 0 1 6967.18780828
4 32 12 1 2435.95275924
2 16 4 1 2908.67430715
16 32 0 0 6987.43235336
16 32 0 0 6461.20949737
2 16 2 1 2865.69699563
2 1 4 1 1362.76569587
2 16 14 1 2221.8916307
8 16 2 1 5201.77079288
1 16 15 0 2335.26168553
16 16 0 0 6534.39279043
16 16 0 0 7072.44836072
16 16 0 0 6643.10946991
4 32 8 1 2796.41349673
8 32 2 0 4728.16355108
1 32 15 1 2126.87401141
8 32 4 1 4060.26996578
1 1 4 1 1731.02002086
8 16 1 1 5923.50635201
1 16 15 0 2248.02416948
4 16 12 1 2461.87166257
8 16 2 0 4522.7713746
2 32 14 1 2166.10911073
2 16 14 1 2149.46708537
2 32 8 0 2741.36016498
8 16 8 0 3462.38486213
4 16 8 1 2922.81044993
16 32 0 0 6006.17666409
1 1 15 0 1708.84504971
1 1 8 0 1615.46367748
8 16 4 0 4120.80605768
2 16 2 0 3052.09786703
8 32 2 1 5151.9327182
4 16 2 1 3977.79472447
8 32 8 1 3106.20275715
2 1 14 0 1603.75442146
4 32 8 0 2295.20978828
16 32 0 1 7011.91770731
4 32 1 0 4623.21946657
2 32 14 0 1931.41163985
4 16 1 1 4561.58433582
1 1 8 1 1736.35223178
16 32 0 0 6776.72104893
2 1 1 0 1491.45935437
16 32 0 0 7088.03825877
16 32 0 0 6769.74011424
4 32 4 1 3872.30346258
2 16 1 1 2710.91356217
2 32 14 1 2199.03926987
2 1 2 0 1391.10149505
1 16 15 1 2100.35414113
16 32 0 1 6832.95602351
4 16 12 0 1907.28849453
16 16 0 1 6710.19535581
8 16 4 1 4329.17523044
8 32 4 0 4434.18939587
2 16 14 0 2152.66480011
16 32 0 0 6929.72336856
16 32 0 1 6700.6349325
4 32 12 0 2489.7068997
16 16 0 0 7046.35225548
16 32 0 1 6914.54828823
2 16 1 0 2938.79716234
8 32 1 1 5422.78247866
1 1 2 1 1443.54980296
2 1 4 0 1411.48107617
4 16 8 0 2918.0618472
8 32 8 0 2920.59845914
8 2 2 1 2930.96219444
2 2 14 1 1976.41835014
16 1 0 0 3977.81982217
16 2 0 1 4770.85979553
