32 1 8 0 1790.1852364
8 1 8 0 1504.92612045
16 1 32 1 2384.36787751
2 1 1 1 1045.22860186
32 1 4 0 1705.46855432
8 1 32 1 1936.38910978
1 1 16 1 506.222991284
16 1 8 1 2556.28945987
8 1 2 1 2153.17402147
1 2 2 0 183.313060372
16 1 32 0 2393.01126837
16 1 4 1 1894.21313954
32 1 1 1 2391.96778727
4 1 8 0 1438.91747565
2 1 8 1 864.844774405
4 1 2 1 1071.94141729
4 1 16 1 927.787472393
32 1 2 0 2928.46156177
2 1 16 1 737.504033836
4 1 1 1 1235.19448096
2 1 8 0 463.064755313
16 1 16 1 1887.45863297
8 1 32 0 1792.23122454
2 1 16 0 1047.15232468
2 1 32 1 773.413418329
1 2 32 0 1087.7575855
1 2 2 1 366.56511565
1 2 4 0 1144.45780459
16 1 2 0 1867.08665181
1 2 32 1 728.437126153
4 1 2 0 1598.43689235
1 2 4 1 911.085704105
8 1 2 0 1417.30515389
8 1 1 1 1748.50045336
16 1 4 0 2552.79999981
4 1 16 0 1246.00572675
2 1 4 0 889.369652353
1 1 2 0 1008.63286151
1 1 4 1 1175.03718538
2 1 4 1 1229.91275133
8 1 4 1 1788.36553097
1 2 8 0 168.209369732
8 1 8 1 1895.41899796
32 1 32 1 1224.09929954
1 2 1 1 173.175504417
32 1 1 0 2530.44811349
16 1 1 0 2181.05741925
32 1 16 1 1771.80919929
4 1 4 1 1388.31852288
1 2 16 1 855.647064725
32 1 16 0 1929.67076312
16 1 2 1 2551.45500284
1 1 16 0 212.826831591
2 1 1 0 862.932503669
1 1 2 1 307.425469437
4 1 4 0 1330.79403933
1 1 4 0 982.251087112
1 2 8 1 443.232421639
32 1 32 0 1331.19391365
1 1 8 1 158.445248274
1 1 1 1 359.104092326
32 1 2 1 3097.81020442
16 1 16 0 2183.44003148
4 1 8 1 1099.60170008
2 1 2 0 1076.42156047
32 1 4 1 2040.23765588
4 1 1 0 1197.98997552
1 1 32 1 209.524058232
1 1 8 0 266.244896754
4 1 32 1 1261.59974902
1 1 32 0 284.746706237
2 1 2 1 699.806771636
8 1 16 1 1928.224399
16 1 1 1 2179.0704436
1 1 1 0 515.813521202
8 1 4 0 2063.84403655
16 1 8 0 2347.79216469
4 1 32 0 1193.18554844
8 1 16 0 1712.00717547
2 1 32 0 932.810825209
1 2 1 0 933.9651292
8 1 1 0 1643.89524627
2 2 1 1 957.613936836
32 1 8 1 2144.55018947
16 2 4 1 1749.302884
1 4 2 0 902.690148678
16 2 1 0 1897.19881852
1 8 16 1 1024.44715348
16 4 8 0 2005.37238106
8 4 8 0 1554.48096305
32 4 2 1 2424.76288543
8 4 16 1 1522.25469116
4 4 32 1 1176.11474553
2 4 16 0 492.156677515
16 2 16 0 2098.99563553
8 2 2 1 1479.16049123
4 2 32 0 1303.2182877
1 4 2 1 235.252111295
4 2 4 1 917.03251287
1 8 8 1 710.392229806
16 2 4 0 1995.35946664
1 4 8 1 236.329394393
4 2 32 1 1059.06165125
32 4 32 0 1790.63297754
8 2 1 0 1483.50805714
4 4 1 1 1133.80371522
4 4 32 0 1017.07818486
32 2 2 1 2763.30757154
16 2 32 0 1762.18034095
4 4 4 0 1023.18159978
2 4 1 1 719.2661876
1 4 8 0 488.498568791
32 2 32 0 2222.94031665
4 4 8 0 1208.7097967
2 2 1 0 752.870759571
2 2 4 0 785.553722349
8 2 16 1 1539.45641087
1 4 1 0 746.466907354
16 2 32 1 1810.49848489
32 2 32 1 1796.73111088
2 2 16 0 259.288961173
1 4 1 1 218.397696473
4 4 2 1 1024.67809238
1 4 32 0 998.83693997
8 4 32 1 1232.17942495
32 2 16 0 2372.85405695
8 4 8 1 1405.14766125
4 2 2 1 1285.95160869
8 2 8 0 1288.17594478
32 4 4 0 2524.20293508
1 8 2 0 935.897124898
16 2 8 1 2068.72547021
8 2 32 1 1240.35786174
2 4 4 1 572.159123457
2 4 32 1 801.861129384
4 4 1 0 1036.37604456
32 4 1 0 2471.888844
32 4 4 1 2572.93922366
16 2 16 1 1895.28510917
4 2 8 0 1100.48106465
32 4 1 1 2649.09634799
4 2 8 1 1076.50414455
32 2 2 0 2654.15732473
32 2 4 1 2575.03417503
1 8 4 0 1071.32045571
16 4 16 0 1393.80670668
2 2 8 0 812.467866303
2 2 32 1 222.331732484
4 2 16 1 1211.45812182
2 2 8 1 985.780474834
16 4 4 0 1988.43593093
8 2 16 0 1294.00522832
8 2 1 1 1328.13378741
2 2 32 0 331.98149513
2 4 1 0 806.39607806
1 8 4 1 255.651167144
4 4 2 0 1096.14805772
16 4 16 1 1826.50646268
1 8 1 1 280.487731356
8 4 16 0 1603.46218619
1 4 16 0 1008.73439733
1 8 2 1 1319.44221469
32 4 16 1 1772.9335226
8 2 2 0 1436.48733879
16 2 1 1 2015.46680322
16 4 8 1 2098.81214484
2 2 2 1 251.438546749
1 8 1 0 921.388023693
8 2 8 1 1411.04059539
2 2 4 1 1016.74928774
4 2 2 0 1007.69692178
8 4 2 0 1461.1702694
1 8 8 0 740.808662485
4 4 8 1 1034.62773233
4 2 4 0 1098.99472658
2 4 2 0 724.734857088
16 4 2 1 2088.4794355
4 2 16 0 937.258819468
2 2 2 0 561.186030147
32 2 4 0 2626.79450623
16 4 4 1 2269.6245117
32 4 16 0 2079.97582467
32 2 8 1 2982.70575588
8 2 4 0 1527.96461722
8 4 4 1 1437.80231346
2 2 16 1 351.420260737
32 2 8 0 2277.50740138
2 4 4 0 691.228233924
2 4 8 0 656.859706983
8 4 2 1 1432.44777863
8 2 32 0 1352.2760355
16 4 32 0 1793.65627562
2 4 16 1 792.957664456
8 4 1 0 1518.30204074
16 2 2 0 1961.45354145
2 4 2 1 763.88598986
16 2 8 0 2023.47293202
4 4 16 1 1118.13521764
16 4 2 0 2228.37950984
1 4 4 0 989.234137749
32 2 1 0 2907.92963109
8 4 32 0 1634.81237083
8 4 1 1 1544.98821757
4 4 4 1 1070.80772761
32 2 16 1 1951.08466025
4 4 16 0 950.639009687
1 4 16 1 1358.95400651
32 4 32 1 2283.56866685
1 4 32 1 223.305078579
8 2 4 1 1748.29166688
2 4 32 0 666.275528693
4 2 1 0 1055.06406885
4 2 1 1 1189.98288401
32 4 8 0 2088.2166569
16 2 2 1 1964.11656167
16 4 32 1 1222.30881621
2 4 8 1 917.959534583
16 4 1 1 1948.8289452
32 2 1 1 2678.14735555
1 4 4 1 1198.52334853
8 4 4 0 1544.48238478
32 4 2 0 2808.91351316
16 4 1 0 1966.10945297
32 4 8 1 2005.14450122
4 16 1 1 974.770544973
4 8 1 1 1047.15630497
4 8 8 0 1003.76146327
4 16 8 1 1069.04638261
2 8 16 1 717.920525232
4 16 32 1 996.542104134
8 16 16 0 1443.17298296
16 8 4 0 1920.36269157
32 16 32 1 1867.38047903
8 16 32 1 1341.33662259
16 16 32 0 1497.38163397
1 16 16 0 880.333826913
16 16 1 1 1846.07918499
32 8 16 1 2239.82018055
4 16 16 0 954.967202379
32 8 2 0 2259.358922
4 16 1 0 909.427156866
2 16 8 1 770.367964745
2 16 2 0 715.877388894
2 8 32 0 904.945895095
32 16 1 1 2554.11122628
2 8 2 0 745.499861194
16 16 16 1 1858.85099975
8 16 8 0 1512.6783997
4 8 32 0 1012.47183947
4 16 8 0 1097.13202301
4 16 2 1 952.422379737
16 16 4 1 1950.3044249
1 16 1 0 291.687703585
2 8 32 1 683.838890099
1 16 2 1 994.582139906
8 8 4 0 1444.31829099
4 8 1 0 985.728655591
16 8 4 1 2120.85455433
16 16 8 0 2089.85710867
32 16 16 0 1800.65379187
8 16 1 1 1570.33690015
2 16 2 1 743.065638775
32 16 4 0 2344.86516094
32 16 32 0 2040.64137966
1 16 1 1 884.369016899
32 16 8 1 1850.01253049
8 16 4 0 1451.61611119
32 16 1 0 2339.71509696
32 8 2 1 2582.49143114
8 8 32 1 1373.34440037
4 8 2 0 1050.86167496
2 8 1 0 793.802691528
8 8 1 1 1604.86727099
16 8 2 1 1895.00137798
4 16 4 1 1040.1515535
8 16 32 0 1409.05104857
1 16 8 0 873.938410044
4 16 32 0 1076.77877231
16 16 32 1 1516.36417046
8 16 2 0 1391.95739539
32 8 16 0 2131.76276256
8 8 16 0 1577.74444537
32 16 2 0 2240.15094711
8 8 1 0 1279.31665852
32 8 4 1 2520.70760014
1 16 4 1 306.93192378
32 8 1 1 2602.77886054
2 8 4 0 790.684884869
4 8 32 1 1080.23958458
1 8 16 0 361.319930776
4 16 2 0 905.99803615
8 8 16 1 1427.08226007
4 16 4 0 986.26581408
16 16 1 0 2148.98558358
1 16 4 0 1126.24464307
1 8 32 1 857.412463845
2 16 4 1 745.868432785
16 8 32 0 1400.84763435
32 16 2 1 2349.90697595
32 16 8 0 2492.18863771
8 8 2 0 1452.25496553
2 8 2 1 615.631493426
8 16 1 0 1532.42940002
16 8 1 1 1966.63869684
1 8 32 0 1169.53591631
2 16 32 1 659.071428122
32 8 4 0 2067.91138675
32 16 4 1 2553.73796869
8 8 8 1 1528.26567143
32 16 16 1 1850.32265905
1 16 2 0 941.396944547
2 16 16 1 714.005101518
16 8 2 0 1695.88924526
4 16 16 1 1128.94438831
32 8 8 1 2267.9068616
4 8 4 1 1103.73192667
4 8 16 1 1022.8306416
8 8 8 0 1556.97788995
16 8 32 1 1622.92900375
32 8 1 0 2473.48220352
8 8 2 1 1554.768741
16 16 2 1 2035.82971926
8 16 4 1 1312.24420862
2 8 4 1 972.212577625
16 8 16 0 1941.05568223
32 8 8 0 2103.32802305
2 16 8 0 757.997518683
16 8 8 1 1902.93054838
4 8 8 1 992.85397674
1 16 16 1 369.236440529
32 8 32 1 2142.60263028
2 16 1 1 590.230797777
2 16 1 0 707.410655411
16 16 4 0 2107.45466974
2 8 16 0 726.852656416
1 16 8 1 1082.52527095
16 16 16 0 1947.34568324
4 8 16 0 1090.58689459
8 16 2 1 1457.7319605
2 8 1 1 712.718816478
2 8 8 0 742.101234696
2 16 4 0 731.210173784
32 8 32 0 2014.36455823
2 16 16 0 709.188746848
2 16 32 0 676.924603433
16 16 8 1 1955.34038598
4 8 4 0 1178.1931522
1 16 32 1 1140.03935263
8 8 32 0 1490.00612298
8 16 8 1 1534.75954391
16 8 8 0 2009.87476045
16 8 16 1 1742.7398883
16 16 2 0 2123.3675131
8 16 16 1 1531.16815559
4 8 2 1 1107.49212522
8 8 4 1 1407.73649545
16 8 1 0 1914.98921017
1 16 32 0 1031.99958468
2 8 8 1 668.611622308
4 32 8 0 1121.22469459
1 32 2 1 1088.07870798
16 32 32 1 1554.11900424
1 32 8 1 1001.68597285
1 32 4 0 1184.18424444
1 32 32 1 615.106773733
1 32 8 0 392.832510064
16 32 2 0 1844.58906026
2 32 16 1 1015.81770355
1 32 1 0 627.450071684
32 32 16 0 2353.09194007
8 32 8 1 1354.83547452
8 32 1 0 1453.47205553
4 32 4 0 1008.38476909
8 32 2 0 1476.40755823
2 32 2 0 806.195015374
32 32 16 1 2155.51049856
8 32 8 0 1532.87390774
1 32 1 1 362.041841952
32 32 8 1 2136.54174219
32 32 2 1 2368.94850853
1 32 16 0 265.023655862
2 32 4 0 715.058647757
2 32 1 0 728.258125642
32 32 4 0 2362.13373753
8 32 16 1 1353.04764814
4 32 2 0 1006.54593586
32 32 2 0 2705.84744321
2 32 32 0 749.603934991
8 32 32 0 1416.77263962
2 32 8 1 835.488366117
16 32 32 0 1916.74195966
16 32 2 1 1856.26416593
4 32 1 1 1032.14418002
2 32 4 1 716.3436216
32 32 4 1 2385.12781381
4 32 2 1 1011.33649936
8 32 2 1 1390.17107253
32 32 1 1 2337.33023929
1 32 32 0 1322.37409764
1 32 16 1 1158.78785147
32 32 8 0 1948.52773537
4 32 1 0 1109.82137628
1 32 2 0 369.592291902
32 32 32 1 1219.49945669
2 32 1 1 279.243180211
4 32 32 0 995.946733986
16 32 1 1 1746.45504282
16 32 1 0 1793.75808595
16 32 8 1 2031.62877692
4 32 16 0 1010.22260184
16 32 16 0 1709.04174372
2 32 16 0 732.965758539
4 32 16 1 1040.58796237
4 32 32 1 748.570468859
8 32 4 0 1357.04195979
16 32 16 1 1780.46323832
32 32 1 0 2112.32125525
2 32 2 1 643.541740736
4 32 8 1 979.970140249
32 32 32 0 2111.03235621
8 32 1 1 1442.21665671
16 32 8 0 1818.64840784
2 32 8 0 829.608376515
1 32 4 1 986.545933646
2 32 32 1 764.395683499
4 32 4 1 919.89265784
8 32 4 1 1240.2444482
8 32 32 1 1446.91443943
16 32 4 1 1764.81443778
16 32 4 0 402.119647244
8 32 16 0 1285.29019945
