4 1 2 1 1394.694328
16 32 0 0 4496.87671433
2 1 14 1 1624.54203543
8 1 4 0 1261.56935792
16 16 0 0 5574.54599234
16 1 0 1 2813.4031161
2 1 8 1 862.238524893
4 1 12 1 761.905962235
16 1 0 0 3194.95748675
1 2 1 1 1048.80504797
4 1 1 0 1566.90905186
16 32 0 1 6428.91125919
8 32 8 1 2891.96479131
1 32 2 0 1779.04511825
1 2 15 0 1077.0238073
16 16 0 1 6072.48690331
1 2 2 0 1635.94622498
8 1 1 0 2185.5586231
1 32 1 0 1665.25851474
1 32 8 0 1969.14925745
2 32 1 1 2597.11757675
8 32 8 1 3101.89125504
8 32 8 0 2418.79316967
1 1 15 1 844.746948635
8 32 1 0 4771.5486205
16 16 0 0 6174.99388444
16 1 0 0 3458.33018854
16 1 0 0 3110.31643811
4 32 4 0 2615.58793221
8 32 8 0 3422.43801526
16 1 0 1 2687.47307556
2 32 1 0 2758.94867161
8 1 1 1 2272.9463973
1 32 4 0 1784.57817672
16 1 0 1 2729.42190044
2 32 2 1 2087.9461631
16 32 0 0 6055.34727986
1 32 15 0 1881.15775862
8 1 4 1 1091.85631534
16 32 0 1 6167.8567047
4 32 1 1 2001.62202981
16 1 0 1 3103.58395662
2 2 2 1 1545.06403627
4 1 12 0 1584.41340537
16 16 0 0 6702.85913336
16 16 0 1 6355.29232688
1 1 4 0 1828.4374338
1 32 8 1 2003.97589242
8 1 2 0 1781.7641157
16 1 0 1 3257.47888153
16 32 0 1 6343.00062279
16 1 0 0 2790.88865279
2 1 1 1 1299.74535352
16 32 0 1 6416.53726403
2 1 14 1 700.3673903
8 1 8 0 1050.17412961
4 32 2 0 3820.30619852
16 1 0 1 3142.5709723
16 1 0 1 2537.5280647
16 16 0 0 5596.35247545
4 32 2 1 3604.19673151
16 32 0 0 6671.40933263
1 2 8 0 1301.21546734
2 32 4 0 3109.192465
2 1 2 1 1325.45359222
1 32 15 1 1892.49483893
16 32 0 0 5730.34969119
2 32 4 1 2272.76083228
1 32 1 1 1875.97165992
2 32 2 0 3248.4311722
2 32 8 1 2048.23190639
16 16 0 1 6518.53673897
16 32 0 0 6471.62776612
4 1 4 1 960.484409181
1 32 2 1 1923.93579245
4 32 12 0 2144.13477859
2 2 1 1 1315.83809366
4 1 8 0 989.856303498
16 32 0 1 5164.00335625
16 32 0 1 5440.61627309
16 1 0 1 3396.18835191
1 2 15 0 1158.10155387
8 1 8 0 1664.68601189
2 2 1 0 1730.74376954
16 1 0 0 3032.18776299
4 1 8 1 758.147382158
2 32 14 0 2062.46847627
1 32 4 1 1572.46711777
1 32 15 0 1823.80785119
16 16 0 1 6707.57736187
8 1 8 1 950.765516657
16 32 0 1 6259.10229812
16 1 0 0 2694.27058937
4 32 12 1 1954.38886098
1 2 4 1 1937.57428023
16 32 0 0 6381.34541427
16 32 0 0 6400.56222536
16 1 0 1 3208.83640871
2 1 4 1 1255.93032856
8 1 8 1 926.999331482
4 1 4 0 956.337958446
16 1 0 0 2708.08421938
4 1 12 1 777.866198743
16 1 0 1 2129.79036085
1 2 1 0 1473.12947762
1 2 15 1 1079.76816914
16 16 0 0 6425.71692617
4 32 8 1 2119.26230809
8 32 2 0 5086.18405163
1 32 15 1 1240.29083022
8 32 4 1 3793.87832459
1 1 4 1 1549.56749977
2 32 14 1 2177.74256589
1 2 4 0 1441.60146363
16 1 0 0 3161.14842283
16 1 0 1 2771.02071293
2 32 8 0 2986.60192519
1 2 15 1 954.912864844
16 32 0 0 6473.85474697
1 1 15 0 1475.21685946
8 32 2 1 4672.54281586
16 1 0 0 3070.17271122
8 32 8 1 2535.34330638
2 1 14 0 1544.42047555
4 32 8 0 1881.76133955
16 32 0 1 5963.52890477
4 32 1 0 3380.92672404
2 32 14 0 1311.11974366
1 1 8 1 1537.31676035
16 32 0 0 6668.38890531
2 1 1 0 1092.85421765
16 32 0 0 6367.87633997
8 1 8 0 848.033630976
16 32 0 0 5669.98289226
4 32 4 1 2408.2961093
2 32 14 1 2030.83473431
2 1 2 0 1200.47881884
16 1 0 0 2650.30735621
16 32 0 1 6400.349332
8 32 4 0 3527.54142999
4 1 2 0 1224.91506074
8 1 8 1 1585.05303614
1 2 8 1 1561.78374974
4 1 12 0 1184.87197972
16 32 0 0 3425.72232551
16 32 0 1 6112.67534068
4 32 12 0 1960.24624021
1 2 2 1 828.834551651
16 16 0 0 6301.30761992
16 1 0 0 3192.12620033
16 1 0 1 3395.17949482
16 32 0 1 6326.44087618
8 32 1 1 5076.25580234
1 1 2 1 1142.62529976
2 1 4 0 984.223757445
8 1 2 1 1443.17976934
8 32 8 0 3083.30672638
16 4 0 1 6139.46288774
1 8 15 1 1987.48559187
8 2 2 1 2711.4542924
2 2 14 1 1260.97421032
16 2 0 1 4247.66670183
8 4 1 0 4426.24582626
8 2 1 0 3381.79502361
16 4 0 1 5896.63529412
2 8 1 0 2663.50060154
8 2 8 0 1232.92562797
1 4 2 0 1773.97131254
2 2 14 0 1099.21189521
4 4 12 0 2551.41212699
16 4 0 0 6004.96263927
4 2 12 1 1829.74657334
2 4 4 1 2176.81852427
16 4 0 0 6147.07954498
16 4 0 0 5789.52008425
4 4 8 1 2741.8825877
2 2 4 0 1546.69478587
2 8 4 1 2582.75147219
16 2 0 0 4347.81719287
1 8 2 1 1876.14004763
4 2 8 0 2081.37858426
2 2 14 1 1202.36761998
1 4 1 0 1413.28107514
2 2 14 0 1310.28063493
8 4 8 0 3121.33035424
8 2 4 1 2551.62147077
4 2 4 1 2021.14303769
4 8 1 0 4081.99219499
16 4 0 1 5825.22374138
1 8 15 1 2120.67056703
16 2 0 1 4274.94162122
8 4 8 1 2734.70339966
1 4 4 0 1746.00423022
4 4 12 1 1620.17508482
2 4 2 1 2472.20209113
4 4 4 1 2199.2686992
1 4 15 0 2008.05299975
1 4 1 1 1707.66383307
16 2 0 0 4139.04889306
2 8 14 0 2080.83499086
16 2 0 0 3937.57663748
4 8 4 1 3580.57613364
4 2 4 0 2011.03385538
8 2 8 0 2524.31920483
16 4 0 0 6229.925154
16 4 0 1 5370.58669628
8 4 8 0 2948.17341977
4 8 1 1 3968.92890347
2 8 4 0 2684.7552128
16 2 0 0 4565.60337739
2 4 14 0 2439.70355058
4 8 8 0 2488.89105264
1 8 8 1 1668.93671976
2 4 14 1 1751.42089659
2 4 1 0 2085.86181333
2 4 1 1 2520.1399636
16 2 0 1 2263.90855824
4 8 12 1 1367.34368062
1 4 8 0 2078.39846301
16 4 0 0 6039.53055443
4 2 8 1 1703.84255424
4 4 12 1 2183.66261303
8 2 8 1 2524.72434997
4 4 12 0 2287.39136261
8 4 8 1 2551.83776639
2 4 8 0 2343.39645144
16 4 0 1 831.077323507
16 2 0 1 4511.84099005
1 8 4 0 2007.18036305
16 2 0 1 4456.90299609
16 4 0 0 6042.3905683
2 4 4 0 2438.74896986
16 2 0 1 4381.53506128
8 4 1 1 4568.92084985
2 8 8 1 2644.38078772
8 2 2 0 3454.94063901
2 8 2 1 2709.55520117
1 8 8 0 1888.91952192
2 4 2 0 2214.91844213
2 8 14 1 2011.16012222
16 4 0 0 5895.76242768
16 2 0 0 3952.16383508
2 8 8 0 2518.11351397
4 4 2 1 2728.22147109
16 4 0 1 5836.08159602
16 4 0 1 5882.53759281
4 2 1 1 1959.39198224
1 8 4 1 1941.61353449
16 4 0 1 6049.35625983
4 2 2 0 2738.62701825
16 4 0 0 6217.25523799
4 8 8 1 3048.40908874
1 4 15 0 1257.14733115
16 4 0 1 5984.06188569
16 2 0 0 4287.7188259
8 4 8 1 1455.4629743
16 4 0 0 5665.52539427
16 2 0 1 4483.01672196
16 2 0 0 4838.45691374
4 8 2 0 3402.18658417
8 2 8 0 2774.14146705
8 2 4 0 2685.82143818
4 8 12 0 2006.29285959
2 8 1 1 3003.98350385
1 8 15 0 1830.80768181
1 8 15 0 2066.199182
8 2 1 1 3822.7022471
8 4 4 0 2911.85054774
16 2 0 0 4400.98851145
2 2 8 1 1136.9126037
16 2 0 1 4238.04995165
1 4 15 1 1884.52915259
2 2 2 0 1877.82678176
2 4 8 1 1786.54167767
2 8 14 1 2052.02476164
16 4 0 0 5622.06836169
4 8 2 1 3886.36696201
2 4 14 1 1673.98074397
4 2 12 0 1950.3858668
16 4 0 0 5321.9451582
8 2 8 1 1869.34443763
4 4 8 0 2345.75010152
1 4 8 1 1397.26896805
16 2 0 1 4511.02236155
4 8 4 0 2622.28468439
8 2 8 1 2485.13909653
2 2 4 1 1652.73412076
8 4 2 0 3343.6093494
2 8 14 0 2185.23542506
1 8 1 0 1865.46579551
16 2 0 0 4086.74003912
16 2 0 1 4366.20246985
4 2 1 0 2405.21387574
4 2 2 1 2126.04893599
1 4 4 1 2031.27005831
4 4 1 0 3327.31329635
4 4 1 1 3718.3560246
4 2 12 1 1899.52715004
2 2 8 0 1796.27369579
8 4 4 1 2814.49524769
16 2 0 0 4817.80637916
16 2 0 0 2110.43856835
16 4 0 1 6139.22765655
16 4 0 1 5824.8351519
4 2 12 0 2271.21310743
16 4 0 1 5979.46881943
16 4 0 0 5791.23164824
1 4 2 1 2138.00990318
4 4 2 0 2902.74661573
16 2 0 0 4408.74819113
8 4 8 0 2653.7997283
2 4 14 0 2160.68009165
4 8 12 0 2362.69771735
1 8 1 1 1566.9685411
4 8 12 1 2206.91617997
1 4 15 1 1900.43748673
1 8 2 0 2353.21079143
4 4 4 0 2430.07796446
8 4 2 1 4251.74751283
16 2 0 1 4187.49460257
2 8 2 0 2706.96424651
16 2 0 1 4408.46911012
16 8 0 1 6557.67972464
16 16 0 0 6297.67142477
4 32 12 1 2282.37417671
1 16 4 0 2103.82874383
1 16 1 0 1868.19471967
16 16 0 1 6348.37230545
4 16 4 0 2680.46795867
16 8 0 1 5678.79313517
4 16 4 1 4125.16133885
