32 32 4 0 3522.93742819
32 16 16 0 2341.51992485
16 16 2 0 2667.923964
2 32 1 0 1235.83417604
2 32 2 1 1047.22306951
4 32 16 0 1534.27468482
16 16 32 1 1779.06587448
8 16 32 0 1899.03732957
32 16 8 1 2787.82530031
16 16 16 0 2300.59647601
4 32 8 0 1782.4866769
16 32 2 1 2596.02063676
8 16 2 0 2127.78656235
8 16 8 1 1690.50415449
4 32 32 1 1471.16998549
16 16 32 0 1918.16732707
32 16 1 1 3403.3796345
1 32 32 0 1713.05277457
32 32 16 1 2207.44038868
4 32 4 0 1564.94907343
16 32 16 1 2001.29312339
16 32 32 0 1904.02849637
32 32 32 0 1733.47117423
16 32 32 1 1642.01253135
8 32 32 1 1368.00273593
32 32 2 1 3725.28656184
32 32 16 0 2291.79537197
32 32 1 1 3184.75609929
1 32 8 1 1005.04700131
8 32 16 0 1838.60429007
32 16 4 1 3072.62339377
4 32 2 0 1617.45537617
2 32 16 0 1220.52131214
16 32 1 0 2843.12201288
32 16 1 0 3573.01958742
8 32 32 0 1612.97204363
4 32 1 0 1547.7971692
1 32 2 1 683.147325953
16 16 8 0 2600.18717616
32 32 4 1 3559.98237576
8 32 8 1 2033.30865957
32 16 2 1 3500.17854699
1 32 2 0 1634.12485852
4 32 1 1 1717.2980204
16 16 4 1 2686.01453391
1 32 16 0 1534.70829178
1 32 1 0 1549.30918148
16 32 8 0 2729.19830456
1 1 2 0 572.766257843
1 32 1 1 1790.59680446
1 1 4 1 805.647696944
32 32 32 1 2030.47509775
2 32 8 1 1162.75881518
32 32 1 0 3368.9997664
1 32 8 0 1674.02981003
16 32 8 1 2595.01317758
16 32 16 0 2372.51209212
2 32 4 0 1162.57814578
2 32 2 0 1122.375315
32 16 8 0 2927.40946746
16 32 2 0 2868.03455689
16 16 2 1 2890.73848872
8 16 4 0 2308.66604777
4 32 8 1 1656.85955653
32 32 2 0 3395.43434095
2 32 32 0 1150.87689844
8 32 2 1 1937.12369319
32 16 16 1 2669.91027182
8 16 8 0 2019.37257671
2 32 8 0 1196.64369139
32 16 32 0 2084.78986355
1 1 2 1 1281.19693513
8 32 2 0 2207.96420607
8 32 4 1 2128.41435615
16 32 4 1 2534.67449343
8 32 1 1 1958.54541693
1 1 4 0 1281.105062
1 1 8 1 1309.16323541
1 1 1 1 577.389794363
8 16 16 1 1963.17376578
8 16 4 1 2388.18821842
16 16 8 1 2404.05448381
16 16 16 1 2414.21536663
2 32 16 1 1115.05049965
1 32 16 1 1668.20754067
1 1 8 0 441.803655311
2 32 32 1 1176.16180027
1 32 4 1 1840.40968754
32 16 4 0 3005.95439769
16 16 1 0 2994.52423274
2 32 1 1 1100.99014379
4 32 32 0 1602.29882131
16 16 4 0 2835.69044379
32 32 8 1 3049.95949627
1 1 1 0 1040.90207345
8 16 16 0 1942.16053587
8 32 1 0 2092.75013277
32 16 32 1 2077.00464779
4 32 4 1 1594.33550364
16 16 1 1 2830.49056522
8 16 32 1 1842.58253387
4 32 16 1 1623.4825451
8 32 4 0 2172.96025337
1 32 4 0 1684.42355822
16 32 4 0 2731.50274284
1 32 32 1 1028.87544145
4 32 2 1 1592.65174574
32 32 8 0 3018.30549536
8 32 16 1 1903.48288518
16 32 1 1 2537.78734957
32 1 8 0 2505.34639005
16 2 4 1 1935.7641607
1 4 2 0 535.704870319
16 2 1 0 1814.48165607
8 1 8 0 1617.57154475
16 1 32 1 2482.15671087
2 1 1 1 930.907611586
16 2 16 0 2160.44554775
32 1 4 0 3047.84754147
8 2 2 1 1590.02632487
4 2 32 0 1001.26659085
1 4 2 1 1201.66638966
8 1 32 1 2077.92006902
4 2 4 1 1125.68726059
16 2 4 0 2313.36884774
1 4 8 1 1166.69884884
1 1 16 1 1329.64352742
4 2 32 1 1228.87072841
16 1 8 1 2320.59571555
8 2 1 0 1660.56029369
32 2 2 1 2652.0465262
16 2 32 0 1783.90531156
8 1 2 1 1630.00859069
1 2 2 0 543.180659593
2 4 1 1 950.075339032
16 1 32 0 2848.41729796
1 4 8 0 1343.95420599
32 2 32 0 2454.20886159
2 2 1 0 858.431397344
2 2 4 0 911.907652405
8 2 16 1 1710.32319286
16 1 4 1 2522.2588922
32 1 1 1 2031.21147057
1 4 1 0 963.543930857
16 2 32 1 2186.27422326
32 2 32 1 2335.31756716
2 2 16 0 925.396825671
1 4 1 1 1011.75759469
4 1 8 0 1683.396453
2 1 8 1 991.335340852
4 1 2 1 1376.36736589
4 1 16 1 1448.44355709
1 4 32 0 1340.69692717
32 1 2 0 2478.88997939
32 2 16 0 2198.66457346
4 2 2 1 1304.04201252
8 2 8 0 1581.02455466
2 1 16 1 1146.4563279
4 1 1 1 1356.04999568
2 1 8 0 1040.57670014
16 1 16 1 2613.77440247
8 1 32 0 1967.31876136
16 2 8 1 2133.56385955
1 2 16 0 1181.31975205
2 1 16 0 1011.1988755
8 2 32 1 1494.89472212
2 4 4 1 744.302391981
2 1 32 1 1242.6826833
16 2 16 1 1935.1170493
1 2 32 0 1400.80559821
4 2 8 0 1171.53131268
1 2 2 1 1409.1898389
4 2 8 1 1382.03310334
32 2 2 0 2555.94266626
32 2 4 1 2626.75050095
1 2 4 0 1459.62526288
16 1 2 0 2503.32814024
1 2 32 1 1234.19173722
4 1 2 0 1668.11291763
2 2 8 0 825.750998651
2 2 32 1 815.207467307
1 2 4 1 1180.83709827
4 2 16 1 1030.76162972
2 2 8 1 861.597839337
8 1 2 0 2303.88785456
8 1 1 1 1970.15107123
16 1 4 0 2128.34599689
8 2 16 0 1363.69439623
4 1 16 0 1585.5367644
2 1 4 0 1042.80067208
8 2 1 1 1603.15538205
2 2 32 0 889.08051319
2 1 4 1 1026.11980938
2 4 1 0 748.736481697
8 1 4 1 1775.81579481
1 2 8 0 1390.35545763
8 1 8 1 1987.14058187
32 1 32 1 2348.99302048
1 2 1 1 884.525779907
32 1 1 0 3203.64629858
16 1 1 0 2542.90521456
1 4 16 0 1194.09558716
8 2 2 0 1683.12637951
16 2 1 1 1973.77513741
2 2 2 1 1027.0698406
32 1 16 1 2321.84965059
8 2 8 1 1405.87521145
2 2 4 1 1193.89670743
4 2 2 0 1244.74896237
4 1 4 1 1472.37727292
1 2 16 1 589.027853028
32 1 16 0 3088.41468344
16 1 2 1 1993.2083547
1 1 16 0 1240.64512395
4 2 4 0 1125.25194609
2 4 2 0 748.467936078
2 1 1 0 1130.64692648
4 2 16 0 1234.17909021
2 2 2 0 670.568192094
32 2 4 0 2581.00704854
32 2 8 1 1587.52227931
4 1 4 0 1378.02361415
8 2 4 0 1621.01222656
1 2 8 1 1115.19786015
32 1 32 0 2314.12070865
2 2 16 1 836.383839027
32 2 8 0 2821.15358491
2 4 4 0 838.898004778
2 4 8 0 948.764448919
8 2 32 0 1635.4634762
32 1 2 1 3395.94879759
16 1 16 0 2257.74991871
16 2 2 0 2173.64624139
2 4 2 1 688.795798755
4 1 8 1 1319.73836821
2 1 2 0 1294.49819847
32 1 4 1 2724.43033382
4 1 1 0 1377.79031121
1 1 32 1 1508.08462488
16 2 8 0 2187.24361034
1 4 4 0 1237.57586245
32 2 1 0 2732.70861778
4 1 32 1 1394.71788407
32 2 16 1 2564.54168812
1 4 16 1 863.179071366
1 1 32 0 456.498665075
2 1 2 1 1023.22748423
1 4 32 1 1300.35200463
8 2 4 1 1452.09786051
8 1 16 1 1846.52941324
16 1 1 1 2629.59903518
4 2 1 0 1220.1139307
4 2 1 1 1254.18549296
16 2 2 1 1790.91758935
8 1 4 0 1977.66530193
2 4 8 1 733.132462613
16 1 8 0 2469.33469173
4 1 32 0 1345.22809824
8 1 16 0 2224.61967718
32 2 1 1 2775.50207916
2 1 32 0 992.243773157
1 4 4 1 1253.12027897
1 2 1 0 970.732113805
8 1 1 0 1665.52323068
2 2 1 1 1036.73807836
32 1 8 1 2617.84993879
4 16 1 1 960.551391431
4 8 1 1 1198.77739904
4 8 8 0 1250.54202948
1 8 16 1 1203.87700234
4 16 8 1 1066.67299775
16 4 8 0 2149.30416162
8 4 8 0 1557.3847096
32 4 2 1 2189.00244776
8 4 16 1 1572.91295154
4 4 32 1 1085.74369141
2 8 16 1 787.069012022
2 4 16 0 658.376733637
16 8 4 0 1983.4478518
1 8 8 1 351.935711828
1 16 16 0 588.985365175
32 4 32 0 2102.06297742
4 4 1 1 1060.93959002
32 8 16 1 2390.20131957
4 4 32 0 1324.39754604
4 16 16 0 1023.44700399
4 4 4 0 948.81945165
32 8 2 0 2489.00431649
4 16 1 0 1183.76293873
2 16 8 1 796.75398935
4 4 8 0 995.543987198
2 16 2 0 696.188029244
2 8 32 0 754.06638166
2 8 2 0 739.552049066
4 8 32 0 1111.93602241
4 16 8 0 1188.61238507
4 16 2 1 1336.59531333
4 4 2 1 1094.65856586
1 16 1 0 916.868326107
2 8 32 1 797.44947359
1 16 2 1 672.297876736
8 4 32 1 1396.10932505
8 8 4 0 1551.95612668
4 8 1 0 1088.30994606
8 4 8 1 1597.66240883
16 8 4 1 1872.69988094
32 4 4 0 2092.32906978
2 16 2 1 734.453676612
1 8 2 0 1142.24077125
1 16 1 1 900.688007167
32 8 2 1 2628.99623945
2 4 32 1 823.224759569
8 8 32 1 1512.13468852
4 4 1 0 1178.65950345
4 8 2 0 1098.9425297
2 8 1 0 833.489974315
32 4 1 0 2226.84966216
32 4 4 1 2801.02764832
8 8 1 1 1429.49647445
16 8 2 1 2145.66695243
4 16 4 1 1237.79491329
32 4 1 1 2601.79778977
1 16 8 0 1193.22819103
1 8 4 0 1226.10925423
16 4 16 0 2014.38260066
32 8 16 0 2359.32260111
8 8 16 0 1684.90092079
8 8 1 0 1569.70172817
16 4 4 0 1842.48126137
32 8 4 1 2501.57361186
1 16 4 1 1128.86027706
32 8 1 1 2729.13727141
2 8 4 0 876.09918701
4 8 32 1 1157.98274758
1 8 16 0 1313.39147478
4 16 2 0 1109.13764747
8 8 16 1 1560.22301611
4 16 4 0 1091.25308251
1 8 4 1 983.970677634
4 4 2 0 1254.00851578
1 16 4 0 1259.44262833
1 8 32 1 309.901490413
2 16 4 1 686.935004186
16 8 32 0 1870.59174613
16 4 16 1 2072.27483289
1 8 1 1 1034.26626528
8 8 2 0 1589.66935996
8 4 16 0 1489.2136214
1 8 2 1 240.762409153
2 8 2 1 774.538580253
32 4 16 1 2179.10771809
16 8 1 1 1905.7911813
16 4 8 1 2134.61097627
1 8 32 0 1286.78319193
1 8 1 0 1021.71692932
2 16 32 1 809.567177745
32 8 4 0 2528.20852336
8 8 8 1 1631.5929116
8 4 2 0 1538.58780173
1 8 8 0 1318.77803949
1 16 2 0 1265.57704291
4 4 8 1 1122.94463429
2 16 16 1 769.208482615
16 8 2 0 2011.8359908
16 4 2 1 1745.87282655
4 16 16 1 1059.15154893
16 4 4 1 1908.0915905
32 8 8 1 2243.70611594
32 4 16 0 2535.12395802
4 8 4 1 1165.90500717
4 8 16 1 1096.46245937
8 8 8 0 1560.74210286
8 4 4 1 1693.55950998
16 8 32 1 2099.37710894
32 8 1 0 2466.2057491
8 8 2 1 1606.20543538
8 4 2 1 1601.30540437
16 4 32 0 1705.70382684
2 8 4 1 844.747205213
2 4 16 1 694.387700232
8 4 1 0 1519.30301272
16 8 16 0 2001.83552032
32 8 8 0 2632.69586223
2 16 8 0 731.140098666
16 8 8 1 2158.01922481
4 4 16 1 1245.83477857
4 8 8 1 916.754604542
16 4 2 0 1554.89022544
1 16 16 1 1191.43208928
32 8 32 1 2155.6009767
2 16 1 1 807.344520976
8 4 32 0 1638.17865598
2 16 1 0 702.109912252
8 4 1 1 1488.52717159
2 8 16 0 788.164756584
4 4 4 1 1062.71729369
4 4 16 0 1043.71665086
1 16 8 1 1343.01686046
32 4 32 1 1977.33281057
4 8 16 0 1081.26240473
2 8 1 1 735.438311674
2 8 8 0 716.569966315
2 16 4 0 862.487265726
32 8 32 0 2449.24778458
2 16 16 0 764.874708013
2 4 32 0 805.104617598
2 16 32 0 719.437947049
4 8 4 0 1252.84204905
32 4 8 0 2694.71310985
1 16 32 1 1276.81354661
16 4 32 1 1765.20711893
8 8 32 0 1483.11311134
16 8 8 0 2019.67452754
16 8 16 1 2070.32825053
16 4 1 1 1680.72862221
8 4 4 0 1520.98383702
4 8 2 1 1064.9949937
8 8 4 1 1631.99565646
16 8 1 0 2042.73917307
32 4 2 0 2490.83832035
1 16 32 0 1262.59793167
16 4 1 0 2124.35356125
32 4 8 1 2455.23999461
2 8 8 1 823.659252606
4 32 8 0 1084.30650557
4 1 8 1 1338.92634199
1 1 16 1 1024.12585892
1 32 2 1 963.489326964
2 1 16 0 873.01974206
16 32 32 1 1739.11331579
4 16 32 1 1117.79854714
1 32 8 1 586.174895135
2 1 4 1 799.455654207
1 32 4 0 1271.23478488
2 1 8 1 888.488900468
8 16 16 0 1544.19392472
1 32 32 1 652.196502119
32 16 32 1 2036.25139694
8 16 32 1 1534.7151939
1 32 8 0 1302.465337
16 32 2 0 1905.99987349
2 32 16 1 802.161236702
16 1 16 0 1573.34900828
16 16 32 0 2016.57636324
1 32 1 0 1001.26253349
16 16 1 1 1783.62212759
16 1 4 1 2068.66266435
32 32 16 0 2583.53942823
8 1 32 1 1381.53341614
8 32 1 0 1476.10523561
4 1 2 1 1335.54544663
32 16 1 1 2370.8754844
16 16 16 1 1881.52314353
16 1 4 0 2454.74768097
2 32 2 0 789.118064896
32 32 16 1 2380.72729216
8 1 2 1 1745.03407925
8 16 8 0 1511.18986439
8 32 8 0 1545.05665452
4 1 16 1 617.478149249
16 16 4 1 2022.36313394
1 32 1 1 955.080457086
32 32 8 1 2280.22783863
32 32 2 1 2581.61306225
16 1 1 0 2451.0510296
16 16 8 0 2021.47814447
8 1 1 0 1439.66027191
32 16 16 0 2400.91357851
8 16 1 1 1453.04364354
32 16 4 0 2643.31629357
32 16 32 0 2165.62951061
32 16 8 1 2592.18872061
4 1 1 0 1349.69038376
8 16 4 0 1558.14715085
32 16 1 0 2546.02049876
1 1 1 1 878.624155402
1 32 16 0 1218.13710883
16 1 16 1 2010.6950428
2 32 4 0 783.958948735
1 1 2 1 275.888275963
2 32 1 0 761.638148578
8 1 1 1 1433.33785831
32 32 4 0 2561.60147058
8 32 16 1 1519.83546667
8 16 32 0 1570.03955476
4 16 32 0 1018.1252042
16 1 8 1 2219.04298255
4 32 2 0 266.408035423
32 32 2 0 2469.99204376
2 32 32 0 186.389573219
4 1 2 0 1197.48142602
16 16 32 1 1816.18875758
8 16 2 0 1602.69374243
1 1 32 1 245.883714997
4 1 4 1 1243.4027137
8 32 32 0 1518.55065502
2 32 8 1 657.880008878
16 32 32 0 1928.14697125
2 1 32 1 799.957058528
32 16 2 0 2605.86351543
2 1 8 0 1020.66257079
16 32 2 1 1842.40751131
8 1 16 0 1312.60599505
4 32 1 1 482.886774646
2 32 4 1 680.183839032
16 1 32 0 1559.97898887
1 1 2 0 1277.38630332
16 16 1 0 1914.72924558
32 32 4 1 2577.56149463
2 1 2 1 877.760788069
4 32 2 1 862.02580664
8 32 2 1 1372.12886962
32 16 2 1 2299.07111432
32 16 8 0 2534.38462507
32 32 1 1 401.568134184
1 32 32 0 1032.36434748
8 16 1 0 1544.26172276
1 32 16 1 1146.77820535
32 32 8 0 2410.4364052
4 32 1 0 568.86179514
2 1 1 1 757.5974334
1 1 32 0 1535.45518365
4 1 1 1 1367.10232934
1 32 2 0 1314.95003132
32 16 4 1 2549.53734706
32 32 32 1 2068.7081247
8 1 8 1 1744.89502174
2 32 1 1 732.152138152
32 16 16 1 2201.98926757
4 1 32 1 1077.85366371
16 1 32 1 1544.29807075
8 1 16 1 1566.17138848
1 1 1 0 873.91713806
4 32 32 0 923.32510046
4 1 32 0 1110.74898753
8 1 8 0 1604.34072527
16 32 1 1 2009.11854952
16 32 1 0 2127.74744478
2 1 16 1 975.974722052
16 32 8 1 1841.69028899
16 1 2 1 2393.67765427
1 1 8 1 643.221622358
4 1 16 0 1155.65617803
16 1 1 1 2620.85804802
16 32 16 0 1850.23656755
8 1 4 0 1795.20442801
2 32 16 0 168.559669461
16 16 2 1 1921.48284627
8 1 4 1 2012.1274524
1 1 4 0 1544.78307629
4 1 8 0 1310.00943413
8 32 4 0 1431.53075846
8 16 4 1 1635.46695168
2 1 32 0 876.656703329
8 1 32 0 1461.25943941
16 32 16 1 2128.50916917
32 32 1 0 281.911201265
2 32 2 1 782.277709169
32 32 32 0 2375.71080507
16 32 8 0 2098.59952168
16 16 4 0 1890.84861762
1 1 8 0 345.34637215
2 1 4 0 810.524691196
16 16 16 0 2066.15961227
8 16 2 1 1524.16963255
2 32 8 0 731.535701547
16 1 2 0 2578.06234965
1 1 16 0 1189.6124737
1 32 4 1 1101.16000602
16 16 8 1 1911.02928643
2 32 32 1 448.930726203
16 1 8 0 2220.34777706
2 1 2 0 837.543680848
8 16 8 1 1479.25632177
8 32 4 1 1338.37794837
2 1 1 0 882.101767232
8 1 2 0 1840.69627022
16 16 2 0 2095.71113351
8 32 32 1 1416.06920683
8 16 16 1 1498.70954898
1 1 4 1 1236.02976437
4 1 4 0 1359.52434548
16 32 4 0 1718.1740216
4 4 32 1 1406.3865274
16 4 16 1 2365.67541693
1 4 1 1 1744.86602245
4 2 32 0 1304.08398046
8 4 16 0 1718.14719571
32 1 1 0 2967.42982209
4 4 2 0 1558.98820442
32 1 16 1 1923.71015765
16 4 16 0 2281.09187458
16 2 16 0 2054.32654356
32 4 1 1 3342.7830531
2 4 2 1 1018.22931201
2 2 2 0 1007.48039183
32 1 8 0 2950.01431318
16 2 1 0 2776.06851928
4 2 8 0 1541.57805974
4 2 4 1 1345.61817876
32 2 8 1 2933.87520187
16 2 16 1 2025.91574014
16 2 4 1 2870.52618639
2 4 32 1 1051.3921868
1 4 1 0 1565.63683183
32 2 1 1 2891.2265872
1 2 2 1 761.953717954
8 2 2 1 2165.37899391
32 2 16 1 2189.07125601
8 4 32 0 1734.51603274
2 4 16 0 1117.26069731
1 4 2 0 1955.08914085
1 2 4 0 1763.32712932
32 2 2 1 3160.87856912
1 2 16 1 1791.43860225
2 2 32 0 858.283345024
2 2 32 1 910.93295781
8 4 1 1 1976.67587671
4 4 1 1 1536.25483543
1 4 32 0 1922.85318252
16 4 8 1 2445.92432163
2 4 1 1 1178.80144112
8 4 8 1 2171.67259396
2 2 4 0 841.497532722
2 4 16 1 1157.63316711
16 4 4 0 2958.6003851
16 2 8 1 2572.94330828
8 2 1 1 1849.92831034
2 4 32 0 1056.31541344
16 2 8 0 2345.06463123
8 4 16 1 1739.9929368
8 2 1 0 2047.57109085
16 4 8 0 2446.00437796
8 2 16 0 1731.01125152
1 4 8 1 1021.26886642
1 2 16 0 1332.69321727
2 2 2 1 986.350005626
32 1 32 1 1397.62750669
4 2 16 0 1361.25233322
2 2 8 1 855.830447699
16 4 1 0 2855.52271024
32 1 32 0 1603.94637285
4 4 32 0 1333.40690696
32 1 16 0 2257.56470426
4 4 4 0 1519.17051108
2 4 4 1 1160.66670343
2 4 1 0 1053.04720161
8 2 16 1 1566.16868372
32 1 1 1 2321.98683116
1 2 8 0 1532.73666031
8 2 4 0 2160.43185955
4 2 1 1 1420.68828549
4 2 16 1 1486.31801801
1 2 8 1 903.770365255
8 4 1 0 1980.16383586
1 2 32 0 1162.49526276
16 4 32 1 1829.12760005
32 2 8 0 2499.33306521
1 4 8 0 1817.46710663
8 2 8 0 1850.34858546
2 4 4 0 778.095604145
32 2 4 0 2685.68848396
32 2 32 1 1676.55724001
1 4 2 1 794.252644944
1 4 4 0 1709.28891949
4 4 1 0 1768.76438328
32 4 2 0 3462.49263927
16 2 32 0 1535.04665993
8 4 2 0 2061.11010898
1 2 32 1 1898.67642545
32 2 2 0 3292.78476043
8 4 32 1 1633.61618
32 1 4 0 2916.53606831
1 2 4 1 1240.14209014
32 4 2 1 3382.62947738
16 2 2 1 2832.32982815
32 4 4 1 3462.91865865
32 2 32 0 1636.07154332
1 4 16 1 1938.01956378
8 2 8 1 1997.60525835
32 1 4 1 2975.43852895
32 4 1 0 3051.68394232
4 4 8 0 1621.92425015
4 2 2 0 1604.73496466
2 4 2 0 1238.93421921
4 2 32 1 1412.51284143
8 2 4 1 2086.66210033
4 4 8 1 1576.68551706
4 2 1 0 1399.64765169
4 2 4 0 1584.04845481
1 4 32 1 1067.89294337
2 2 16 0 965.84534649
32 1 8 1 2756.17721616
8 4 4 1 2072.67870919
16 4 2 1 2931.292408
2 2 8 0 983.829398263
16 2 4 0 2617.04039738
4 4 16 1 1428.40750156
32 2 16 0 2350.65798389
32 2 4 1 3198.19504633
2 4 8 0 1154.22381295
4 4 16 0 1525.77375447
1 2 1 0 1568.15004421
1 2 1 1 1288.98298429
2 4 8 1 1121.51577329
4 4 2 1 1417.31286079
16 4 32 0 1724.87451121
4 4 4 1 1441.94355129
1 4 4 1 1903.40689124
8 2 32 1 1711.51410673
32 1 2 1 2988.78841446
32 2 1 0 2804.47316133
16 4 2 0 2934.47395446
16 2 1 1 2643.43497963
4 2 8 1 1369.31456599
4 2 2 1 1616.72717568
8 4 8 0 2155.58105665
2 2 1 0 982.163074301
2 2 1 1 1037.46593946
16 2 32 1 1790.76524217
1 4 16 0 1808.7737985
1 2 2 0 1872.78115832
2 2 4 1 1041.71482002
8 2 32 0 1821.71424509
2 2 16 1 975.851150141
16 4 4 1 2603.33704676
8 2 2 0 1979.96632204
8 4 4 0 2147.32329948
16 4 1 1 2812.49714121
16 2 2 0 2829.05120419
8 4 2 1 2020.47647397
32 1 2 0 2118.27238389
1 8 16 0 1094.48020494
32 8 8 0 3260.61877148
32 8 1 1 3641.28889239
2 8 32 1 335.937659665
8 8 16 1 2041.64556752
2 16 2 1 237.307861959
1 8 32 1 1691.70527706
8 8 4 1 2035.92220316
4 8 8 0 1697.56851236
32 4 32 1 1653.63586103
