16 16 0 0 6695.16033935
4 16 12 0 2254.09263336
2 16 14 0 1926.89450406
1 16 8 1 1877.826801
8 32 8 1 2872.58164531
1 32 2 0 1284.98773689
2 16 8 1 2836.21486876
16 16 0 1 6458.1478479
16 8 0 1 6062.74924437
1 32 1 0 2283.84754012
16 16 0 1 6671.02658035
1 32 8 0 2091.02583355
2 32 1 1 2885.98806792
8 32 8 1 2975.04102568
8 32 8 0 3193.46553764
8 8 4 0 3697.94744551
16 8 0 0 6051.99806149
8 32 1 0 5173.7059453
16 16 0 0 6465.87285652
16 16 0 1 6316.76330044
16 8 0 0 6159.19246942
4 32 4 0 4507.28322738
8 32 8 0 2770.08282516
2 32 1 0 3170.43682051
1 32 4 0 1941.59389527
8 16 8 1 3120.06405577
2 32 2 1 3247.84977809
1 32 15 0 1856.39097482
16 8 0 1 5894.44043527
4 16 1 0 4401.30773155
16 8 0 1 5807.2235477
4 16 12 1 2673.24043278
4 32 1 1 4547.18455447
8 16 8 1 3521.06752463
2 16 8 0 1828.21221947
16 16 0 0 6302.02324065
16 16 0 1 6203.76742354
16 16 0 0 6457.00133993
1 32 8 1 1594.01341301
16 8 0 0 6401.68199287
16 8 0 0 6448.81703417
8 8 8 1 3082.9715087
2 16 4 0 3108.50278562
4 32 2 0 2022.60041947
16 16 0 1 6481.18085213
8 8 8 1 2922.511318
16 16 0 0 6245.49536757
8 16 8 0 2942.37935632
4 32 2 1 4034.95103182
16 16 0 1 6306.44140887
1 16 15 1 2398.2735451
8 8 2 0 4757.47235021
16 8 0 0 5737.54057574
2 32 4 0 3606.64357727
1 32 15 1 2296.29242133
2 32 4 1 850.116984203
1 32 1 1 1904.5767215
4 16 2 0 3986.67269158
16 16 0 1 6347.07999159
2 32 2 0 3116.77236248
16 8 0 0 6218.2187979
2 32 8 1 2846.53994041
16 16 0 1 4417.12515858
16 8 0 1 6286.24113134
8 16 1 0 5549.38577377
1 32 2 1 1819.91687398
4 32 12 0 2236.0359164
8 8 1 0 5210.21504768
16 8 0 0 6647.04343987
1 16 8 0 2052.16281646
16 16 0 0 6614.61841404
16 16 0 1 6444.80518634
8 16 8 1 2973.42862019
16 8 0 0 5375.54584751
2 32 14 0 1780.52977739
16 8 0 1 6132.60498474
8 16 8 0 3447.4401957
1 32 4 1 1760.84790679
1 32 15 0 2029.14774328
16 16 0 1 6439.1194308
16 16 0 0 5599.49540776
1 16 2 0 2382.93230939
8 8 8 0 2792.08041068
1 16 1 1 717.027100034
4 32 12 1 2328.20601336
2 16 4 1 2813.31095925
2 16 2 1 3036.67333164
2 16 14 1 2079.69642261
8 16 2 1 4434.49678181
1 16 15 0 1849.18705103
16 16 0 0 6607.8743683
16 8 0 0 6474.27932906
16 16 0 0 6394.01677886
1 16 4 1 1295.73262707
16 8 0 0 6362.42772803
16 16 0 0 6671.78119814
4 32 8 1 2801.9062489
16 8 0 1 6014.9261002
8 32 2 0 4649.56299156
1 32 15 1 1839.5539089
8 8 8 0 2726.17128644
8 32 4 1 4019.90594187
8 16 1 1 5600.31441042
1 16 15 0 1727.68542558
4 16 12 1 1938.19888994
16 8 0 1 5960.78834653
8 16 2 0 5424.28875379
2 32 14 1 2085.69632695
16 8 0 1 6382.33235521
2 16 14 1 2487.75277488
16 8 0 0 6035.39504875
2 32 8 0 2353.46054366
8 8 4 1 3791.80275914
8 16 8 0 3074.49854134
4 16 8 1 2821.80746714
8 8 8 1 2784.90248608
8 16 4 0 3288.83900812
8 8 8 0 2959.22290888
2 16 2 0 3197.68915558
8 32 2 1 5355.73451178
4 16 2 1 4305.1010817
8 32 8 1 2859.51004793
4 32 8 0 2483.97153072
16 8 0 0 6159.57767681
4 32 1 0 4452.51680061
2 32 14 0 2083.96775345
4 16 1 1 4165.56737763
8 8 1 1 5075.09714711
4 32 4 1 2961.04608903
2 16 1 1 2883.00366896
2 32 14 1 2579.54286903
1 16 15 1 2045.03308316
4 16 12 0 2220.62733944
16 16 0 1 6712.17258791
8 16 4 1 4323.49433026
1 16 2 1 2183.27700795
8 32 4 0 4315.07701715
2 16 14 0 2626.95181346
16 8 0 1 6445.14836471
8 8 2 1 3587.18326402
4 32 12 0 2516.28975027
16 8 0 1 5933.44023404
16 16 0 0 4978.25380049
2 16 1 0 3089.47094825
8 32 1 1 4900.25811812
4 16 8 0 2839.66716269
8 32 8 0 2679.77256647
8 2 2 1 1941.409982
2 2 14 1 2029.91612042
1 1 2 0 1452.93179559
16 1 0 0 3212.648988
16 2 0 1 4303.095388
8 2 1 0 2979.70218986
16 32 0 1 6653.18783863
1 1 1 0 1571.7249877
4 1 2 1 1907.57980727
16 32 0 0 6899.10643715
2 1 14 1 1569.2263205
8 1 4 0 1976.00513742
8 2 8 0 1282.12739789
2 2 14 0 1584.18146531
16 1 0 1 3153.05435961
4 2 12 1 1793.8530041
2 1 8 1 1519.25262456
4 1 12 1 1768.3102549
16 1 0 0 3604.83679187
1 2 1 1 1699.3510758
4 1 1 0 1941.13623703
16 32 0 1 6608.72233195
2 2 4 0 1589.24419072
1 2 15 0 1994.31899649
1 2 2 0 1962.49427509
8 1 1 0 2479.62525557
16 2 0 0 4091.31758537
4 2 8 0 2033.32162555
2 2 14 1 2261.61555537
1 1 15 1 1115.63555929
2 2 14 0 1985.1492687
8 2 4 1 896.232068642
16 1 0 0 3605.75657196
4 2 4 1 2360.94636839
16 1 0 0 3500.96138296
16 2 0 1 4976.97273057
16 1 0 1 3449.46322139
8 1 1 1 2357.49026792
2 1 8 0 1578.86916447
16 1 0 1 3925.12966253
16 32 0 0 6854.02227404
8 1 4 1 2014.54466449
16 32 0 1 6682.34974961
16 1 0 1 4251.70769248
2 2 2 1 1906.98793703
4 1 12 0 1514.14769315
16 2 0 0 4620.82993276
4 2 4 0 2635.12758134
8 2 8 0 2512.39090005
1 1 4 0 1504.64865435
16 2 0 0 4077.38694352
8 1 2 0 2119.29074677
16 1 0 1 3815.88529282
16 32 0 1 6600.44028345
16 1 0 0 3881.46053089
2 1 1 1 1097.29940732
16 32 0 1 6623.10110709
2 1 14 1 1470.45791838
8 1 8 0 2147.81066078
16 1 0 1 3283.38339387
16 1 0 1 3794.35991845
16 32 0 0 6992.20696861
16 2 0 1 4703.05718475
1 2 8 0 1024.07037836
2 1 2 1 1456.17933464
1 1 1 1 1204.95232254
16 32 0 0 6729.53864692
4 2 8 1 2210.9773315
8 2 8 1 2673.56639357
2 1 14 0 1671.0647337
16 2 0 1 4379.37090912
16 32 0 0 6933.92158284
16 2 0 1 4496.29193411
4 1 4 1 1576.22738255
16 2 0 1 3842.45164537
2 2 1 1 1682.05292182
8 2 2 0 2872.97126242
1 1 15 1 1856.10624958
4 1 8 0 1391.7584265
16 32 0 1 6483.55900388
16 32 0 1 6132.93638104
16 1 0 1 3707.67737913
16 2 0 0 4873.36441296
1 2 15 0 1395.62414065
8 1 8 0 1921.44831969
2 2 1 0 1825.17507476
16 1 0 0 3739.83989658
4 1 8 1 1291.15859959
1 1 15 0 1565.57983375
8 1 8 1 2260.55831103
4 2 1 1 2822.32951918
16 32 0 1 6550.05371772
4 2 2 0 2696.17775515
16 1 0 0 4026.01512876
1 2 4 1 1657.97852577
16 32 0 0 7040.15056526
16 32 0 0 6737.38429346
16 1 0 1 3311.96106827
2 1 4 1 1342.34730403
16 2 0 0 5032.54425778
8 1 8 1 2375.01272637
4 1 4 0 1602.6132565
16 1 0 0 3189.00221965
4 1 12 1 1728.29868743
16 1 0 1 3870.64433805
1 2 1 0 1942.68092411
16 2 0 1 4028.15179052
16 2 0 0 4207.34967143
1 2 15 1 2143.08817549
8 2 8 0 2354.36677364
8 2 4 0 2496.87592972
8 2 1 1 2508.58918397
1 1 4 1 1739.95857332
16 2 0 0 3959.70866569
2 2 8 1 2339.45335071
16 2 0 1 3668.624662
2 2 2 0 1676.73369014
1 2 4 0 2174.65872946
16 1 0 0 3423.17005307
16 1 0 1 3714.83594398
4 2 12 0 2317.38538795
8 2 8 1 2582.34148909
16 2 0 1 3884.72846028
1 2 15 1 1913.61370712
16 32 0 0 6753.60205979
8 2 8 1 2361.4021714
1 1 15 0 1802.92485315
2 2 4 1 2126.8145549
1 1 8 0 1359.911352
16 2 0 0 3864.35624988
4 2 1 0 3152.334024
4 2 2 1 2736.44521169
16 1 0 0 3777.06000607
2 1 14 0 1537.07338258
4 2 12 1 962.861346304
2 2 8 0 1529.96616222
16 32 0 1 6636.77294
1 1 8 1 1726.42649455
16 2 0 0 4563.59602132
16 2 0 0 4515.59125387
16 32 0 0 6644.18980749
2 1 1 0 1257.23895085
4 2 12 0 839.026404807
16 32 0 0 6969.57246195
8 1 8 0 1953.36621055
16 32 0 0 6729.47126403
2 1 2 0 1191.13908479
16 1 0 0 3322.21975446
16 32 0 1 6597.47410212
4 1 2 0 1449.46745338
8 1 8 1 1837.97152189
1 2 8 1 1612.57038203
4 1 12 0 1664.83235254
16 32 0 0 6855.08904911
16 32 0 1 6633.25671006
1 2 2 1 1911.19828848
16 1 0 0 3568.49266053
16 1 0 1 3373.29532899
16 32 0 1 6484.60604153
1 1 2 1 1712.91267432
2 1 4 0 1198.42500244
8 1 2 1 2163.25285367
16 2 0 1 4109.26722732
16 2 0 1 3638.12548411
16 4 0 1 5982.01600693
16 8 0 1 5872.37255386
1 8 15 1 1984.02269979
1 16 4 0 1797.18671241
1 16 1 0 1905.96333739
8 4 1 0 4109.01807758
16 4 0 1 5724.28289682
2 8 1 0 1947.47126172
16 8 0 1 6239.31002637
1 4 2 0 990.866069076
4 4 12 0 1901.7503568
16 4 0 0 5648.40606438
2 4 4 1 1852.71872423
