16 16 2 0 2825.56119707
16 8 4 0 3073.05866848
1 16 4 0 1836.02373472
4 16 32 1 1286.32128587
1 8 4 0 1268.30146942
16 16 32 1 1706.11254932
8 8 32 0 2064.27218202
8 16 32 0 1633.79868165
2 8 2 0 1205.30211361
16 16 16 0 2236.93176426
4 8 1 1 430.681346147
1 16 2 0 1263.51484082
1 16 1 1 1618.58889768
4 8 2 1 618.480842091
4 8 32 1 1335.9840143
8 16 2 0 2087.19367013
8 16 8 1 1944.66647682
1 8 8 0 1117.7662908
16 16 32 0 1684.15675419
4 8 1 0 1584.78286648
4 8 32 0 1526.82083597
4 8 16 1 1607.42123522
1 16 4 1 1758.89238262
32 16 1 1 3134.80874223
2 8 8 1 1035.96020973
1 8 8 1 1520.96810985
4 8 4 0 1522.4596884
4 16 32 0 1506.32037288
8 8 1 0 2249.05719818
2 8 1 1 1212.09727361
32 8 4 1 3304.53739576
8 8 2 1 1925.70864347
8 8 4 0 2209.17611739
16 8 2 0 2919.39397345
1 8 1 0 1635.17124697
32 8 32 1 1933.90058164
1 16 16 0 1630.57374209
16 8 1 1 2717.9591756
32 4 32 0 1878.34795107
32 16 1 0 3370.71934432
8 8 2 0 2217.59769522
1 16 16 1 1715.67437935
16 16 8 0 2339.64020956
2 16 4 0 1154.09806175
4 8 2 0 1595.1156264
2 8 4 1 1094.51116462
4 16 16 1 1459.1575114
32 16 2 1 3348.45212968
8 8 1 1 2201.56110728
16 8 2 1 2982.7735531
2 8 16 1 1029.50051966
32 8 16 1 2219.02428666
1 16 32 1 1781.78248451
32 4 4 0 3026.52925689
16 8 8 1 2765.63448571
32 4 8 0 2887.27368802
16 8 32 0 1756.75906577
16 8 1 0 2912.94323573
1 8 1 1 1360.84687932
16 16 4 1 2770.48558483
16 8 16 0 2499.81696373
2 8 1 0 1122.06309181
2 16 32 0 1234.79454265
4 16 2 0 1519.02143819
2 16 2 0 1040.59142414
4 8 16 0 1527.0854128
16 8 8 0 2978.40220316
1 8 32 0 1504.56090798
2 16 1 1 1172.02907893
4 8 8 1 1556.36289081
1 16 32 0 1675.71510971
16 16 2 1 2708.0431437
8 16 4 0 2083.00689315
1 16 2 1 1688.19443099
8 8 32 1 1808.47946559
2 8 16 0 1179.36076552
2 16 8 0 1113.43328093
8 16 8 0 2140.36133955
2 16 32 1 1066.38070371
1 16 1 0 1079.49996495
2 8 8 0 1238.05423117
32 8 4 0 3367.6476739
32 8 2 1 3424.0015615
8 8 8 1 2143.19693787
32 8 1 0 3509.30349148
1 8 2 0 1104.07484162
2 16 1 0 1265.28384278
16 8 4 1 2742.96896974
2 16 4 1 1120.30306028
8 16 16 1 1920.55202554
8 16 4 1 1942.5467763
4 8 4 1 1707.73584744
32 8 32 0 1606.22446611
16 8 32 1 1891.60806739
8 8 16 0 2320.01070554
16 16 8 1 2517.74147419
8 16 2 1 2228.04548001
16 16 16 1 2277.24711056
2 8 2 1 1168.63056036
2 16 16 0 1053.82217134
4 16 1 1 1474.0296284
4 16 16 0 1533.4984958
8 16 1 0 2238.1722888
4 16 4 0 1581.47700008
4 16 4 1 1477.79185105
8 16 1 1 1962.05174859
32 4 16 1 2481.45406019
1 16 8 0 942.876937931
2 16 8 1 1179.84231589
16 16 1 0 2848.72586135
4 16 1 0 1459.91332558
32 8 2 0 3499.01976415
16 16 4 0 2884.69721106
32 4 8 1 3086.60607054
1 8 16 1 1856.04526677
2 16 16 1 994.834300354
1 8 2 1 1908.87609114
8 16 16 0 1968.96669839
4 16 2 1 1556.53030059
4 16 8 1 1542.79177552
16 8 16 1 2424.42680441
32 8 8 1 2988.11726678
1 16 8 1 1252.50480887
8 8 8 0 2045.50427589
16 16 1 1 2809.61609954
8 16 32 1 1712.71938648
2 8 32 0 204.463694451
1 8 4 1 1751.59573681
2 8 4 0 1294.00629997
32 8 16 0 2353.86594558
32 4 16 0 2570.38953281
4 16 8 0 1418.22915179
32 16 2 0 3078.1433465
8 1 8 0 1920.41236935
8 32 8 0 2050.09591285
2 32 4 1 1226.77215876
2 1 1 1 972.769162485
32 32 4 0 2962.94468556
8 1 32 1 1700.8223868
32 16 16 0 2347.70301831
2 32 1 0 1023.40830598
2 32 2 1 1228.34222767
1 1 16 1 1559.75614186
4 32 16 0 1568.66415667
32 16 8 1 2822.87218905
8 1 2 1 1869.95812169
4 32 8 0 1448.31977578
16 32 2 1 2729.81537858
4 32 32 1 1020.65783311
1 32 32 0 1341.27137637
32 32 16 1 1930.57998272
4 32 4 0 1601.4690376
16 32 16 1 1978.14237485
16 32 32 0 1767.10789957
32 32 32 0 1928.38745798
4 1 8 0 1124.40913781
16 32 32 1 1594.2446943
2 1 8 1 495.406766853
4 1 2 1 1279.77062725
4 1 16 1 1052.01729383
8 32 32 1 585.971598724
32 32 2 1 2894.89713196
32 32 16 0 1431.0882364
2 1 16 1 1104.97827949
32 32 1 1 3195.66804552
1 32 8 1 1730.20013178
4 1 1 1 1295.66361889
8 32 16 0 1812.65927207
32 16 4 1 3205.7912638
2 32 16 0 393.035027753
2 1 8 0 934.294532101
16 32 1 0 2603.80778731
8 1 32 0 1898.17222046
2 1 16 0 901.57838624
8 32 32 0 1755.5390271
1 32 2 1 1686.44483986
32 32 4 1 3011.48108058
2 1 32 1 989.64391894
8 32 8 1 1978.85173425
1 32 2 0 465.843755056
4 32 1 1 1424.20470423
4 1 2 0 1106.35617494
8 1 2 0 2035.67802621
8 1 1 1 1825.92551794
1 32 16 0 1605.2261819
1 32 1 0 1018.2338974
16 32 8 0 2603.59189057
4 1 16 0 1071.83355864
2 1 4 0 1055.58574937
1 1 2 0 765.766258704
1 32 1 1 1624.93467082
1 1 4 1 1338.05108892
32 32 32 1 756.339572591
2 1 4 1 1172.13351607
8 1 4 1 1980.42599405
2 32 8 1 958.15334636
8 1 8 1 1737.18334309
32 32 1 0 2895.11528501
1 32 8 0 849.746656912
16 1 1 0 2719.96006746
16 32 8 1 2482.23367532
16 32 16 0 2218.57726388
2 32 4 0 1235.66973747
2 32 2 0 1095.16090063
32 16 8 0 2725.35547407
16 32 2 0 2514.2716609
4 32 8 1 173.489573163
32 32 2 0 2974.90924184
2 32 32 0 984.0392126
4 1 4 1 1082.21226915
8 32 2 1 2167.32851038
32 16 16 1 1953.37651269
16 1 2 1 2122.38259469
1 1 16 0 1051.91152759
2 32 8 0 571.709648038
2 1 1 0 938.739907632
32 16 32 0 1776.40781052
1 1 2 1 257.796182864
8 32 2 0 2226.57692141
8 32 4 1 1962.4429578
16 32 4 1 2552.12535498
4 1 4 0 1112.55580022
8 32 1 1 1472.62954395
1 1 4 0 1076.49794185
1 1 8 1 1386.08094777
1 1 1 1 314.54230423
4 1 8 1 1099.58190316
2 1 2 0 962.184434465
4 1 1 0 1042.26140125
1 32 16 1 1728.89068619
1 1 32 1 201.271204898
1 1 8 0 1490.08754892
2 32 32 1 1121.82385882
4 1 32 1 1393.70089178
1 32 4 1 1747.38367169
32 16 4 0 2629.94934554
1 1 32 0 1314.80031098
2 1 2 1 532.289290956
2 32 1 1 1076.98748247
8 1 16 1 1909.34463211
4 32 32 0 1436.03379285
16 1 1 1 2650.02915748
32 32 8 1 2523.42166101
1 1 1 0 583.994958924
8 1 4 0 1720.40917063
8 32 1 0 2069.30865084
4 1 32 0 1335.1651744
32 16 32 1 1489.50589256
4 32 4 1 943.289757758
8 1 16 0 1602.61835921
2 1 32 0 868.825048235
4 32 16 1 447.533056626
8 32 4 0 2060.22167309
8 1 1 0 1945.40443549
1 32 4 0 963.291588497
16 32 4 0 2764.56522343
1 32 32 1 440.405504727
32 32 8 0 2919.03282948
8 32 16 1 1591.24230832
16 32 1 1 2496.29746878
32 1 8 0 2902.36573551
16 2 4 1 2054.26836863
1 4 2 0 1235.35699085
16 2 1 0 2244.46840699
16 4 8 0 453.295339933
8 4 8 0 1400.9766358
32 4 2 1 1255.43933622
8 4 16 1 1483.39312925
4 4 32 1 1069.36824704
16 1 32 1 2059.88508859
2 4 16 0 860.21353414
16 2 16 0 2150.70799835
32 1 4 0 2663.21830451
8 2 2 1 1622.04430758
4 2 32 0 1098.35953741
1 4 2 1 797.385311465
4 2 4 1 1156.24128088
16 2 4 0 2177.23713424
1 4 8 1 408.713675385
4 2 32 1 1246.83929417
16 1 8 1 2163.38338856
8 2 1 0 1515.65504264
4 4 1 1 961.856845795
4 4 32 0 1255.85170581
32 2 2 1 2369.08248063
16 2 32 0 1907.84340976
4 4 4 0 1124.65145589
1 2 2 0 409.512260621
2 4 1 1 235.15080265
16 1 32 0 2256.61390067
1 4 8 0 1361.09196773
32 2 32 0 2128.88323942
4 4 8 0 1101.53562917
2 2 1 0 973.82770104
2 2 4 0 1137.26655713
8 2 16 1 1512.16813429
16 1 4 1 2350.13795444
32 1 1 1 2588.2909763
1 4 1 0 1034.33555671
16 2 32 1 2043.99874529
32 2 32 1 2217.13132484
2 2 16 0 944.234323027
1 4 1 1 447.122298921
4 4 2 1 859.759051053
8 4 32 1 1699.84787895
32 1 2 0 2335.25528669
32 2 16 0 2375.51681582
8 4 8 1 1340.71242999
4 2 2 1 1092.90925713
8 2 8 0 1597.33461239
16 1 16 1 1853.39552096
16 2 8 1 1936.89739612
1 2 16 0 521.960008418
8 2 32 1 1513.03222636
2 4 4 1 804.183105059
2 4 32 1 706.549536317
4 4 1 0 1172.16302173
32 4 1 0 2659.49101743
32 4 4 1 2628.36020219
16 2 16 1 2245.21105497
1 2 32 0 1077.60800281
4 2 8 0 1238.47002907
32 4 1 1 2460.32548169
1 2 2 1 1391.831666
4 2 8 1 1164.8076111
32 2 2 0 2419.46115563
32 2 4 1 2650.91219267
1 2 4 0 655.747271486
16 1 2 0 2497.40679115
1 2 32 1 1146.23148532
16 4 16 0 1319.80768779
2 2 8 0 1017.30205639
2 2 32 1 737.976446851
1 2 4 1 1255.67989687
4 2 16 1 1241.60311487
2 2 8 1 1072.79057385
16 1 4 0 2744.46466396
16 4 4 0 1722.23951549
8 2 16 0 1410.58798799
8 2 1 1 1474.9214287
2 2 32 0 665.545028665
2 4 1 0 503.704916464
4 4 2 0 1128.64228272
1 2 8 0 810.402909595
32 1 32 1 2121.8447903
1 2 1 1 1000.29591373
32 1 1 0 2727.95795946
16 4 16 1 1991.17336373
8 4 16 0 1511.45520406
1 4 16 0 1284.00399931
8 2 2 0 1487.91124829
16 2 1 1 1769.77790255
16 4 8 1 1853.60354425
2 2 2 1 1039.36505782
32 1 16 1 2429.5650045
8 2 8 1 1281.98703389
2 2 4 1 1017.93697594
4 2 2 0 1382.85762587
8 4 2 0 1302.21822248
1 2 16 1 1453.014033
32 1 16 0 1944.93187516
4 4 8 1 1071.02513915
4 2 4 0 1266.52992844
2 4 2 0 725.739790574
16 4 2 1 1855.00089922
4 2 16 0 1306.02953074
2 2 2 0 834.445049982
32 2 4 0 2841.90434665
16 4 4 1 2218.89499827
32 2 8 1 2725.27693204
8 2 4 0 1610.44533725
1 2 8 1 891.166228661
32 1 32 0 2306.43525197
8 4 4 1 1412.28733237
2 2 16 1 954.230363159
32 2 8 0 2635.78848021
2 4 4 0 1097.07160957
2 4 8 0 344.203001617
8 4 2 1 1508.84310474
8 2 32 0 1427.81736079
32 1 2 1 3275.71153988
16 1 16 0 2303.22480216
16 4 32 0 1240.39004933
2 4 16 1 497.433305887
8 4 1 0 1657.97350521
16 2 2 0 2346.24015743
2 4 2 1 299.417202681
32 1 4 1 2571.91920481
16 2 8 0 1902.89545425
4 4 16 1 1186.93386215
16 4 2 0 2039.92955456
1 4 4 0 1385.80483278
32 2 1 0 2740.60241704
8 4 32 0 1559.83089663
8 4 1 1 1478.11056005
4 4 4 1 962.206844152
32 2 16 1 2699.96804533
4 4 16 0 972.464421308
1 4 16 1 452.352854576
1 4 32 1 670.730220557
8 2 4 1 1709.78256939
2 4 32 0 667.201639088
4 2 1 0 1008.52923032
4 2 1 1 1026.55619746
16 2 2 1 2299.33515737
16 4 32 1 1787.49194372
2 4 8 1 885.442403477
16 1 8 0 2544.46813532
16 4 1 1 1940.48817978
32 2 1 1 2249.56956656
1 4 4 1 1235.80024494
8 4 4 0 1546.01718972
1 2 1 0 1056.89478046
2 2 1 1 651.292419314
32 1 8 1 2916.78794234
32 4 2 0 2443.04164811
16 4 1 0 1869.89386796
4 16 1 1 1063.0879648
4 8 1 1 1036.00079065
4 8 8 0 1027.58075672
1 8 16 1 322.736883427
4 16 8 1 1027.81872732
2 8 16 1 743.467788454
4 16 32 1 1045.89575384
8 16 16 0 1405.46882554
16 8 4 0 2032.42391904
8 16 32 1 1559.83143321
1 8 8 1 901.493633035
1 16 16 0 1186.77042681
16 16 1 1 2139.03770898
32 4 32 0 2421.11182254
32 8 16 1 2545.47641739
4 16 16 0 954.820239093
32 8 2 0 2629.66460985
4 16 1 0 988.697121271
2 16 8 1 671.410333174
2 16 2 0 759.816721013
2 8 32 0 634.044179406
2 8 2 0 1020.78247819
16 16 16 1 2105.0885832
8 16 8 0 1559.4331908
4 8 32 0 1093.82104586
4 16 8 0 1111.11014404
4 16 2 1 1213.73871934
16 16 4 1 1988.65161343
1 16 1 0 663.030085448
2 8 32 1 723.811435651
1 16 2 1 945.468934685
8 8 4 0 1361.87307991
4 8 1 0 1055.03604382
16 8 4 1 1973.91695514
16 16 8 0 2068.05443666
32 4 4 0 2624.50518828
8 16 1 1 1513.05643292
2 16 2 1 894.587276938
1 8 2 0 1265.72986582
1 16 1 1 543.267192493
8 16 4 0 1429.42557901
32 8 2 1 2384.38878546
8 8 32 1 1426.24364977
4 8 2 0 1099.51121083
2 8 1 0 808.273519223
8 8 1 1 1229.84102244
16 8 2 1 1952.11263541
4 16 4 1 1244.0766995
8 16 32 0 1615.63854845
1 16 8 0 834.079392957
4 16 32 0 925.239564898
8 16 2 0 1400.31917306
1 8 4 0 1002.7790525
32 8 16 0 2563.52612184
8 8 16 0 1175.59635708
8 8 1 0 1476.6231722
32 8 4 1 2536.87455517
1 16 4 1 854.365365454
32 8 1 1 2608.52774568
2 8 4 0 720.132297013
4 8 32 1 1090.52454873
1 8 16 0 1207.61040685
4 16 2 0 1076.93465439
8 8 16 1 1467.84431114
4 16 4 0 1109.5233565
16 16 1 0 1979.34968329
1 8 4 1 679.940563826
1 16 4 0 1124.55353322
1 8 32 1 1112.46220013
2 16 4 1 776.063638411
16 8 32 0 1915.82137451
1 8 1 1 400.540674343
8 8 2 0 1527.08304269
1 8 2 1 1080.86391262
2 8 2 1 758.131787323
32 4 16 1 2154.10813143
8 16 1 0 1409.84928582
16 8 1 1 1910.21421959
1 8 32 0 1163.29336107
1 8 1 0 971.154133232
2 16 32 1 855.989765004
32 8 4 0 2513.98910628
8 8 8 1 1447.09320328
1 8 8 0 1265.00598807
1 16 2 0 239.246557303
2 16 16 1 618.640091647
16 8 2 0 2226.18353235
4 16 16 1 1031.29385561
32 8 8 1 2138.92284656
32 4 16 0 2374.0704139
4 8 4 1 1183.35488637
4 8 16 1 1089.22098939
8 8 8 0 1536.08475388
16 8 32 1 1514.99425236
32 8 1 0 2456.35557012
8 8 2 1 1451.56792118
16 16 2 1 1862.28994567
8 16 4 1 1537.59178767
2 8 4 1 766.841865044
16 8 16 0 1974.13156663
32 8 8 0 2476.05338865
2 16 8 0 747.803445292
16 8 8 1 2054.45227893
4 8 8 1 1006.68946596
1 16 16 1 930.845787956
32 8 32 1 1739.40659805
2 16 1 1 772.894006807
2 16 1 0 636.147475231
16 16 4 0 2236.43720544
2 8 16 0 735.321245001
1 16 8 1 386.161352273
16 16 16 0 1953.94063176
32 4 32 1 1955.9099519
4 8 16 0 1235.28842735
8 16 2 1 1408.66533213
2 8 1 1 931.690837661
2 8 8 0 781.583556586
2 16 4 0 792.247232038
32 8 32 0 2327.79701529
2 16 16 0 788.848187299
2 16 32 0 764.027140416
16 16 8 1 1754.75153084
4 8 4 0 1123.56178979
32 4 8 0 2676.22960043
1 16 32 1 379.636833922
8 8 32 0 1359.9892499
8 16 8 1 1575.85108637
16 8 8 0 2087.73907299
16 8 16 1 1987.14976097
16 16 2 0 1931.4011869
8 16 16 1 1570.82739719
4 8 2 1 1290.03143574
8 8 4 1 1269.40364895
16 8 1 0 1924.26005737
1 16 32 0 895.831053856
32 4 8 1 2668.17409022
2 8 8 1 724.244000383
4 32 8 0 1216.46517951
4 1 8 1 788.270841887
1 1 16 1 391.361120189
1 32 2 1 1216.53359235
2 1 16 0 835.325205601
16 32 32 1 1696.09569888
1 32 8 1 1176.54947662
2 1 4 1 868.423201461
32 1 1 0 2808.7020461
1 32 4 0 380.77608834
2 1 8 1 1064.13527735
32 1 16 1 2069.0567707
1 32 32 1 1110.56793893
32 16 32 1 2158.16113254
1 32 8 0 1255.85954591
16 32 2 0 1967.239131
2 32 16 1 1122.39672231
16 1 16 0 2253.81006881
32 1 8 0 2392.10416623
16 16 32 0 1770.07683857
1 32 1 0 316.413474029
16 1 4 1 2148.54338564
32 32 16 0 2389.8482846
8 32 8 1 1231.63393726
8 1 32 1 1428.84242808
8 32 1 0 1381.12044403
4 32 4 0 1003.28787208
4 1 2 1 736.749609156
32 16 1 1 2640.59519306
8 32 2 0 1467.92699323
16 1 4 0 2310.48207937
2 32 2 0 789.321241385
32 32 16 1 2264.7791317
8 1 2 1 950.002004311
8 32 8 0 1600.13135782
4 1 16 1 993.449475025
1 32 1 1 953.672341617
32 32 8 1 2193.9834571
32 32 2 1 2611.63389633
16 1 1 0 2385.10148164
8 1 1 0 1467.92528998
32 16 16 0 2038.16908608
32 16 4 0 2545.64179971
32 16 32 0 2264.58794884
32 16 8 1 2394.04889622
4 1 1 0 1169.23898848
32 16 1 0 2245.07924978
32 1 32 1 1543.90032885
1 1 1 1 337.68304193
1 32 16 0 304.542034496
16 1 16 1 1587.15982753
2 32 4 0 751.53310042
1 1 2 1 617.504419306
2 32 1 0 763.743653728
8 1 1 1 1771.27860515
32 32 4 0 2501.4079759
32 1 32 0 1414.71441844
8 32 16 1 1477.01695717
32 1 16 0 1707.13945969
16 1 8 1 2133.98840811
4 32 2 0 1144.07390685
32 32 2 0 2456.19978736
2 32 32 0 867.280074406
4 1 2 0 1200.174682
16 16 32 1 1951.54375767
32 1 1 1 3163.59777743
1 1 32 1 394.929915298
4 1 4 1 943.282263856
8 32 32 0 1585.29753549
2 32 8 1 808.748500527
16 32 32 0 1951.62498291
2 1 32 1 889.219530407
32 16 2 0 2084.27210077
2 1 8 0 901.681277669
16 32 2 1 1024.84569619
8 1 16 0 1597.73656082
4 32 1 1 1096.36203297
2 32 4 1 1035.81112007
16 1 32 0 1149.59807345
1 1 2 0 1074.89581714
32 32 4 1 2391.59179771
2 1 2 1 789.175632943
4 32 2 1 1136.70854974
8 32 2 1 1440.15606443
32 16 2 1 2629.90801897
32 16 8 0 2447.57482511
32 1 4 0 2796.20097147
32 32 1 1 2602.26244079
1 32 32 0 1051.13895495
1 32 16 1 1233.12367461
32 32 8 0 2446.37774151
4 32 1 0 1111.28334635
2 1 1 1 861.986125744
1 1 32 0 1078.21286181
4 1 1 1 1219.16187233
1 32 2 0 668.596067027
32 16 4 1 2390.88950802
32 32 32 1 1472.50696491
32 1 4 1 2795.37903928
8 1 8 1 1584.95411058
2 32 1 1 934.139881342
32 16 16 1 2511.40052519
4 1 32 1 1052.89430426
16 1 32 1 1482.53810811
8 1 16 1 1320.28683789
1 1 1 0 536.291386455
4 32 32 0 1085.97513999
4 1 32 0 1135.14389231
32 1 8 1 2272.76928036
8 1 8 0 1736.93802743
16 32 1 1 1805.68790404
16 32 1 0 2226.0804455
2 1 16 1 848.633134519
16 32 8 1 1812.2341529
16 1 2 1 1965.03926852
4 32 16 0 353.587070745
1 1 8 1 1326.95372725
4 1 16 0 1226.27933126
16 1 1 1 2446.05252126
16 32 16 0 2009.61959388
8 1 4 0 1756.40032311
2 32 16 0 788.781096259
4 32 16 1 1171.9002828
4 32 32 1 699.137262744
8 1 4 1 1457.80687989
1 1 4 0 1077.26181241
4 1 8 0 1113.44471241
8 32 4 0 1656.37850996
2 1 32 0 703.706856786
8 1 32 0 1450.61852385
16 32 16 1 1942.50910976
32 32 1 0 2413.18263219
2 32 2 1 513.313362146
4 32 8 1 1112.01419576
32 1 2 1 3205.14061074
32 32 32 0 1924.29848212
8 32 1 1 1389.955909
16 32 8 0 2213.26875642
1 1 8 0 1480.49592317
2 1 4 0 862.333606975
2 32 8 0 875.031301682
16 1 2 0 2239.46835475
1 1 16 0 1494.08440559
1 32 4 1 1248.27493919
2 32 32 1 632.727779258
16 1 8 0 1941.40549921
2 1 2 0 776.441651802
4 32 4 1 1044.78112281
8 32 4 1 1424.86957272
2 1 1 0 1153.08156214
8 1 2 0 1759.51659049
8 32 32 1 1406.19562414
1 1 4 1 428.021332461
4 1 4 0 876.360153208
32 1 2 0 2595.04568996
16 32 4 1 1874.94581714
16 32 4 0 1934.67677962
8 32 16 0 1053.87978472
4 4 32 1 1276.7220099
1 8 16 0 541.006575434
16 4 16 1 1971.90387349
1 4 1 1 595.822493128
4 2 32 0 1262.49576343
8 4 16 0 1850.82726115
4 4 2 0 1504.52723098
16 4 16 0 2306.91361211
1 8 32 1 652.565524693
16 2 16 0 1975.57813296
32 4 1 1 3665.90977826
2 4 2 1 974.896255585
32 4 32 1 1443.14023031
2 2 2 0 850.92627556
16 2 1 0 2388.64441767
4 2 8 0 1380.07927966
